0.003 -0.642726
0.004 -0.478371
0.005 0.0467801
0.006 0.272978
0.007 0.457347
0.008 0.532056
0.009 0.650636
0.01 0.658253
0.011 0.727899
0.012 0.790359
0.013 0.827591
0.014 0.926991
0.015 0.909861
0.016 0.956391
0.017 0.948917
0.018 0.973452
0.019 1.06866
0.02 1.02043
0.021 1.06054
0.022 1.11391
0.023 1.13888
0.024 1.14952
0.025 1.07647
0.026 1.07024
0.027 1.10693
0.028 1.16862
0.029 1.13821
0.03 1.16439
0.031 1.1758
0.032 1.15658
0.033 1.20617
0.034 1.21949
0.035 1.28193
0.036 1.21691
0.037 1.24468
0.038 1.26519
0.039 1.2207
0.04 1.27898
0.041 1.30745
0.042 1.32091
0.043 1.33004
0.044 1.30343
0.045 1.31308
0.046 1.3504
0.047 1.37395
0.048 1.34537
0.049 1.34656
0.05 1.40515
0.051 1.38429
0.052 1.39042
0.053 1.35043
0.054 1.37208
0.055 1.33943
0.056 1.39673
0.057 1.40729
0.058 1.3909
0.059 1.40402
0.06 1.38552
0.061 1.41457
0.062 1.36929
0.063 1.44737
0.064 1.38557
0.065 1.4128
0.066 1.40978
0.067 1.45615
0.068 1.4091
0.069 1.42768
0.07 1.44883
0.071 1.40137
0.072 1.45995
0.073 1.41269
0.074 1.43636
0.075 1.46275
0.076 1.46604
0.077 1.43395
0.078 1.43072
0.079 1.44442
0.08 1.44952
0.081 1.43326
0.082 1.44451
0.083 1.45054
0.084 1.41406
0.085 1.45256
0.086 1.42886
0.087 1.50659
0.088 1.48785
0.089 1.47318
0.09 1.45469
0.091 1.45866
0.092 1.45277
0.093 1.47282
0.094 1.46434
0.095 1.49772
0.096 1.42835
0.097 1.47107
0.098 1.45724
0.099 1.48462
0.1 1.47542
0.101 1.46914
0.102 1.42717
0.103 1.43186
0.104 1.45291
0.105 1.45734
0.106 1.46632
0.107 1.47073
0.108 1.4649
0.109 1.42545
0.11 1.43268
0.111 1.44689
0.112 1.4295
0.113 1.43731
0.114 1.48527
0.115 1.48267
0.116 1.46709
0.117 1.46746
0.118 1.47151
0.119 1.45549
0.12 1.42934
0.121 1.44025
0.122 1.46294
0.123 1.44196
0.124 1.45346
0.125 1.44979
0.126 1.43307
0.127 1.44944
0.128 1.44779
0.129 1.45946
0.13 1.46827
0.131 1.44728
0.132 1.47141
0.133 1.45518
0.134 1.45271
0.135 1.44235
0.136 1.48074
0.137 1.44986
0.138 1.48898
0.139 1.51647
0.14 1.48669
0.141 1.48238
0.142 1.45778
0.143 1.46087
0.144 1.46046
0.145 1.48505
0.146 1.49545
0.147 1.49558
0.148 1.53019
0.149 1.49351
0.15 1.50456
0.151 1.51842
0.152 1.48763
0.153 1.51152
0.154 1.51314
0.155 1.55047
0.156 1.50287
0.157 1.54639
0.158 1.53553
0.159 1.52475
0.16 1.49792
0.161 1.50018
0.162 1.451
0.163 1.4823
0.164 1.49756
0.165 1.49496
0.166 1.47903
0.167 1.47071
0.168 1.4583
0.169 1.49193
0.17 1.49221
0.171 1.49819
0.172 1.4592
0.173 1.4756
0.174 1.46409
0.175 1.44849
0.176 1.46362
0.177 1.47366
0.178 1.46319
0.179 1.45958
0.18 1.4491
0.181 1.46918
0.182 1.45186
0.183 1.42738
0.184 1.46053
0.185 1.46369
0.186 1.45459
0.187 1.45627
0.188 1.46553
0.189 1.46143
0.19 1.48149
0.191 1.45907
0.192 1.47398
0.193 1.45779
0.194 1.43344
0.195 1.41584
0.196 1.46671
0.197 1.42619
0.198 1.47789
0.199 1.43202
0.2 1.44163
0.201 1.40615
0.202 1.40249
0.203 1.3958
0.204 1.39267
0.205 1.4252
0.206 1.37536
0.207 1.46234
0.208 1.40642
0.209 1.42376
0.21 1.41245
0.211 1.41132
0.212 1.44093
0.213 1.40435
0.214 1.46132
0.215 1.36628
0.216 1.38311
0.217 1.43595
0.218 1.39962
0.219 1.39362
0.22 1.44449
0.221 1.44963
0.222 1.42035
0.223 1.41247
0.224 1.40979
0.225 1.39736
0.226 1.4097
0.227 1.40977
0.228 1.41698
0.229 1.41596
0.23 1.46078
0.231 1.42713
0.232 1.39545
0.233 1.41654
0.234 1.37378
0.235 1.4113
0.236 1.42846
0.237 1.41044
0.238 1.43362
0.239 1.42707
0.24 1.46408
0.241 1.39151
0.242 1.42473
0.243 1.40945
0.244 1.4409
0.245 1.42413
0.246 1.42447
0.247 1.41314
0.248 1.43704
0.249 1.4178
0.25 1.4145
0.251 1.43863
0.252 1.4028
0.253 1.38891
0.254 1.39333
0.255 1.40098
0.256 1.4391
0.257 1.43724
0.258 1.39961
0.259 1.46582
0.26 1.40827
0.261 1.39822
0.262 1.39326
0.263 1.43074
0.264 1.37302
0.265 1.43208
0.266 1.41088
0.267 1.47262
0.268 1.40707
0.269 1.4623
0.27 1.43465
0.271 1.39547
0.272 1.44005
0.273 1.4237
0.274 1.42568
0.275 1.41174
0.276 1.4788
0.277 1.42517
0.278 1.42862
0.279 1.42998
0.28 1.39482
0.281 1.44042
0.282 1.42937
0.283 1.42887
0.284 1.40753
0.285 1.39499
0.286 1.38478
0.287 1.43614
0.288 1.40039
0.289 1.45982
0.29 1.44007
0.291 1.47828
0.292 1.42781
0.293 1.46071
0.294 1.49523
0.295 1.41169
0.296 1.45467
0.297 1.45027
0.298 1.45975
0.299 1.41496
0.3 1.46402
0.301 1.46801
0.302 1.43411
0.303 1.46291
0.304 1.44736
0.305 1.43918
0.306 1.43669
0.307 1.44124
0.308 1.45123
0.309 1.47312
0.31 1.46102
0.311 1.45003
0.312 1.4616
0.313 1.47428
0.314 1.46938
0.315 1.51345
0.316 1.49132
0.317 1.50637
0.318 1.50258
0.319 1.46785
0.32 1.48858
0.321 1.43206
0.322 1.47576
0.323 1.45169
0.324 1.47735
0.325 1.43209
0.326 1.46176
0.327 1.47065
0.328 1.50537
0.329 1.44293
0.33 1.46216
0.331 1.46741
0.332 1.45577
0.333 1.45084
0.334 1.45788
0.335 1.43543
0.336 1.43063
0.337 1.46904
0.338 1.44471
0.339 1.44321
0.34 1.41571
0.341 1.44674
0.342 1.42116
0.343 1.44121
0.344 1.44557
0.345 1.45388
0.346 1.42292
0.347 1.40589
0.348 1.40753
0.349 1.40785
0.35 1.41385
0.351 1.41888
0.352 1.43175
0.353 1.43148
0.354 1.3883
0.355 1.38922
0.356 1.36691
0.357 1.36694
0.358 1.40337
0.359 1.34214
0.36 1.37812
0.361 1.39519
0.362 1.39975
0.363 1.37896
0.364 1.35149
0.365 1.38786
0.366 1.37275
0.367 1.43444
0.368 1.39028
0.369 1.39037
0.37 1.35402
0.371 1.3277
0.372 1.37591
0.373 1.35828
0.374 1.35638
0.375 1.37712
0.376 1.37789
0.377 1.39174
0.378 1.3287
0.379 1.33749
0.38 1.34627
0.381 1.34366
0.382 1.36306
0.383 1.33951
0.384 1.33924
0.385 1.3369
0.386 1.36292
0.387 1.33408
0.388 1.33896
0.389 1.33541
0.39 1.35624
0.391 1.31101
0.392 1.2865
0.393 1.33655
0.394 1.28392
0.395 1.29801
0.396 1.28859
0.397 1.31526
0.398 1.31213
0.399 1.2909
0.4 1.26279
0.401 1.32407
0.402 1.27355
0.403 1.26226
0.404 1.28893
0.405 1.30132
0.406 1.29221
0.407 1.31489
0.408 1.31521
0.409 1.30141
0.41 1.26345
0.411 1.30847
0.412 1.26233
0.413 1.29723
0.414 1.30351
0.415 1.26191
0.416 1.27077
0.417 1.30362
0.418 1.29902
0.419 1.28733
0.42 1.32093
0.421 1.23494
0.422 1.24542
0.423 1.26446
0.424 1.27194
0.425 1.25526
0.426 1.26473
0.427 1.28573
0.428 1.26088
0.429 1.22265
0.43 1.33585
0.431 1.21857
0.432 1.26146
0.433 1.28052
0.434 1.25333
0.435 1.29374
0.436 1.30616
0.437 1.29205
0.438 1.31543
0.439 1.2458
0.44 1.32287
0.441 1.28909
0.442 1.30423
0.443 1.25066
0.444 1.25641
0.445 1.27476
0.446 1.25059
0.447 1.27072
0.448 1.2915
0.449 1.18993
0.45 1.29032
0.451 1.2669
0.452 1.27122
0.453 1.28036
0.454 1.26074
0.455 1.29801
0.456 1.26586
0.457 1.2921
0.458 1.25779
0.459 1.28805
0.46 1.27159
0.461 1.29749
0.462 1.26615
0.463 1.28651
0.464 1.21936
0.465 1.29411
0.466 1.25964
0.467 1.27293
0.468 1.25377
0.469 1.28972
0.47 1.32162
0.471 1.23743
0.472 1.29289
0.473 1.24789
0.474 1.23691
0.475 1.27868
0.476 1.25734
0.477 1.30825
0.478 1.27666
0.479 1.28532
0.48 1.22402
0.481 1.30215
0.482 1.29164
0.483 1.25919
0.484 1.25132
0.485 1.25525
0.486 1.28224
0.487 1.29947
0.488 1.2601
0.489 1.23827
0.49 1.28339
0.491 1.2578
0.492 1.27664
0.493 1.31649
0.494 1.3029
0.495 1.27538
0.496 1.30072
0.497 1.30399
0.498 1.24268
0.499 1.2496
0.5 1.25707
0.501 1.21887
0.502 1.26762
0.503 1.26083
0.504 1.19954
0.505 1.24464
0.506 1.23525
0.507 1.22136
0.508 1.27044
0.509 1.24274
0.51 1.23058
0.511 1.26054
0.512 1.34599
0.513 1.27276
0.514 1.25898
0.515 1.25215
0.516 1.23056
0.517 1.257
0.518 1.2562
0.519 1.21248
0.52 1.19224
0.521 1.22081
0.522 1.20086
0.523 1.25407
0.524 1.23916
0.525 1.18812
0.526 1.19989
0.527 1.20493
0.528 1.16607
0.529 1.17619
0.53 1.17754
0.531 1.17241
0.532 1.1542
0.533 1.1713
0.534 1.12068
0.535 1.18888
0.536 1.08254
0.537 1.16445
0.538 1.13055
0.539 1.10526
0.54 1.12185
0.541 1.07177
0.542 1.10248
0.543 1.12671
0.544 1.13898
0.545 1.09617
0.546 1.06737
0.547 1.08971
0.548 1.15905
0.549 1.12609
0.55 1.12799
0.551 1.0813
0.552 1.10962
0.553 1.13654
0.554 1.14097
0.555 1.10988
0.556 1.09809
0.557 1.07722
0.558 1.04893
0.559 1.10388
0.56 1.11518
0.561 1.16547
0.562 1.13064
0.563 1.11428
0.564 1.11092
0.565 1.13453
0.566 1.11913
0.567 1.09591
0.568 1.13453
0.569 1.07369
0.57 1.05002
0.571 1.15545
0.572 1.11535
0.573 1.10762
0.574 1.13829
0.575 1.10496
0.576 1.09094
0.577 1.147
0.578 1.12286
0.579 1.16526
0.58 1.13329
0.581 1.09365
0.582 1.13708
0.583 1.09264
0.584 1.07362
0.585 1.17152
0.586 1.0882
0.587 1.09729
0.588 1.15771
0.589 1.10541
0.59 1.06925
0.591 1.11392
0.592 1.11226
0.593 1.13744
0.594 1.1352
0.595 1.11921
0.596 1.12976
0.597 1.14867
0.598 1.14339
0.599 1.08219
0.6 1.0811
0.601 1.12565
0.602 1.09763
0.603 1.13587
0.604 1.10115
0.605 1.0903
0.606 1.14503
0.607 1.14545
0.608 1.15097
0.609 1.12298
0.61 1.11236
0.611 1.13154
0.612 1.10467
0.613 1.10326
0.614 1.10807
0.615 1.14431
0.616 1.1323
0.617 1.13112
0.618 1.08906
0.619 1.15098
0.62 1.12282
0.621 1.12757
0.622 1.11129
0.623 1.17063
0.624 1.12472
0.625 1.10471
0.626 1.08887
0.627 1.14052
0.628 1.14196
0.629 1.18698
0.63 1.14138
0.631 1.07961
0.632 1.13886
0.633 1.09767
0.634 1.09369
0.635 1.12758
0.636 1.06966
0.637 1.15222
0.638 1.10954
0.639 1.09451
0.64 1.14154
0.641 1.15905
0.642 1.13707
0.643 1.1257
0.644 1.14659
0.645 1.08793
0.646 1.16076
0.647 1.13375
0.648 1.10939
0.649 1.16809
0.65 1.15355
0.651 1.0656
0.652 1.15847
0.653 1.11456
0.654 1.17265
0.655 1.12608
0.656 1.12247
0.657 1.14135
0.658 1.09367
0.659 1.10161
0.66 1.13979
0.661 1.16883
0.662 1.14715
0.663 1.10336
0.664 1.11816
0.665 1.09615
0.666 1.08825
0.667 1.11297
0.668 1.10365
0.669 1.06185
0.67 1.1318
0.671 1.08792
0.672 1.07705
0.673 1.12641
0.674 1.1222
0.675 1.07259
0.676 1.06923
0.677 1.10533
0.678 1.09829
0.679 1.09799
0.68 1.10729
0.681 1.06359
0.682 1.10396
0.683 1.0902
0.684 1.09702
0.685 1.12393
0.686 1.09545
0.687 1.08089
0.688 1.1175
0.689 1.11537
0.69 1.12341
0.691 1.12657
0.692 1.09504
0.693 1.03862
0.694 1.06272
0.695 1.06255
0.696 1.10795
0.697 1.1477
0.698 1.07597
0.699 1.07122
0.7 1.07034
0.701 0.999152
0.702 1.09866
0.703 1.11358
0.704 1.10574
0.705 1.10311
0.706 1.12019
0.707 1.07737
0.708 1.05877
0.709 1.08017
0.71 1.03479
0.711 1.08922
0.712 1.05077
0.713 1.11902
0.714 1.08914
0.715 1.07333
0.716 1.08133
0.717 1.04822
0.718 1.09135
0.719 1.12159
0.72 1.01832
0.721 1.07504
0.722 1.05047
0.723 1.02766
0.724 1.06849
0.725 1.07466
0.726 1.04635
0.727 1.03371
0.728 1.07678
0.729 1.01738
0.73 1.08143
0.731 1.02958
0.732 1.04301
0.733 1.05603
0.734 1.04795
0.735 1.02259
0.736 1.0756
0.737 1.08195
0.738 1.03199
0.739 1.02824
0.74 1.05756
0.741 1.05986
0.742 1.05777
0.743 1.0261
0.744 1.04612
0.745 1.03871
0.746 1.05577
0.747 1.08383
0.748 1.05059
0.749 1.03292
0.75 1.02272
0.751 1.06069
0.752 1.02076
0.753 1.01421
0.754 1.02597
0.755 1.02665
0.756 1.04692
0.757 1.02953
0.758 1.05235
0.759 1.04149
0.76 0.98188
0.761 1.01919
0.762 1.03083
0.763 0.99664
0.764 0.998631
0.765 1.0624
0.766 1.03607
0.767 1.03577
0.768 1.01102
0.769 1.0494
0.77 1.02599
0.771 1.01
0.772 0.994588
0.773 1.01859
0.774 1.02035
0.775 1.05565
0.776 0.985853
0.777 1.04752
0.778 1.08572
0.779 1.05494
0.78 1.02981
0.781 0.944199
0.782 1.0337
0.783 1.04404
0.784 1.01645
0.785 1.00722
0.786 1.02511
0.787 1.01065
0.788 0.987509
0.789 1.01914
0.79 1.00886
0.791 0.971882
0.792 0.95351
0.793 0.955593
0.794 1.02692
0.795 1.01535
0.796 0.939041
0.797 0.928582
0.798 0.953163
0.799 0.979372
0.8 0.971303
0.801 0.939887
0.802 0.9534
0.803 0.920599
0.804 0.893983
0.805 0.988832
0.806 0.981943
0.807 0.953219
0.808 0.860077
0.809 0.924984
0.81 0.904648
0.811 0.915568
0.812 0.938401
0.813 0.905539
0.814 0.939296
0.815 0.885124
0.816 0.890672
0.817 0.94441
0.818 0.934396
0.819 0.875575
0.82 0.854958
0.821 0.85835
0.822 0.831846
0.823 0.82565
0.824 0.836452
0.825 0.850401
0.826 0.789112
0.827 0.803777
0.828 0.784811
0.829 0.819071
0.83 0.809619
0.831 0.75334
0.832 0.806346
0.833 0.770401
0.834 0.73758
0.835 0.746251
0.836 0.777756
0.837 0.73816
0.838 0.715588
0.839 0.732831
0.84 0.71638
0.841 0.761214
0.842 0.682981
0.843 0.69812
0.844 0.690139
0.845 0.727273
0.846 0.655353
0.847 0.610894
0.848 0.68237
0.849 0.576709
0.85 0.66661
0.851 0.584232
0.852 0.569165
0.853 0.567942
0.854 0.602406
0.855 0.582298
0.856 0.580298
0.857 0.571965
0.858 0.570439
0.859 0.603713
0.86 0.560594
0.861 0.551204
0.862 0.50834
0.863 0.507962
0.864 0.498897
0.865 0.506364
0.866 0.474401
0.867 0.457408
0.868 0.483908
0.869 0.486714
0.87 0.438547
0.871 0.512205
0.872 0.480988
0.873 0.413724
0.874 0.406108
0.875 0.506043
0.876 0.44007
0.877 0.416396
0.878 0.364186
0.879 0.368738
0.88 0.416208
0.881 0.385562
0.882 0.439467
0.883 0.32878
0.884 0.423162
0.885 0.251866
0.886 0.39093
0.887 0.342637
0.888 0.379688
0.889 0.356331
0.89 0.298699
0.891 0.382646
0.892 0.339103
0.893 0.217701
0.894 0.355983
0.895 0.273496
0.896 0.229235
0.897 0.181156
0.898 0.178159
0.899 0.276666
0.9 0.303451
0.901 0.223137
0.902 0.217048
0.903 0.180087
0.904 0.144892
0.905 0.201128
0.906 0.168201
0.907 0.188399
0.908 0.215503
0.909 0.190804
0.91 0.198751
0.911 0.139689
0.912 0.18376
0.913 0.166347
0.914 0.101323
0.915 0.244157
0.916 0.0799362
0.917 0.0613902
0.918 0.124432
0.919 0.03225
0.92 0.12072
0.921 -0.0211137
0.922 0.031645
0.923 0.0438467
0.924 0.154138
0.925 0.0415702
0.926 0.039183
0.927 -0.0348273
0.928 0.00297247
0.929 0.0569358
0.93 -0.0995527
0.931 -0.116422
0.932 -0.125093
0.933 -0.168463
0.934 -0.0536243
0.935 -0.138708
0.936 -0.202484
0.937 -0.0547018
0.938 -0.15553
0.939 -0.0844499
0.94 -0.124377
0.941 -0.224683
0.942 -0.271833
0.943 -0.256788
0.944 -0.237014
0.945 -0.174343
0.946 -0.0137845
0.947 -0.129814
0.948 -0.109041
0.949 -0.195808
0.95 -0.212608
0.951 -0.132437
0.952 -0.173612
0.953 -0.11868
0.954 -0.207211
0.955 -0.25206
0.956 -0.186058
0.957 -0.21919
0.958 -0.141045
0.959 -0.179845
0.96 -0.267016
0.961 -0.297465
0.962 -0.126624
0.963 -0.405118
0.964 -0.0864151
0.965 -0.259821
0.966 -0.371172
0.967 -0.168758
0.968 -0.274616
0.969 -0.117559
0.97 -0.263889
0.971 -0.401708
0.972 -0.246271
0.973 -0.291898
0.974 -0.356533
0.975 -0.189206
0.976 -0.291538
0.977 -0.283661
0.978 -0.490068
0.979 -0.198614
0.98 -0.280652
0.981 -0.389341
0.982 -0.371915
0.983 -0.336307
0.984 -0.386677
0.985 -0.287219
0.986 -0.451851
0.987 -0.563462
0.988 -0.425205
0.989 -0.269547
0.99 -0.2891
0.991 -0.400378
0.992 -0.37725
0.993 -0.542084
0.994 -0.521069
0.995 -0.364335
0.996 -0.351397
0.997 -0.432895
0.998 -0.493863
0.999 -0.495307
1 -0.570632
1.001 -0.376644
1.002 -0.48908
1.003 -0.677249
1.004 -0.531715
1.005 -0.57564
1.006 -0.527249
1.007 -0.682951
1.008 -0.744491
1.009 -0.467211
1.01 -0.302047
1.011 -0.530547
1.012 -0.71557
1.013 -0.694545
1.014 -0.51032
1.015 -0.641119
1.016 -0.482664
1.017 -0.710157
1.018 -0.690931
1.019 -0.579075
1.02 -0.560491
1.021 -0.966472
1.022 -0.797202
1.023 -0.489828
1.024 -0.493789
1.025 -0.457117
1.026 -0.603143
1.027 -0.832722
1.028 -0.75719
1.029 -0.664057
1.03 -0.550351
1.031 -0.827888
1.032 -0.692017
1.033 -0.732661
1.034 -0.695083
1.035 -0.693405
1.036 -0.90809
1.037 -0.79041
1.038 -1.08253
1.039 -0.502335
1.04 -0.796432
1.041 -0.896938
1.042 -1.07338
1.043 -1.06678
1.044 -1.04603
1.045 -0.717754
1.046 -0.627011
1.047 -0.567009
1.048 -1.07033
1.049 -1.03155
1.05 -1.12077
1.051 -1.3119
1.052 -1.1335
1.053 -0.529224
1.054 -0.881667
1.055 -0.8917
1.056 -0.827035
1.057 -1.27832
1.058 -0.572236
1.059 -1.20751
1.06 -1.12811
1.061 -1.47182
1.062 -1.19734
1.063 -1.13036
1.064 -0.677296
1.065 -0.769065
1.066 -0.931132
1.067 -1.13282
1.068 -0.7572
1.069 -1.05121
1.07 -0.95022
1.071 -0.969964
1.072 -0.830566
1.073 -0.851437
1.074 -1.10048
1.075 -0.846582
1.076 -0.779864
1.077 -1.18613
1.078 -0.917459
1.079 -0.664976
1.08 -0.909309
1.081 -0.97425
1.082 -1.20891
1.083 -0.837208
1.084 -1.2782
1.085 -1.79298
1.086 -0.91789
1.087 -0.93767
1.088 -1.02295
1.089 -1.47103
1.09 -0.742116
1.091 -1.46626
1.092 -1.1058
1.093 -1.31897
1.094 -1.08566
1.095 -0.834295
1.096 -1.21538
1.097 -1.22403
1.098 -0.959482
1.099 -0.641398
1.1 -1.5515
1.101 -1.12353
1.102 -1.87151
1.103 -1.18919
1.104 -1.08873
1.105 -1.42666
1.106 -1.18094
1.107 -0.780948
1.108 -1.96047
1.109 -1.23462
1.11 -1.71813
1.111 -2.30711
1.112 -1.73858
1.113 -2.08394
1.114 -1.16041
1.115 -0.983275
1.116 -0.97531
1.117 -1.03955
1.118 -1.15874
1.119 -1.18612
1.12 -1.25921
1.121 -1.63853
1.122 -1.17939
1.123 -1.14146
1.124 -1.43516
1.125 -1.71506
1.126 -1.06587
1.127 -0.924371
1.128 -1.9448
1.129 -1.41852
1.13 -2.44969
1.131 -1.5896
1.132 -1.23228
1.133 -1.07539
1.134 -1.2475
1.135 -1.37341
1.136 -1.53394
1.137 -1.3374
1.138 -1.96359
1.139 -1.40329
1.14 -2.13754
1.141 -2.18354
1.142 -1.06959
1.143 -1.4387
1.144 -1.11074
1.145 -1.80016
1.146 -1.16513
1.147 -2.09641
1.148 -1.62774
1.149 -1.53308
1.15 -2.17428
1.151 -2.29322
1.152 -2.82186
1.153 -2.06302
1.154 -1.90574
1.155 -0.870266
1.156 -1.2495
1.157 -1.56213
1.158 -2.62199
1.159 -0.913123
1.16 -1.07974
1.161 -1.04529
1.162 -2.80509
1.163 -1.61884
1.164 -1.11126
1.165 -1.66213
1.166 -2.04363
1.167 -0.863993
1.168 -1.69446
1.169 -1.16527
1.17 -3.3469
1.171 -1.96901
1.172 -1.53136
1.173 -1.14053
1.174 -0.92543
1.175 -1.28473
1.176 -2.06738
1.177 -0.941314
1.178 -1.03682
1.179 -2.86259
1.18 -1.88781
1.181 -1.60428
1.182 -0.971389
1.183 -2.09992
1.184 -1.41861
1.185 -1.52465
1.186 -2.92078
1.187 -1.20433
1.188 -1.93917
1.189 -1.14829
1.19 -1.63186
1.191 -1.5267
1.192 -2.65771
1.193 -1.18395
1.194 -1.17191
1.195 -1.57687
1.196 -1.18565
1.197 -1.82524
1.198 -1.40573
1.199 -0.976359
1.2 -1.4856
1.201 -1.89817
1.202 -2.53973
1.203 -1.45872
1.204 -0.895577
1.205 -1.4234
1.206 -2.45063
1.207 -3.45986
1.208 -2.18028
1.209 -2.27067
1.21 -2.12891
1.211 -0.955042
1.212 -1.66238
1.213 -2.78783
1.215 -1.50507
1.216 -3.98004
1.217 -2.37835
1.218 -1.31519
1.219 -3.66333
1.22 -1.28319
1.221 -2.07811
1.222 -2.40349
1.223 -2.6381
1.224 -2.58655
1.225 -2.13861
1.226 -1.19246
1.227 -2.80845
1.228 -2.15431
1.229 -1.50655
1.23 -2.85817
1.231 -1.4058
1.232 -1.91067
1.233 -2.54645
1.234 -2.92001
1.235 -1.29433
1.236 -1.59659
1.237 -1.3317
1.239 -1.21313
1.24 -1.3313
1.241 -3.52105
1.242 -1.78205
1.243 -1.17808
1.244 -3.95667
1.246 -1.76813
1.248 -1.12868
1.249 -2.7448
1.251 -2.34847
1.252 -2.05556
1.253 -2.14083
1.254 -1.23368
1.255 -2.6393
1.256 -1.4642
1.257 -0.65956
1.258 -1.46584
1.259 -2.61603
1.26 -2.5074
1.261 -1.64319
1.262 -1.52878
1.263 -1.71154
1.264 -1.41157
1.265 -2.95287
1.266 -2.22183
1.267 -3.37954
1.268 -2.91733
1.269 -4.14143
1.271 -0.98292
1.272 -2.57437
1.273 -2.89805
1.274 -2.82695
1.276 -1.23363
1.277 -1.81617
1.278 -3.5739
1.279 -1.40896
1.28 -1.21504
1.281 -3.66741
1.283 -1.4326
1.284 -2.10519
1.285 -1.20438
1.286 -1.4891
1.288 -2.06936
1.289 -0.936574
1.29 -1.07036
1.291 -1.32714
1.292 -2.68457
1.293 -1.89859
1.294 -0.980271
1.295 -1.58837
1.296 -1.63141
1.297 -1.49085
1.298 -1.48542
1.3 -0.726565
1.302 -3.72199
1.304 -2.72646
1.305 -1.39769
1.306 -1.6313
1.307 -3.5064
1.308 -2.79945
1.31 -2.4624
1.311 -1.60601
1.315 -2.55905
1.318 -1.55005
1.323 -0.932704
1.324 -2.00922
1.325 -1.31186
1.326 -2.79573
1.327 -1.47119
1.328 -2.12555
1.329 -1.15953
1.332 -2.32586
1.335 -1.50619
1.336 -3.07313
1.337 -3.64724
1.339 -1.52473
1.34 -1.31814
1.341 -2.06222
1.342 -1.4074
1.344 -2.5037
1.346 -1.22809
1.35 -2.4727
1.352 -2.50138
1.353 -1.20273
1.354 -1.36293
1.355 -2.68535
1.358 -1.80971
1.359 -2.19436
1.36 -1.23914
1.361 -2.19165
1.362 -2.29902
1.363 -1.61371
1.365 -3.31286
1.368 -1.09794
1.371 -2.45061
1.372 -1.07493
1.378 -2.3168
1.381 -1.76121
1.382 -1.29337
1.383 -1.923
1.386 -1.61416
1.391 -2.00508
1.393 -2.06016
1.396 -2.55664
1.399 -3.09343
1.4 -1.79421
1.402 -2.51277
1.406 -1.48673
1.407 -3.6019
1.409 -3.56051
1.413 -2.05356
1.414 -1.58833
1.417 -1.73181
1.419 -1.62387
1.42 -3.97786
1.422 -2.21519
1.423 -1.80406
1.426 -2.55548
1.428 -2.80154
1.43 -1.3529
1.431 -2.00515
1.432 -1.6457
1.433 -1.18184
1.434 -2.65941
1.436 -1.15955
1.437 -1.29757
1.438 -1.45815
1.445 -1.64933
1.45 -2.45829
1.453 -1.52924
1.454 -3.76042
1.458 -1.70162
1.468 -2.94781
1.47 -1.46386
1.477 -1.90832
1.478 -1.24609
1.481 -1.36671
1.488 -1.4934
1.494 -2.01341
1.495 -3.13548
1.496 -3.02228
1.499 -1.83062
1.502 -1.45687
1.503 -2.40755
1.512 -2.27309
1.514 -2.00742
1.522 -1.78946
1.523 -1.75134
1.524 -2.22879
1.531 -1.73881
1.532 -1.42012
1.534 -1.71418
1.535 -1.99984
1.541 -2.78477
1.546 -1.59897
1.552 -1.7783
1.553 -3.56331
1.555 -1.43756
1.564 -2.21748
1.566 -1.80261
1.569 -3.06078
1.581 -1.25983
1.586 -1.38125
1.587 -3.49659
1.603 -1.22341
1.604 -2.80845
1.611 -1.61319
1.613 -1.10369
1.622 -3.59803
1.624 -2.28429
1.626 -2.66797
1.628 -1.70169
1.631 -1.79408
1.634 -1.21793
1.638 -2.2072
1.644 -1.45196
1.647 -1.96299
1.66 -3.07567
1.663 -3.54283
1.667 -2.49874
1.669 -1.00152
1.674 -1.46759
1.685 -3.15571
1.689 -1.80076
1.692 -3.1317
1.694 -1.931
1.7 -1.12192
1.711 -1.30898
1.716 -1.6722
1.717 -0.930094
1.729 -2.43836
1.734 -2.42873
1.752 -1.60909
1.758 -2.46345
1.775 -2.16648
1.779 -2.05648
1.78 -1.52513
1.806 -3.00335
1.838 -2.5428
1.878 -1.87415
1.88 -1.83075
1.887 -1.48224
1.929 -2.7351
1.934 -3.0742
1.965 -2.31323
1.982 -1.47034
1.988 -2.21017
1.995 -1.94528
1.998 -1.88175
2.018 -0.917201
2.048 -1.32613
2.093 -2.29601
2.097 -1.39859
2.1 -1.52106
2.11 -1.70177
2.115 -1.10378
2.206 -1.32258
2.217 -1.37113
2.263 -1.32474
2.329 -1.25649
2.435 -1.25744
2.625 -2.01151
2.63 -2.20924
2.681 -1.71308
2.792 -1.62754
2.856 -1.45915
3.096 -1.46938
3.417 -1.20287
3.531 -1.44183
3.782 -1.34441
3.954 -1.87844
 
 
0.003 -0.935406
0.004 -0.147278
0.005 -0.0698622
0.006 0.402197
0.007 0.501954
0.008 0.5038
0.009 0.716546
0.01 0.715041
0.011 0.843623
0.012 0.812731
0.013 0.745347
0.014 0.819242
0.015 0.819046
0.016 0.801226
0.017 0.919709
0.018 0.918825
0.019 0.959299
0.02 1.06111
0.021 0.947424
0.022 1.02393
0.023 1.09052
0.024 1.11304
0.025 1.07497
0.026 1.19007
0.027 1.0422
0.028 1.12075
0.029 1.12726
0.03 1.12953
0.031 1.20096
0.032 1.16075
0.033 1.16975
0.034 1.21077
0.035 1.17673
0.036 1.22521
0.037 1.20678
0.038 1.20216
0.039 1.26473
0.04 1.25489
0.041 1.23459
0.042 1.21441
0.043 1.26142
0.044 1.31974
0.045 1.28515
0.046 1.2489
0.047 1.30468
0.048 1.27297
0.049 1.3076
0.05 1.31405
0.051 1.27821
0.052 1.33121
0.053 1.31877
0.054 1.29342
0.055 1.33892
0.056 1.36601
0.057 1.34696
0.058 1.34979
0.059 1.38625
0.06 1.36806
0.061 1.35061
0.062 1.39052
0.063 1.34963
0.064 1.40514
0.065 1.40678
0.066 1.38036
0.067 1.40032
0.068 1.41277
0.069 1.39163
0.07 1.39492
0.071 1.42399
0.072 1.43014
0.073 1.39135
0.074 1.41923
0.075 1.38965
0.076 1.41141
0.077 1.381
0.078 1.4213
0.079 1.43504
0.08 1.42261
0.081 1.42792
0.082 1.39404
0.083 1.38561
0.084 1.39325
0.085 1.44931
0.086 1.38923
0.087 1.42273
0.088 1.41344
0.089 1.43488
0.09 1.4598
0.091 1.44779
0.092 1.41544
0.093 1.4608
0.094 1.43859
0.095 1.42831
0.096 1.3962
0.097 1.39397
0.098 1.41746
0.099 1.40957
0.1 1.45223
0.101 1.47219
0.102 1.42602
0.103 1.41671
0.104 1.31945
0.105 1.43338
0.106 1.43966
0.107 1.42853
0.108 1.47187
0.109 1.42674
0.11 1.43617
0.111 1.40939
0.112 1.4075
0.113 1.44116
0.114 1.41444
0.115 1.42646
0.116 1.4211
0.117 1.45387
0.118 1.35979
0.119 1.44539
0.12 1.40488
0.121 1.43577
0.122 1.40727
0.123 1.44471
0.124 1.44026
0.125 1.44098
0.126 1.43948
0.127 1.40955
0.128 1.42253
0.129 1.4527
0.13 1.42572
0.131 1.44999
0.132 1.4598
0.133 1.39582
0.134 1.44214
0.135 1.38757
0.136 1.38814
0.137 1.42231
0.138 1.45627
0.139 1.44845
0.14 1.45297
0.141 1.41369
0.142 1.43733
0.143 1.44862
0.144 1.45615
0.145 1.48171
0.146 1.44863
0.147 1.47971
0.148 1.46956
0.149 1.46053
0.15 1.46554
0.151 1.49225
0.152 1.50342
0.153 1.49679
0.154 1.46588
0.155 1.51158
0.156 1.51615
0.157 1.47943
0.158 1.48544
0.159 1.46154
0.16 1.48523
0.161 1.4763
0.162 1.46564
0.163 1.45879
0.164 1.45886
0.165 1.39597
0.166 1.44955
0.167 1.46735
0.168 1.4692
0.169 1.50553
0.17 1.46779
0.171 1.42872
0.172 1.42527
0.173 1.43475
0.174 1.477
0.175 1.43043
0.176 1.44567
0.177 1.41025
0.178 1.43096
0.179 1.43279
0.18 1.44686
0.181 1.43328
0.182 1.43497
0.183 1.44848
0.184 1.44832
0.185 1.45666
0.186 1.42176
0.187 1.38368
0.188 1.4261
0.189 1.40108
0.19 1.4198
0.191 1.38935
0.192 1.38082
0.193 1.43742
0.194 1.43184
0.195 1.39099
0.196 1.44252
0.197 1.48704
0.198 1.39881
0.199 1.42828
0.2 1.41384
0.201 1.43863
0.202 1.4301
0.203 1.43865
0.204 1.37855
0.205 1.36584
0.206 1.35434
0.207 1.44569
0.208 1.41492
0.209 1.38706
0.21 1.31935
0.211 1.4051
0.212 1.36658
0.213 1.39506
0.214 1.42394
0.215 1.3559
0.216 1.42845
0.217 1.41393
0.218 1.42631
0.219 1.39799
0.22 1.43509
0.221 1.39119
0.222 1.37139
0.223 1.39393
0.224 1.38777
0.225 1.41332
0.226 1.38173
0.227 1.3732
0.228 1.37964
0.229 1.40193
0.23 1.38742
0.231 1.34226
0.232 1.39043
0.233 1.40792
0.234 1.38105
0.235 1.38297
0.236 1.3891
0.237 1.34907
0.238 1.43652
0.239 1.38417
0.24 1.37925
0.241 1.40738
0.242 1.38802
0.243 1.40406
0.244 1.36902
0.245 1.32586
0.246 1.39059
0.247 1.38262
0.248 1.39371
0.249 1.35323
0.25 1.34053
0.251 1.39282
0.252 1.385
0.253 1.38766
0.254 1.33764
0.255 1.41085
0.256 1.43755
0.257 1.38917
0.258 1.37777
0.259 1.40198
0.26 1.41286
0.261 1.38791
0.262 1.35569
0.263 1.42086
0.264 1.40816
0.265 1.39491
0.266 1.37105
0.267 1.41391
0.268 1.3871
0.269 1.37377
0.27 1.36577
0.271 1.39106
0.272 1.39272
0.273 1.39165
0.274 1.4001
0.275 1.42327
0.276 1.36183
0.277 1.42937
0.278 1.37329
0.279 1.35461
0.28 1.40575
0.281 1.38376
0.282 1.41607
0.283 1.40062
0.284 1.39259
0.285 1.41634
0.286 1.37953
0.287 1.39521
0.288 1.41301
0.289 1.42327
0.29 1.41965
0.291 1.42352
0.292 1.41168
0.293 1.42123
0.294 1.40893
0.295 1.43049
0.296 1.40967
0.297 1.43978
0.298 1.43845
0.299 1.41928
0.3 1.39941
0.301 1.38526
0.302 1.39735
0.303 1.44271
0.304 1.4496
0.305 1.4195
0.306 1.39939
0.307 1.39726
0.308 1.41943
0.309 1.46387
0.31 1.43893
0.311 1.43448
0.312 1.44372
0.313 1.4898
0.314 1.46582
0.315 1.45819
0.316 1.46053
0.317 1.51033
0.318 1.46648
0.319 1.45975
0.32 1.47276
0.321 1.42524
0.322 1.44737
0.323 1.45248
0.324 1.45275
0.325 1.45968
0.326 1.43174
0.327 1.44073
0.328 1.40541
0.329 1.4322
0.33 1.44185
0.331 1.43621
0.332 1.40153
0.333 1.42702
0.334 1.45516
0.335 1.41314
0.336 1.42857
0.337 1.4002
0.338 1.3879
0.339 1.42065
0.34 1.40356
0.341 1.40813
0.342 1.43215
0.343 1.40503
0.344 1.38386
0.345 1.376
0.346 1.38403
0.347 1.41362
0.348 1.38757
0.349 1.42209
0.35 1.39606
0.351 1.39846
0.352 1.33406
0.353 1.38791
0.354 1.363
0.355 1.32462
0.356 1.36305
0.357 1.35986
0.358 1.35424
0.359 1.30979
0.36 1.36859
0.361 1.34992
0.362 1.32264
0.363 1.3862
0.364 1.36978
0.365 1.34069
0.366 1.32225
0.367 1.36631
0.368 1.39966
0.369 1.40243
0.37 1.38758
0.371 1.37809
0.372 1.32751
0.373 1.31505
0.374 1.31023
0.375 1.31407
0.376 1.30411
0.377 1.34606
0.378 1.34024
0.379 1.33351
0.38 1.30228
0.381 1.32825
0.382 1.3135
0.383 1.3467
0.384 1.31528
0.385 1.32784
0.386 1.28749
0.387 1.3281
0.388 1.28327
0.389 1.27499
0.39 1.32128
0.391 1.28823
0.392 1.29942
0.393 1.27696
0.394 1.27049
0.395 1.27834
0.396 1.2768
0.397 1.27951
0.398 1.26501
0.399 1.32383
0.4 1.2415
0.401 1.21926
0.402 1.25553
0.403 1.19526
0.404 1.25311
0.405 1.26139
0.406 1.23534
0.407 1.26614
0.408 1.26647
0.409 1.24561
0.41 1.29055
0.411 1.276
0.412 1.24765
0.413 1.26876
0.414 1.25956
0.415 1.27232
0.416 1.17907
0.417 1.27303
0.418 1.23728
0.419 1.3276
0.42 1.22461
0.421 1.24457
0.422 1.23613
0.423 1.24633
0.424 1.26065
0.425 1.24733
0.426 1.20472
0.427 1.22691
0.428 1.25412
0.429 1.25764
0.43 1.24953
0.431 1.19669
0.432 1.25412
0.433 1.26204
0.434 1.25211
0.435 1.26136
0.436 1.23359
0.437 1.24591
0.438 1.20614
0.439 1.25636
0.44 1.18101
0.441 1.23877
0.442 1.23339
0.443 1.25474
0.444 1.2725
0.445 1.2557
0.446 1.21869
0.447 1.2407
0.448 1.24276
0.449 1.24366
0.45 1.24215
0.451 1.26801
0.452 1.2165
0.453 1.25669
0.454 1.27135
0.455 1.25148
0.456 1.24233
0.457 1.26937
0.458 1.23668
0.459 1.22384
0.46 1.25874
0.461 1.22501
0.462 1.26765
0.463 1.24916
0.464 1.22473
0.465 1.27693
0.466 1.19434
0.467 1.22887
0.468 1.24008
0.469 1.2322
0.47 1.30263
0.471 1.23683
0.472 1.24089
0.473 1.20172
0.474 1.21984
0.475 1.24522
0.476 1.21539
0.477 1.22116
0.478 1.16148
0.479 1.26579
0.48 1.27338
0.481 1.26609
0.482 1.24463
0.483 1.22227
0.484 1.20195
0.485 1.26725
0.486 1.23602
0.487 1.28988
0.488 1.21364
0.489 1.20536
0.49 1.23036
0.491 1.21834
0.492 1.16684
0.493 1.21051
0.494 1.20337
0.495 1.24822
0.496 1.22107
0.497 1.19706
0.498 1.24155
0.499 1.24606
0.5 1.20265
0.501 1.23719
0.502 1.2411
0.503 1.21706
0.504 1.21934
0.505 1.22139
0.506 1.19858
0.507 1.23526
0.508 1.24774
0.509 1.21005
0.51 1.2123
0.511 1.22195
0.512 1.22113
0.513 1.25414
0.514 1.24903
0.515 1.20769
0.516 1.176
0.517 1.25239
0.518 1.19521
0.519 1.22325
0.52 1.23863
0.521 1.17822
0.522 1.20711
0.523 1.15195
0.524 1.199
0.525 1.1631
0.526 1.15202
0.527 1.09649
0.528 1.12463
0.529 1.14397
0.53 1.12735
0.531 1.1242
0.532 1.09531
0.533 1.10137
0.534 1.15885
0.535 1.05193
0.536 1.08766
0.537 1.10667
0.538 1.05772
0.539 1.03837
0.54 1.08847
0.541 1.0634
0.542 1.10828
0.543 1.07141
0.544 1.04701
0.545 1.08535
0.546 1.02155
0.547 1.09585
0.548 1.08935
0.549 1.11334
0.55 1.11667
0.551 1.13654
0.552 1.07574
0.553 1.09185
0.554 1.06434
0.555 1.07
0.556 1.08907
0.557 1.06363
0.558 1.04117
0.559 1.07466
0.56 1.05917
0.561 1.02856
0.562 1.0703
0.563 1.08943
0.564 1.10128
0.565 1.07337
0.566 1.07691
0.567 1.08161
0.568 1.06138
0.569 1.09406
0.57 0.988455
0.571 1.07395
0.572 1.05063
0.573 1.07231
0.574 1.00899
0.575 1.03835
0.576 1.09478
0.577 1.04585
0.578 1.09677
0.579 1.07543
0.58 1.04881
0.581 1.09779
0.582 1.07215
0.583 1.05562
0.584 1.09009
0.585 1.08426
0.586 1.05485
0.587 1.09738
0.588 1.02782
0.589 1.07621
0.59 1.05819
0.591 1.12374
0.592 1.0873
0.593 1.06758
0.594 1.03975
0.595 1.08377
0.596 1.1326
0.597 1.11063
0.598 1.10101
0.599 1.07991
0.6 1.06388
0.601 1.14876
0.602 1.06874
0.603 1.08494
0.604 1.0751
0.605 1.0597
0.606 1.09665
0.607 1.02802
0.608 1.17491
0.609 1.1441
0.61 1.0535
0.611 1.07513
0.612 1.09532
0.613 1.10135
0.614 1.05995
0.615 1.07006
0.616 1.09137
0.617 1.10584
0.618 1.08264
0.619 1.09923
0.62 1.1172
0.621 1.02824
0.622 1.0583
0.623 1.05177
0.624 1.09796
0.625 1.04348
0.626 1.09743
0.627 1.07578
0.628 1.07853
0.629 1.09843
0.63 1.04773
0.631 1.10015
0.632 1.07821
0.633 1.05747
0.634 1.08167
0.635 1.07917
0.636 1.10086
0.637 1.04627
0.638 1.06762
0.639 1.12481
0.64 1.0659
0.641 1.06248
0.642 1.03908
0.643 1.08056
0.644 1.11202
0.645 1.10523
0.646 1.08095
0.647 1.14913
0.648 1.10488
0.649 1.02663
0.65 1.12846
0.651 1.06231
0.652 1.04857
0.653 1.07726
0.654 1.07775
0.655 1.07509
0.656 1.07912
0.657 1.04129
0.658 1.08368
0.659 1.04524
0.66 1.09073
0.661 1.0523
0.662 1.07792
0.663 1.12505
0.664 1.03553
0.665 1.05056
0.666 1.05525
0.667 1.12876
0.668 1.05537
0.669 1.07843
0.67 1.09327
0.671 1.12892
0.672 1.0985
0.673 1.06744
0.674 1.01428
0.675 1.03907
0.676 1.08844
0.677 1.01473
0.678 1.06866
0.679 1.13199
0.68 1.07181
0.681 1.04351
0.682 1.07255
0.683 1.04625
0.684 1.06291
0.685 1.0766
0.686 1.07047
0.687 1.05074
0.688 1.10224
0.689 1.10392
0.69 1.08307
0.691 1.09093
0.692 1.00953
0.693 1.06448
0.694 1.04034
0.695 1.05373
0.696 1.05653
0.697 1.10272
0.698 1.03347
0.699 1.02948
0.7 1.05305
0.701 1.02283
0.702 0.982008
0.703 1.0963
0.704 1.06511
0.705 1.09298
0.706 0.984094
0.707 1.05473
0.708 1.03005
0.709 1.03812
0.71 1.06252
0.711 1.05641
0.712 0.991718
0.713 1.00014
0.714 1.00824
0.715 1.03105
0.716 1.06096
0.717 1.04615
0.718 1.01461
0.719 1.02171
0.72 0.997287
0.721 0.995013
0.722 0.995958
0.723 1.05177
0.724 0.975693
0.725 1.02712
0.726 0.988213
0.727 0.991432
0.728 1.02035
0.729 1.00381
0.73 1.02338
0.731 0.988998
0.732 1.00188
0.733 1.00568
0.734 1.00871
0.735 1.01162
0.736 1.04586
0.737 1.0282
0.738 1.01752
0.739 0.987258
0.74 0.954865
0.741 1.05215
0.742 0.957237
0.743 0.985165
0.744 0.945984
0.745 0.977929
0.746 1.01058
0.747 0.982078
0.748 1.02659
0.749 0.976459
0.75 1.01574
0.751 0.998693
0.752 0.970297
0.753 0.963964
0.754 0.970219
0.755 0.997304
0.756 0.959111
0.757 1.02634
0.758 0.985757
0.759 0.981119
0.76 1.03938
0.761 0.96522
0.762 1.03194
0.763 0.96625
0.764 0.944988
0.765 0.989168
0.766 1.00286
0.767 0.967527
0.768 0.906188
0.769 0.917453
0.77 1.03748
0.771 0.969248
0.772 1.01172
0.773 0.964507
0.774 0.995021
0.775 1.04999
0.776 0.990231
0.777 0.974163
0.778 0.954901
0.779 0.949049
0.78 0.985964
0.781 0.981499
0.782 0.945614
0.783 0.988099
0.784 0.97553
0.785 0.960945
0.786 0.917511
0.787 0.923948
0.788 0.922036
0.789 0.927709
0.79 0.971301
0.791 0.976174
0.792 0.946055
0.793 0.897585
0.794 0.94846
0.795 0.902813
0.796 0.900593
0.797 0.924914
0.798 0.936615
0.799 0.915771
0.8 0.858753
0.801 0.886822
0.802 0.865642
0.803 0.921686
0.804 0.965543
0.805 0.895688
0.806 0.900626
0.807 0.874654
0.808 0.875936
0.809 0.869042
0.81 0.873618
0.811 0.902541
0.812 0.855136
0.813 0.856948
0.814 0.777534
0.815 0.801123
0.816 0.811314
0.817 0.837614
0.818 0.832422
0.819 0.843348
0.82 0.747965
0.821 0.76465
0.822 0.836851
0.823 0.806395
0.824 0.774549
0.825 0.759865
0.826 0.774369
0.827 0.774759
0.828 0.759568
0.829 0.756606
0.83 0.662178
0.831 0.730251
0.832 0.70963
0.833 0.648763
0.834 0.642141
0.835 0.670638
0.836 0.647575
0.837 0.687291
0.838 0.692021
0.839 0.618715
0.84 0.683725
0.841 0.647457
0.842 0.627972
0.843 0.605185
0.844 0.673541
0.845 0.603353
0.846 0.625247
0.847 0.496663
0.848 0.478832
0.849 0.569414
0.85 0.570953
0.851 0.48445
0.852 0.497712
0.853 0.469461
0.854 0.533345
0.855 0.511825
0.856 0.488858
0.857 0.460064
0.858 0.394159
0.859 0.451579
0.86 0.434604
0.861 0.418712
0.862 0.412151
0.863 0.465544
0.864 0.407875
0.865 0.382249
0.866 0.45103
0.867 0.423495
0.868 0.446922
0.869 0.343474
0.87 0.411835
0.871 0.405175
0.872 0.301432
0.873 0.249106
0.874 0.378885
0.875 0.250302
0.876 0.281815
0.877 0.386018
0.878 0.290134
0.879 0.365474
0.88 0.267545
0.881 0.206427
0.882 0.236957
0.883 0.27006
0.884 0.323943
0.885 0.237874
0.886 0.173724
0.887 0.135565
0.888 0.191949
0.889 0.0998831
0.89 0.245326
0.891 0.119939
0.892 0.170335
0.893 0.095604
0.894 0.0134869
0.895 0.127392
0.896 0.0144987
0.897 0.0143399
0.898 0.132884
0.899 0.179844
0.9 0.129583
0.901 0.0474311
0.902 0.0429871
0.903 0.115971
0.904 0.183092
0.905 0.0968755
0.906 0.132027
0.907 0.111067
0.908 0.123856
0.909 -0.0130244
0.91 -0.00993514
0.911 0.0552208
0.912 -0.020887
0.913 0.0247433
0.914 -0.0599122
0.915 0.0619922
0.916 0.0581735
0.917 0.084494
0.918 -0.0888496
0.919 0.00836969
0.92 -0.0575816
0.921 -0.022722
0.922 -0.132816
0.923 0.0634015
0.924 -0.0797753
0.925 -0.108552
0.926 -0.0600416
0.927 -0.0316064
0.928 -0.0650372
0.929 -0.0258358
0.93 -0.157349
0.931 -0.332086
0.932 -0.33939
0.933 -0.100303
0.934 -0.241819
0.935 -0.137708
0.936 -0.201531
0.937 -0.10135
0.938 -0.212315
0.939 -0.17508
0.94 -0.0885198
0.941 -0.268158
0.942 -0.298918
0.943 -0.273432
0.944 -0.32456
0.945 -0.290583
0.946 -0.278767
0.947 -0.273278
0.948 -0.125036
0.949 -0.183932
0.95 -0.247606
0.951 -0.142214
0.952 -0.301765
0.953 -0.0515786
0.954 -0.258349
0.955 -0.175391
0.956 -0.214162
0.957 -0.179458
0.958 -0.16603
0.959 -0.230455
0.96 -0.227901
0.961 -0.264743
0.962 -0.235273
0.963 -0.207183
0.964 -0.330821
0.965 -0.231072
0.966 -0.194231
0.967 -0.189857
0.968 -0.403091
0.969 -0.289353
0.97 -0.212042
0.971 -0.219462
0.972 -0.346634
0.973 -0.248123
0.974 -0.599595
0.975 -0.253792
0.976 -0.250796
0.977 -0.47913
0.978 -0.310238
0.979 -0.422971
0.98 -0.3901
0.981 -0.3409
0.982 -0.507241
0.983 -0.226569
0.984 -0.395337
0.985 -0.412099
0.986 -0.228254
0.987 -0.298599
0.988 -0.299889
0.989 -0.514596
0.99 -0.513843
0.991 -0.439293
0.992 -0.402887
0.993 -0.450163
0.994 -0.338797
0.995 -0.542652
0.996 -0.504192
0.997 -0.62997
0.998 -0.413536
0.999 -0.426217
1 -0.32557
1.001 -0.389583
1.002 -0.485352
1.003 -0.509462
1.004 -0.593264
1.005 -0.516357
1.006 -0.650731
1.007 -0.421063
1.008 -0.612885
1.009 -0.721288
1.01 -0.735324
1.011 -0.443431
1.012 -0.714691
1.013 -0.882993
1.014 -0.75946
1.015 -0.434446
1.016 -0.687701
1.017 -0.649664
1.018 -0.753791
1.019 -0.563458
1.02 -0.651986
1.021 -0.886688
1.022 -0.808967
1.023 -0.832495
1.024 -0.534997
1.025 -0.850344
1.026 -0.622761
1.027 -0.829713
1.028 -1.06116
1.029 -0.664604
1.03 -0.874513
1.031 -1.15293
1.032 -0.49648
1.033 -0.829623
1.034 -1.18249
1.035 -0.762332
1.036 -0.815323
1.037 -1.09806
1.038 -1.29372
1.039 -1.19383
1.04 -0.857849
1.041 -1.13599
1.042 -0.892158
1.043 -0.833949
1.044 -1.10799
1.045 -1.10152
1.046 -0.873878
1.047 -0.980084
1.048 -1.10356
1.049 -0.6046
1.05 -0.852629
1.051 -0.568555
1.052 -0.884374
1.053 -0.960413
1.054 -1.23584
1.055 -0.871151
1.056 -1.05568
1.057 -0.906617
1.058 -0.88981
1.059 -0.769451
1.06 -0.948136
1.061 -1.07099
1.062 -0.779255
1.063 -1.47706
1.064 -1.30639
1.065 -1.27256
1.066 -0.84983
1.067 -0.786779
1.068 -0.754697
1.069 -1.20977
1.07 -1.02046
1.071 -0.977312
1.072 -1.10954
1.073 -1.23654
1.074 -0.669484
1.075 -1.28619
1.076 -1.37195
1.077 -0.915459
1.078 -1.0212
1.079 -1.02209
1.08 -0.993148
1.081 -0.989717
1.082 -1.28503
1.083 -1.45941
1.084 -0.946201
1.085 -1.32302
1.086 -1.52124
1.087 -1.15439
1.088 -1.17985
1.089 -1.148
1.09 -0.834667
1.091 -1.55335
1.092 -1.02823
1.093 -1.3134
1.094 -1.12224
1.095 -0.96209
1.096 -1.41924
1.097 -1.11491
1.098 -1.44481
1.099 -1.17494
1.1 -1.36932
1.101 -1.07067
1.102 -1.02532
1.103 -1.01942
1.104 -1.27064
1.105 -1.58669
1.106 -1.52868
1.107 -1.97132
1.108 -1.36455
1.109 -0.69656
1.11 -1.80756
1.111 -0.840717
1.112 -1.20965
1.113 -1.28033
1.114 -1.52509
1.115 -1.33856
1.116 -1.33067
1.117 -1.49703
1.118 -0.714228
1.119 -0.847412
1.12 -1.89121
1.121 -1.49956
1.122 -1.44851
1.123 -1.95652
1.124 -1.02554
1.125 -0.988513
1.126 -1.32411
1.127 -2.28056
1.128 -1.45622
1.129 -1.32251
1.13 -0.71635
1.131 -0.845409
1.132 -1.20946
1.133 -2.46949
1.134 -1.28546
1.135 -1.33227
1.136 -1.39907
1.137 -1.03657
1.138 -1.54601
1.139 -1.2688
1.14 -1.45163
1.141 -1.72709
1.142 -2.04366
1.143 -1.01088
1.144 -2.99613
1.145 -1.10346
1.146 -2.20601
1.147 -1.13639
1.148 -1.25544
1.149 -2.07644
1.15 -1.62408
1.151 -1.50734
1.152 -1.51001
1.153 -2.18757
1.154 -1.36838
1.155 -1.60094
1.156 -1.66165
1.157 -1.18591
1.158 -1.75582
1.159 -1.29241
1.16 -1.62689
1.161 -1.66209
1.162 -3.48963
1.163 -3.57867
1.164 -1.64306
1.165 -2.79628
1.166 -1.13649
1.167 -1.97824
1.168 -2.38933
1.169 -2.5269
1.17 -1.22492
1.171 -1.22419
1.172 -2.73194
1.173 -2.53195
1.174 -1.02089
1.175 -0.916126
1.176 -3.14884
1.177 -1.66547
1.178 -1.81766
1.179 -0.838038
1.18 -0.924277
1.181 -1.59122
1.182 -1.79764
1.183 -1.60681
1.184 -1.9666
1.185 -1.78985
1.186 -1.72887
1.187 -0.79832
1.188 -2.22714
1.189 -2.64773
1.19 -1.09869
1.191 -1.01674
1.192 -0.972708
1.193 -1.34376
1.195 -2.26187
1.196 -2.69716
1.197 -2.80219
1.198 -1.84012
1.199 -1.77811
1.2 -1.15796
1.201 -1.54128
1.202 -3.69015
1.203 -3.15381
1.204 -1.72872
1.205 -3.73193
1.207 -1.41505
1.208 -2.00208
1.209 -2.66234
1.212 -2.23323
1.213 -2.39478
1.214 -2.09763
1.215 -3.43784
1.216 -3.67568
1.217 -2.16694
1.218 -2.34521
1.219 -3.95409
1.22 -2.65588
1.221 -1.4638
1.222 -1.45996
1.223 -3.77408
1.224 -1.39697
1.225 -1.45714
1.226 -2.46058
1.227 -1.34061
1.228 -1.20027
1.229 -2.01661
1.23 -1.48489
1.233 -2.95297
1.235 -1.62754
1.236 -0.980039
1.237 -1.33898
1.238 -2.56768
1.239 -1.29429
1.24 -1.20038
1.241 -2.07345
1.242 -3.95667
1.243 -2.62887
1.245 -1.63075
1.246 -1.7498
1.247 -1.50667
1.249 -3.19679
1.25 -1.74349
1.251 -1.63665
1.252 -2.53197
1.253 -1.8932
1.254 -1.42828
1.255 -2.95532
1.256 -1.13016
1.257 -1.39669
1.258 -1.54159
1.259 -2.84086
1.26 -3.22945
1.261 -2.46456
1.262 -1.82
1.264 -3.36077
1.265 -1.49751
1.266 -1.46324
1.269 -2.53066
1.27 -1.51148
1.271 -1.56164
1.273 -2.12785
1.274 -1.48197
1.275 -0.982145
1.276 -1.60349
1.277 -1.47595
1.278 -1.5214
1.279 -1.71998
1.28 -1.47003
1.282 -1.79107
1.283 -1.59635
1.284 -1.13623
1.285 -1.38786
1.286 -3.44517
1.287 -1.50281
1.288 -2.08949
1.289 -0.970919
1.29 -1.99746
1.292 -1.68333
1.293 -1.71466
1.296 -1.91167
1.297 -3.49693
1.298 -3.62161
1.299 -1.80573
1.301 -1.25639
1.302 -1.86181
1.305 -2.36929
1.306 -2.12318
1.307 -2.56552
1.308 -1.54005
1.31 -2.84342
1.312 -0.987152
1.313 -1.89612
1.315 -2.65322
1.316 -1.19127
1.318 -1.91987
1.32 -1.31406
1.324 -1.76969
1.325 -1.09436
1.326 -2.3182
1.327 -1.9885
1.329 -2.766
1.33 -1.72359
1.331 -2.72695
1.333 -3.85441
1.335 -2.79356
1.336 -2.90813
1.337 -2.37241
1.338 -2.60966
1.341 -1.00735
1.342 -1.72103
1.343 -3.45485
1.349 -1.71105
1.352 -1.72285
1.356 -3.6717
1.359 -1.08858
1.36 -1.13114
1.364 -1.35316
1.365 -1.13133
1.368 -1.59038
1.37 -2.18898
1.372 -1.19264
1.378 -2.6615
1.379 -1.0346
1.38 -1.15866
1.381 -1.69261
1.383 -2.69995
1.384 -1.99827
1.386 -2.78773
1.39 -1.22119
1.393 -1.621
1.398 -1.97809
1.399 -2.27823
1.4 -1.7481
1.401 -1.80302
1.407 -1.44826
1.413 -2.32568
1.414 -1.70676
1.415 -3.70833
1.416 -1.28275
1.417 -2.11384
1.421 -2.19577
1.431 -1.68172
1.433 -2.24927
1.434 -1.54625
1.441 -2.72614
1.443 -3.03093
1.447 -1.6472
1.454 -2.91512
1.459 -2.64332
1.462 -3.24976
1.471 -2.48965
1.475 -3.39946
1.477 -1.83561
1.479 -3.10668
1.483 -1.34663
1.486 -1.75057
1.495 -1.84647
1.497 -1.94662
1.499 -1.54369
1.501 -1.4536
1.504 -3.66071
1.505 -3.07144
1.506 -1.16235
1.508 -1.0533
1.512 -2.76391
1.513 -1.42994
1.514 -1.29514
1.526 -1.21024
1.528 -2.55899
1.529 -1.59742
1.53 -2.32545
1.541 -1.531
1.546 -1.6291
1.548 -1.71052
1.552 -1.02724
1.557 -1.55233
1.57 -1.39846
1.588 -1.93868
1.592 -1.94245
1.595 -2.94923
1.603 -3.68795
1.604 -2.78186
1.606 -1.7178
1.61 -1.57234
1.622 -1.8668
1.633 -1.35965
1.635 -1.32435
1.647 -3.27794
1.649 -1.97848
1.654 -1.20796
1.666 -1.64319
1.668 -1.46295
1.67 -2.84238
1.672 -2.30906
1.674 -1.36671
1.687 -1.3959
1.688 -1.19768
1.701 -1.57692
1.712 -1.60812
1.722 -2.27144
1.728 -1.93376
1.741 -2.01795
1.745 -1.85724
1.765 -1.44978
1.769 -2.33001
1.771 -1.60812
1.778 -1.69176
1.809 -1.57858
1.827 -1.77686
1.833 -1.58355
1.849 -1.56089
1.865 -1.48034
1.906 -1.95835
1.935 -1.86797
1.944 -1.51487
1.956 -1.93536
2.022 -2.24068
2.025 -1.84779
2.043 -3.77053
2.05 -3.06893
2.086 -3.32374
2.089 -1.41531
2.138 -2.49877
2.159 -1.24106
2.216 -1.52004
2.217 -3.49763
2.282 -2.71967
2.297 -3.64262
2.383 -1.77905
2.454 -1.40386
2.617 -1.20335
2.699 -1.8275
2.808 -1.41613
3.473 -1.83344
