0.003 0.453635
0.004 0.965401
0.005 1.27047
0.006 1.45411
0.007 1.5281
0.008 1.7122
0.009 1.77554
0.01 1.86141
0.011 1.9484
0.012 2.04698
0.013 2.0874
0.014 2.1492
0.015 2.21221
0.016 2.25483
0.017 2.31342
0.018 2.33375
0.019 2.39568
0.02 2.44811
0.021 2.4793
0.022 2.51149
0.023 2.54703
0.024 2.56463
0.025 2.59411
0.026 2.62011
0.027 2.64057
0.028 2.66209
0.029 2.68415
0.03 2.67573
0.031 2.68927
0.032 2.70321
0.033 2.71297
0.034 2.7248
0.035 2.73252
0.036 2.74278
0.037 2.75247
0.038 2.76048
0.039 2.76074
0.04 2.75836
0.041 2.75625
0.042 2.75753
0.043 2.76214
0.044 2.76254
0.045 2.76866
0.046 2.77304
0.047 2.77039
0.048 2.78324
0.049 2.79103
0.05 2.78929
0.051 2.78462
0.052 2.77587
0.053 2.77199
0.054 2.76224
0.055 2.75901
0.056 2.7488
0.057 2.7565
0.058 2.75658
0.059 2.74919
0.06 2.74642
0.061 2.74712
0.062 2.73989
0.063 2.7406
0.064 2.75303
0.065 2.75028
0.066 2.75912
0.067 2.75658
0.068 2.74562
0.069 2.74235
0.07 2.73881
0.071 2.73867
0.072 2.73999
0.073 2.73033
0.074 2.73385
0.075 2.72383
0.076 2.72461
0.077 2.71941
0.078 2.71215
0.079 2.70092
0.08 2.6939
0.081 2.69787
0.082 2.68379
0.083 2.68619
0.084 2.68743
0.085 2.69906
0.086 2.69626
0.087 2.6959
0.088 2.7158
0.089 2.73412
0.09 2.73352
0.091 2.73367
0.092 2.72275
0.093 2.71664
0.094 2.7117
0.095 2.69435
0.096 2.69879
0.097 2.69262
0.098 2.67377
0.099 2.6718
0.1 2.67272
0.101 2.6795
0.102 2.66469
0.103 2.65494
0.104 2.66449
0.105 2.64853
0.106 2.64156
0.107 2.65003
0.108 2.64626
0.109 2.63836
0.11 2.63705
0.111 2.62432
0.112 2.62047
0.113 2.61789
0.114 2.60985
0.115 2.60214
0.116 2.59225
0.117 2.5854
0.118 2.57871
0.119 2.57367
0.12 2.58359
0.121 2.57583
0.122 2.55793
0.123 2.56137
0.124 2.5589
0.125 2.55627
0.126 2.55246
0.127 2.53675
0.128 2.54494
0.129 2.52867
0.13 2.52857
0.131 2.54154
0.132 2.53666
0.133 2.54051
0.134 2.53137
0.135 2.53035
0.136 2.52988
0.137 2.53987
0.138 2.54265
0.139 2.53137
0.14 2.53369
0.141 2.53912
0.142 2.53833
0.143 2.5513
0.144 2.55168
0.145 2.56198
0.146 2.56926
0.147 2.57901
0.148 2.58699
0.149 2.59432
0.15 2.59953
0.151 2.60813
0.152 2.60267
0.153 2.61882
0.154 2.61971
0.155 2.64055
0.156 2.65545
0.157 2.65496
0.158 2.64983
0.159 2.64369
0.16 2.62963
0.161 2.60453
0.162 2.59188
0.163 2.58161
0.164 2.5653
0.165 2.56231
0.166 2.5466
0.167 2.54519
0.168 2.5214
0.169 2.50769
0.17 2.5042
0.171 2.51282
0.172 2.48849
0.173 2.49029
0.174 2.48084
0.175 2.47512
0.176 2.46026
0.177 2.45506
0.178 2.44609
0.179 2.44373
0.18 2.44276
0.181 2.43244
0.182 2.4255
0.183 2.41452
0.184 2.41065
0.185 2.38933
0.186 2.38684
0.187 2.37649
0.188 2.38295
0.189 2.39167
0.19 2.36772
0.191 2.3747
0.192 2.36308
0.193 2.35794
0.194 2.35572
0.195 2.35662
0.196 2.35476
0.197 2.3631
0.198 2.34416
0.199 2.35459
0.2 2.3326
0.201 2.32703
0.202 2.32557
0.203 2.31504
0.204 2.3208
0.205 2.31915
0.206 2.32866
0.207 2.32517
0.208 2.32964
0.209 2.31516
0.21 2.30655
0.211 2.32178
0.212 2.29816
0.213 2.31544
0.214 2.31902
0.215 2.3001
0.216 2.31793
0.217 2.30292
0.218 2.31652
0.219 2.31876
0.22 2.31976
0.221 2.32007
0.222 2.30397
0.223 2.29924
0.224 2.31233
0.225 2.28778
0.226 2.30679
0.227 2.31422
0.228 2.32904
0.229 2.31934
0.23 2.34084
0.231 2.33691
0.232 2.33505
0.233 2.34012
0.234 2.31644
0.235 2.34049
0.236 2.33939
0.237 2.34561
0.238 2.33966
0.239 2.34112
0.24 2.34126
0.241 2.3437
0.242 2.33988
0.243 2.34406
0.244 2.34511
0.245 2.35433
0.246 2.34462
0.247 2.34654
0.248 2.34331
0.249 2.35468
0.25 2.34623
0.251 2.35308
0.252 2.35204
0.253 2.358
0.254 2.36303
0.255 2.34534
0.256 2.35326
0.257 2.34248
0.258 2.36284
0.259 2.34568
0.26 2.34253
0.261 2.33786
0.262 2.34843
0.263 2.34136
0.264 2.34327
0.265 2.34577
0.266 2.3494
0.267 2.36024
0.268 2.33959
0.269 2.35567
0.27 2.3417
0.271 2.34706
0.272 2.33617
0.273 2.33041
0.274 2.33854
0.275 2.33022
0.276 2.32266
0.277 2.32568
0.278 2.3202
0.279 2.31968
0.28 2.31913
0.281 2.33021
0.282 2.29621
0.283 2.31345
0.284 2.30551
0.285 2.3272
0.286 2.31526
0.287 2.31804
0.288 2.317
0.289 2.29796
0.29 2.30882
0.291 2.2824
0.292 2.28342
0.293 2.28548
0.294 2.289
0.295 2.2853
0.296 2.26664
0.297 2.27597
0.298 2.28153
0.299 2.26538
0.3 2.27854
0.301 2.24822
0.302 2.25421
0.303 2.27154
0.304 2.26743
0.305 2.26377
0.306 2.26287
0.307 2.27373
0.308 2.26862
0.309 2.2671
0.31 2.25158
0.311 2.23922
0.312 2.23348
0.313 2.22724
0.314 2.22403
0.315 2.22465
0.316 2.2327
0.317 2.23633
0.318 2.20428
0.319 2.19919
0.32 2.21482
0.321 2.19727
0.322 2.20582
0.323 2.20763
0.324 2.19858
0.325 2.21083
0.326 2.21861
0.327 2.20799
0.328 2.20031
0.329 2.20291
0.33 2.20946
0.331 2.19594
0.332 2.1817
0.333 2.17137
0.334 2.18182
0.335 2.17325
0.336 2.17033
0.337 2.15648
0.338 2.1704
0.339 2.14646
0.34 2.15739
0.341 2.15076
0.342 2.14426
0.343 2.15628
0.344 2.15115
0.345 2.1539
0.346 2.14062
0.347 2.13787
0.348 2.12693
0.349 2.10681
0.35 2.11066
0.351 2.11606
0.352 2.11825
0.353 2.12382
0.354 2.09408
0.355 2.10093
0.356 2.10473
0.357 2.11243
0.358 2.11514
0.359 2.09846
0.36 2.08486
0.361 2.08563
0.362 2.0817
0.363 2.08312
0.364 2.08093
0.365 2.07175
0.366 2.08181
0.367 2.07072
0.368 2.07357
0.369 2.07655
0.37 2.07655
0.371 2.08759
0.372 2.08165
0.373 2.08124
0.374 2.07778
0.375 2.07138
0.376 2.06359
0.377 2.04059
0.378 2.04461
0.379 2.04881
0.38 2.03121
0.381 2.03477
0.382 2.00842
0.383 2.0447
0.384 2.04064
0.385 2.03187
0.386 2.04685
0.387 2.04916
0.388 2.06143
0.389 2.06317
0.39 2.03282
0.391 2.02889
0.392 2.04642
0.393 2.01327
0.394 2.02872
0.395 2.01061
0.396 2.00742
0.397 2.01603
0.398 2.00808
0.399 2.01779
0.4 2.0117
0.401 2.01564
0.402 1.98508
0.403 2.01373
0.404 2.00973
0.405 2.01436
0.406 1.99106
0.407 2.00346
0.408 1.97773
0.409 1.97499
0.41 1.99886
0.411 1.99544
0.412 1.98327
0.413 2.01282
0.414 2.00576
0.415 2.00239
0.416 2.01104
0.417 2.0142
0.418 2.00414
0.419 1.99476
0.42 1.99351
0.421 2.01004
0.422 1.99237
0.423 2.00164
0.424 1.98667
0.425 2.00897
0.426 1.99358
0.427 1.99716
0.428 2.00363
0.429 2.01281
0.43 2.0003
0.431 1.99974
0.432 2.01042
0.433 2.01995
0.434 1.98676
0.435 1.99542
0.436 1.97953
0.437 2.00165
0.438 1.99796
0.439 1.97834
0.44 1.99296
0.441 2.00085
0.442 1.99176
0.443 1.97783
0.444 2.00159
0.445 1.98625
0.446 1.98471
0.447 1.97178
0.448 1.95461
0.449 1.9651
0.45 1.98109
0.451 1.95438
0.452 1.98337
0.453 1.96957
0.454 1.9889
0.455 1.96135
0.456 2.00019
0.457 1.98246
0.458 1.99275
0.459 1.98579
0.46 1.97098
0.461 1.95956
0.462 1.98347
0.463 1.97649
0.464 1.9485
0.465 1.9527
0.466 1.96511
0.467 1.95967
0.468 1.95787
0.469 1.95274
0.47 1.96203
0.471 1.95474
0.472 1.93277
0.473 1.96234
0.474 1.96962
0.475 1.93911
0.476 1.94307
0.477 1.9599
0.478 1.94853
0.479 1.93378
0.48 1.90442
0.481 1.93619
0.482 1.91019
0.483 1.91083
0.484 1.89418
0.485 1.91407
0.486 1.91194
0.487 1.90708
0.488 1.90769
0.489 1.87532
0.49 1.90392
0.491 1.90851
0.492 1.89146
0.493 1.91444
0.494 1.90428
0.495 1.87589
0.496 1.89838
0.497 1.89528
0.498 1.90484
0.499 1.92105
0.5 1.90589
0.501 1.90113
0.502 1.8883
0.503 1.90114
0.504 1.90642
0.505 1.8979
0.506 1.90841
0.507 1.90939
0.508 1.88696
0.509 1.9113
0.51 1.89686
0.511 1.89263
0.512 1.90147
0.513 1.90397
0.514 1.92126
0.515 1.91146
0.516 1.93086
0.517 1.93103
0.518 1.89787
0.519 1.9166
0.52 1.92552
0.521 1.93408
0.522 1.91482
0.523 1.91908
0.524 1.93849
0.525 1.92299
0.526 1.92947
0.527 1.92176
0.528 1.93132
0.529 1.93611
0.53 1.92996
0.531 1.93592
0.532 1.92505
0.533 1.93195
0.534 1.91293
0.535 1.90999
0.536 1.90492
0.537 1.93803
0.538 1.93961
0.539 1.92186
0.54 1.96992
0.541 1.93686
0.542 1.96033
0.543 1.93127
0.544 1.93908
0.545 1.93827
0.546 1.94483
0.547 1.95437
0.548 1.94552
0.549 1.94374
0.55 1.92417
0.551 1.92866
0.552 1.94266
0.553 1.94124
0.554 1.95578
0.555 1.96191
0.556 1.96183
0.557 1.97374
0.558 1.97708
0.559 1.95962
0.56 1.95858
0.561 1.97125
0.562 1.98626
0.563 2.00424
0.564 1.96413
0.565 1.95644
0.566 1.97692
0.567 1.9565
0.568 1.95454
0.569 1.975
0.57 1.95645
0.571 1.9501
0.572 1.9706
0.573 1.93882
0.574 1.95148
0.575 1.93523
0.576 1.94486
0.577 1.91522
0.578 1.91385
0.579 1.92793
0.58 1.92719
0.581 1.9076
0.582 1.89093
0.583 1.90293
0.584 1.89167
0.585 1.87709
0.586 1.89324
0.587 1.9005
0.588 1.89652
0.589 1.89562
0.59 1.89846
0.591 1.89607
0.592 1.91001
0.593 1.88228
0.594 1.90567
0.595 1.86808
0.596 1.88839
0.597 1.86195
0.598 1.8846
0.599 1.87489
0.6 1.87798
0.601 1.86582
0.602 1.85654
0.603 1.88796
0.604 1.85599
0.605 1.87904
0.606 1.86032
0.607 1.87832
0.608 1.86857
0.609 1.86507
0.61 1.86119
0.611 1.86832
0.612 1.86375
0.613 1.8571
0.614 1.85317
0.615 1.87095
0.616 1.8675
0.617 1.85279
0.618 1.87564
0.619 1.85569
0.62 1.86203
0.621 1.86147
0.622 1.85387
0.623 1.86238
0.624 1.8587
0.625 1.85749
0.626 1.84908
0.627 1.84479
0.628 1.84822
0.629 1.8449
0.63 1.83727
0.631 1.83994
0.632 1.83523
0.633 1.83109
0.634 1.83045
0.635 1.82502
0.636 1.84328
0.637 1.83021
0.638 1.83201
0.639 1.82446
0.64 1.83244
0.641 1.80719
0.642 1.82946
0.643 1.82114
0.644 1.80781
0.645 1.81736
0.646 1.81703
0.647 1.81994
0.648 1.8136
0.649 1.8138
0.65 1.81532
0.651 1.78779
0.652 1.80732
0.653 1.79866
0.654 1.8096
0.655 1.7987
0.656 1.8138
0.657 1.79869
0.658 1.82626
0.659 1.80681
0.66 1.80575
0.661 1.78762
0.662 1.79516
0.663 1.80588
0.664 1.80237
0.665 1.78743
0.666 1.77903
0.667 1.80849
0.668 1.77985
0.669 1.7956
0.67 1.8088
0.671 1.80132
0.672 1.79239
0.673 1.77048
0.674 1.7846
0.675 1.79556
0.676 1.79168
0.677 1.78495
0.678 1.77705
0.679 1.78284
0.68 1.79336
0.681 1.74879
0.682 1.76515
0.683 1.77955
0.684 1.78145
0.685 1.75821
0.686 1.75055
0.687 1.78157
0.688 1.76611
0.689 1.75808
0.69 1.76909
0.691 1.76466
0.692 1.77043
0.693 1.78087
0.694 1.76681
0.695 1.76741
0.696 1.75166
0.697 1.75845
0.698 1.74851
0.699 1.74604
0.7 1.74128
0.701 1.73607
0.702 1.7611
0.703 1.75167
0.704 1.7552
0.705 1.75551
0.706 1.76117
0.707 1.7541
0.708 1.7377
0.709 1.74502
0.71 1.75092
0.711 1.74357
0.712 1.75115
0.713 1.75463
0.714 1.74854
0.715 1.75052
0.716 1.7333
0.717 1.75372
0.718 1.75336
0.719 1.73705
0.72 1.73697
0.721 1.73368
0.722 1.74029
0.723 1.7305
0.724 1.74664
0.725 1.75157
0.726 1.75327
0.727 1.72675
0.728 1.74462
0.729 1.74799
0.73 1.72672
0.731 1.72701
0.732 1.72486
0.733 1.71708
0.734 1.72844
0.735 1.74595
0.736 1.71899
0.737 1.698
0.738 1.72539
0.739 1.72899
0.74 1.73269
0.741 1.71776
0.742 1.71813
0.743 1.73116
0.744 1.71889
0.745 1.69323
0.746 1.71743
0.747 1.7165
0.748 1.70426
0.749 1.73348
0.75 1.70706
0.751 1.68821
0.752 1.70373
0.753 1.69487
0.754 1.70444
0.755 1.68058
0.756 1.69465
0.757 1.71157
0.758 1.68899
0.759 1.70691
0.76 1.69793
0.761 1.68926
0.762 1.69676
0.763 1.69643
0.764 1.6834
0.765 1.7001
0.766 1.69747
0.767 1.69128
0.768 1.67607
0.769 1.68546
0.77 1.681
0.771 1.66611
0.772 1.6734
0.773 1.6665
0.774 1.66669
0.775 1.66137
0.776 1.67338
0.777 1.66748
0.778 1.67686
0.779 1.6538
0.78 1.66221
0.781 1.66016
0.782 1.67419
0.783 1.65298
0.784 1.6365
0.785 1.63638
0.786 1.65672
0.787 1.6438
0.788 1.62554
0.789 1.64547
0.79 1.62761
0.791 1.61324
0.792 1.61482
0.793 1.63174
0.794 1.60643
0.795 1.59176
0.796 1.62285
0.797 1.60753
0.798 1.59856
0.799 1.59199
0.8 1.59892
0.801 1.59462
0.802 1.58993
0.803 1.59547
0.804 1.59494
0.805 1.58445
0.806 1.55519
0.807 1.56898
0.808 1.59743
0.809 1.59676
0.81 1.55741
0.811 1.57607
0.812 1.56344
0.813 1.56855
0.814 1.55981
0.815 1.58124
0.816 1.53641
0.817 1.53109
0.818 1.53615
0.819 1.57466
0.82 1.5588
0.821 1.53702
0.822 1.52968
0.823 1.51587
0.824 1.51211
0.825 1.52194
0.826 1.51087
0.827 1.51124
0.828 1.52783
0.829 1.544
0.83 1.52564
0.831 1.48868
0.832 1.48062
0.833 1.4818
0.834 1.48808
0.835 1.47759
0.836 1.45809
0.837 1.48345
0.838 1.46368
0.839 1.48106
0.84 1.4436
0.841 1.4552
0.842 1.47251
0.843 1.45852
0.844 1.42926
0.845 1.44085
0.846 1.40471
0.847 1.40078
0.848 1.44033
0.849 1.43272
0.85 1.40117
0.851 1.39072
0.852 1.41165
0.853 1.42678
0.854 1.38083
0.855 1.40722
0.856 1.40691
0.857 1.37622
0.858 1.35951
0.859 1.37752
0.86 1.36858
0.861 1.35323
0.862 1.35902
0.863 1.36645
0.864 1.3241
0.865 1.34189
0.866 1.33247
0.867 1.34411
0.868 1.34564
0.869 1.31514
0.87 1.32543
0.871 1.32185
0.872 1.30681
0.873 1.29734
0.874 1.28888
0.875 1.28758
0.876 1.26949
0.877 1.28954
0.878 1.31397
0.879 1.2668
0.88 1.27304
0.881 1.23518
0.882 1.27666
0.883 1.24807
0.884 1.22293
0.885 1.22766
0.886 1.24849
0.887 1.20865
0.888 1.22529
0.889 1.20493
0.89 1.2221
0.891 1.19045
0.892 1.19941
0.893 1.20273
0.894 1.1791
0.895 1.20014
0.896 1.20828
0.897 1.15127
0.898 1.16969
0.899 1.15171
0.9 1.14048
0.901 1.16518
0.902 1.14885
0.903 1.13543
0.904 1.15329
0.905 1.13855
0.906 1.13058
0.907 1.08307
0.908 1.10925
0.909 1.06677
0.91 1.09458
0.911 1.08072
0.912 1.07302
0.913 1.05665
0.914 1.0366
0.915 1.07292
0.916 1.07407
0.917 1.01772
0.918 1.03223
0.919 1.06936
0.92 1.03549
0.921 0.995721
0.922 1.02365
0.923 1.00437
0.924 1.03176
0.925 1.02184
0.926 1.00451
0.927 0.985022
0.928 1.019
0.929 1.02074
0.93 0.97691
0.931 0.961365
0.932 0.947205
0.933 0.914658
0.934 0.922319
0.935 0.911743
0.936 0.949486
0.937 0.938767
0.938 0.946905
0.939 0.941831
0.94 0.902631
0.941 0.893626
0.942 0.91103
0.943 0.916442
0.944 0.918624
0.945 0.884801
0.946 0.86599
0.947 0.848928
0.948 0.82341
0.949 0.858137
0.95 0.880118
0.951 0.879795
0.952 0.847598
0.953 0.857987
0.954 0.841491
0.955 0.780233
0.956 0.88553
0.957 0.824858
0.958 0.828585
0.959 0.837343
0.96 0.819114
0.961 0.820418
0.962 0.865234
0.963 0.725188
0.964 0.817174
0.965 0.724984
0.966 0.820496
0.967 0.794962
0.968 0.728887
0.969 0.70461
0.97 0.75389
0.971 0.77253
0.972 0.748379
0.973 0.74213
0.974 0.79014
0.975 0.743509
0.976 0.731719
0.977 0.737065
0.978 0.665486
0.979 0.749763
0.98 0.758739
0.981 0.715711
0.982 0.666332
0.983 0.667752
0.984 0.682754
0.985 0.68802
0.986 0.619798
0.987 0.688909
0.988 0.663549
0.989 0.647634
0.99 0.684159
0.991 0.657025
0.992 0.646736
0.993 0.696608
0.994 0.61234
0.995 0.682471
0.996 0.658298
0.997 0.614616
0.998 0.557279
0.999 0.644554
1 0.604363
1.001 0.604938
1.002 0.564919
1.003 0.526243
1.004 0.605915
1.005 0.574263
1.006 0.5541
1.007 0.620803
1.008 0.510519
1.009 0.599907
1.01 0.523105
1.011 0.565038
1.012 0.524794
1.013 0.54884
1.014 0.381569
1.015 0.561847
1.016 0.525979
1.017 0.465875
1.018 0.485102
1.019 0.556245
1.02 0.549423
1.021 0.499584
1.022 0.511034
1.023 0.475961
1.024 0.554504
1.025 0.496422
1.026 0.416829
1.027 0.470056
1.028 0.586538
1.029 0.463923
1.03 0.449108
1.031 0.491919
1.032 0.441917
1.033 0.442035
1.034 0.407574
1.035 0.36513
1.036 0.413265
1.037 0.526542
1.038 0.394741
1.039 0.432372
1.04 0.320136
1.041 0.394041
1.042 0.305335
1.043 0.360948
1.044 0.3595
1.045 0.386757
1.046 0.355825
1.047 0.344085
1.048 0.354433
1.049 0.376097
1.05 0.215412
1.051 0.307779
1.052 0.22806
1.053 0.285458
1.054 0.284352
1.055 0.202061
1.056 0.331356
1.057 0.239596
1.058 0.307918
1.059 0.291252
1.06 0.396368
1.061 0.265374
1.062 0.268837
1.063 0.269537
1.064 0.307335
1.065 0.228911
1.066 0.26273
1.067 0.32558
1.068 0.121557
1.069 0.228949
1.07 0.252337
1.071 0.172463
1.072 0.244114
1.073 0.23738
1.074 0.0721605
1.075 0.297201
1.076 0.173886
1.077 0.249116
1.078 0.167441
1.079 0.223709
1.08 0.0446214
1.081 0.250762
1.082 0.136846
1.083 0.0618584
1.084 0.124078
1.085 0.0381421
1.086 0.031347
1.087 0.140991
1.088 0.0213975
1.089 0.108117
1.09 0.0201556
1.091 0.116434
1.092 0.0581541
1.093 0.20724
1.094 0.0226565
1.095 -0.0246417
1.096 0.195199
1.097 0.0319689
1.098 -0.079889
1.099 0.236252
1.1 0.129575
1.101 -0.0832801
1.102 0.0168616
1.103 0.030948
1.104 0.101744
1.105 -0.187947
1.106 0.007684
1.107 -0.0513064
1.108 0.0167951
1.109 0.000354053
1.11 -0.0437869
1.111 -0.229582
1.112 0.0215696
1.113 -0.168321
1.114 -0.0725419
1.115 0.0227647
1.116 -0.090776
1.117 0.0673536
1.118 -0.0274606
1.119 -0.0912205
1.12 0.00326539
1.121 -0.140615
1.122 -0.116195
1.123 -0.282433
1.124 -0.0447873
1.125 -0.332861
1.126 -0.221159
1.127 -0.178789
1.128 -0.0654331
1.129 -0.056801
1.13 -0.169975
1.131 -0.217566
1.132 -0.23034
1.133 -0.227978
1.134 -0.349014
1.135 -0.222027
1.136 -0.281199
1.137 -0.2429
1.138 -0.198397
1.139 -0.357611
1.14 -0.193897
1.141 -0.306767
1.142 -0.146406
1.143 -0.00153926
1.144 -0.258223
1.145 -0.21494
1.146 -0.500264
1.147 -0.455587
1.148 -0.282308
1.149 -0.276051
1.15 -0.327965
1.151 -0.160101
1.152 -0.010739
1.153 -0.447987
1.154 -0.225815
1.155 -0.196434
1.156 -0.322319
1.157 -0.246075
1.158 -0.14838
1.159 -0.151402
1.16 -0.271741
1.161 -0.612129
1.162 -0.381287
1.163 -0.27968
1.164 -0.374081
1.165 -0.230207
1.166 -0.199716
1.167 -0.193488
1.168 -0.190554
1.169 -0.410369
1.17 -0.446835
1.171 -0.0868419
1.172 -0.066014
1.173 -0.270628
1.174 -0.136
1.175 -0.375546
1.176 -0.441444
1.177 -0.26121
1.178 -0.621412
1.179 -0.317614
1.18 -0.115009
1.181 -0.279153
1.182 -0.356015
1.183 -0.450512
1.184 -0.526809
1.185 -0.469448
1.186 -0.301308
1.187 -0.307534
1.188 -0.454859
1.189 -0.4309
1.19 -0.28445
1.191 -0.404159
1.192 -0.237625
1.193 -0.130117
1.194 -0.345175
1.195 -0.293898
1.196 -0.326495
1.197 -0.289872
1.198 -0.432523
1.199 -0.300238
1.2 -0.144843
1.201 -0.393244
1.202 -0.279381
1.203 -0.642614
1.204 -0.560487
1.205 -0.376904
1.206 -0.46269
1.207 -0.433806
1.208 -0.269087
1.209 -0.370423
1.21 -0.288824
1.211 -0.497529
1.212 -0.428156
1.213 -0.34646
1.214 -0.61988
1.215 -0.421549
1.216 -0.321958
1.217 -0.318751
1.218 -0.36599
1.219 -0.27345
1.22 -0.665905
1.221 -0.167086
1.222 -0.552069
1.223 -0.648053
1.224 -0.700234
1.225 -0.276721
1.226 -0.263085
1.227 -0.881087
1.228 -0.613024
1.229 -0.581046
1.23 -0.263902
1.231 -0.435205
1.232 -0.694069
1.233 -0.242196
1.234 -0.733046
1.235 -0.461237
1.236 -0.541308
1.237 -0.932692
1.238 -0.689364
1.239 -1.09886
1.24 -0.564501
1.241 -0.557156
1.242 -0.435528
1.243 -0.570356
1.244 -0.726045
1.245 -0.510929
1.246 -0.586762
1.247 -0.467834
1.248 -0.740017
1.249 -0.57522
1.25 -0.401799
1.251 -0.517469
1.252 -0.710966
1.253 -0.994109
1.254 -0.410616
1.255 -0.429601
1.256 -0.604509
1.257 -0.52269
1.258 -0.602773
1.259 -0.797645
1.26 -0.435963
1.261 -0.358902
1.262 -1.18876
1.263 -0.327855
1.264 -0.499632
1.265 -0.478064
1.266 -0.650677
1.267 -0.595509
1.268 -0.612117
1.269 -0.62268
1.27 -0.60918
1.271 -0.524023
1.272 -0.763196
1.273 -0.540117
1.274 -0.771769
1.275 -0.632333
1.276 -0.362968
1.277 -0.443059
1.278 -0.724192
1.279 -0.649011
1.28 -0.65519
1.281 -0.439338
1.282 -0.422422
1.283 -0.469804
1.284 -0.528615
1.285 -0.371948
1.286 -0.83788
1.287 -1.06475
1.288 -0.958897
1.289 -0.48759
1.29 -0.979895
1.291 -0.695102
1.292 -1.35971
1.293 -0.522147
1.294 -0.443987
1.295 -0.639417
1.296 -0.569599
1.297 -1.23737
1.298 -0.514063
1.299 -0.544893
1.3 -0.674683
1.301 -1.10938
1.302 -0.684241
1.303 -1.03572
1.304 -0.518753
1.305 -0.548257
1.306 -0.717369
1.307 -0.67397
1.308 -0.391996
1.309 -0.807545
1.31 -0.799693
1.311 -0.516973
1.312 -1.00837
1.313 -0.808409
1.314 -1.07928
1.315 -0.896356
1.316 -0.949611
1.317 -0.479935
1.318 -0.709843
1.319 -0.438903
1.32 -0.582471
1.321 -0.847983
1.322 -0.779387
1.323 -0.803762
1.324 -0.642394
1.325 -0.794648
1.326 -0.59461
1.327 -0.552464
1.328 -0.537437
1.329 -0.588212
1.33 -0.557475
1.331 -0.468116
1.332 -0.308328
1.333 -0.691158
1.334 -1.10357
1.335 -0.865163
1.336 -1.29045
1.337 -1.10244
1.338 -1.28038
1.339 -1.24823
1.34 -0.662798
1.341 -0.544501
1.342 -0.578303
1.344 -0.395911
1.345 -1.0201
1.346 -0.65566
1.347 -1.02757
1.348 -0.835649
1.349 -0.87789
1.35 -0.807162
1.351 -0.909914
1.352 -0.89709
1.353 -1.61901
1.354 -0.571898
1.355 -1.67678
1.356 -0.509413
1.357 -1.89224
1.358 -1.1247
1.359 -0.847085
1.36 -1.31118
1.361 -0.521226
1.362 -0.602223
1.363 -0.886285
1.364 -0.444553
1.365 -0.986815
1.366 -1.01436
1.367 -0.941835
1.368 -0.499378
1.369 -0.97771
1.37 -0.70918
1.371 -0.707242
1.372 -0.561659
1.373 -2.06395
1.374 -1.62343
1.375 -1.10392
1.376 -1.06355
1.377 -2.25288
1.378 -1.64369
1.379 -0.67166
1.38 -0.830752
1.381 -1.11267
1.382 -1.05668
1.383 -0.951143
1.384 -0.746868
1.385 -0.980537
1.386 -0.795526
1.387 -1.16637
1.388 -1.52901
1.389 -0.391756
1.39 -0.881954
1.391 -1.19873
1.392 -0.684385
1.393 -0.979966
1.394 -1.16328
1.395 -0.754249
1.396 -0.653534
1.397 -0.992696
1.398 -1.1439
1.399 -1.56552
1.4 -0.488064
1.401 -1.29543
1.402 -0.703063
1.403 -1.6823
1.404 -0.805487
1.405 -0.620359
1.406 -0.717982
1.407 -0.848711
1.408 -0.530582
1.409 -1.00061
1.41 -0.668923
1.411 -0.864842
1.412 -0.694997
1.413 -0.37326
1.414 -0.829827
1.415 -1.37195
1.416 -0.959871
1.417 -1.16232
1.418 -1.09383
1.419 -1.85973
1.42 -0.597144
1.422 -0.418514
1.423 -0.754144
1.424 -1.94483
1.425 -0.60954
1.426 -0.912545
1.427 -1.21356
1.428 -0.761924
1.429 -0.655329
1.43 -0.719793
1.431 -0.79442
1.432 -1.32435
1.433 -0.577857
1.434 -1.35414
1.435 -1.09299
1.436 -0.901643
1.437 -0.667193
1.438 -1.38412
1.439 -0.858542
1.44 -0.937185
1.441 -2.00958
1.442 -1.31705
1.443 -1.05135
1.444 -1.14872
1.445 -0.754017
1.446 -1.08646
1.447 -1.51711
1.448 -0.683099
1.449 -0.919558
1.45 -1.06062
1.451 -1.70775
1.452 -3.01492
1.453 -0.859233
1.454 -0.992035
1.455 -1.76071
1.456 -0.925076
1.457 -1.09584
1.458 -1.11282
1.459 -0.690139
1.46 -1.18507
1.461 -1.08512
1.462 -1.35538
1.463 -0.920768
1.464 -0.541657
1.465 -0.577632
1.466 -0.982464
1.467 -0.790907
1.468 -1.11667
1.469 -0.817342
1.47 -0.812985
1.471 -1.50369
1.472 -0.719879
1.473 -1.37266
1.474 -0.844882
1.475 -1.65588
1.477 -0.974196
1.478 -0.47282
1.479 -0.986138
1.48 -1.07191
1.481 -0.941554
1.482 -0.781617
1.484 -0.944303
1.485 -1.64444
1.486 -1.90348
1.487 -0.803745
1.488 -1.28001
1.49 -1.38082
1.491 -0.861993
1.492 -1.44183
1.493 -0.592818
1.494 -1.33423
1.495 -1.06982
1.496 -0.693736
1.497 -1.07495
1.499 -1.79325
1.501 -1.58073
1.502 -1.40744
1.503 -1.18593
1.504 -1.02548
1.505 -1.1835
1.506 -0.605525
1.509 -0.663308
1.51 -1.13396
1.511 -0.73537
1.512 -1.79523
1.514 -0.607348
1.515 -1.33816
1.516 -1.11944
1.517 -1.06269
1.518 -1.02845
1.519 -1.3469
1.52 -2.06057
1.521 -1.77178
1.522 -1.7756
1.523 -0.61779
1.524 -1.22547
1.525 -0.581462
1.526 -1.09841
1.527 -1.83224
1.528 -1.66516
1.529 -0.670169
1.53 -0.82095
1.531 -1.18181
1.532 -1.8498
1.533 -1.04359
1.534 -0.540433
1.535 -1.95008
1.537 -0.887738
1.538 -0.962882
1.539 -0.962393
1.54 -0.968671
1.541 -0.93261
1.542 -0.736944
1.543 -1.63736
1.544 -2.25381
1.545 -2.4597
1.546 -2.01835
1.548 -0.362775
1.549 -0.888088
1.55 -1.29361
1.551 -1.27485
1.553 -0.723867
1.555 -1.15017
1.556 -1.52268
1.557 -0.778793
1.558 -1.78974
1.559 -0.791274
1.56 -0.835668
1.561 -0.738843
1.562 -0.917971
1.564 -1.26451
1.565 -0.482435
1.566 -1.01406
1.567 -1.66875
1.568 -1.36632
1.569 -1.01859
1.57 -1.66767
1.572 -0.724597
1.573 -0.436507
1.574 -1.89035
1.575 -0.836869
1.577 -0.794253
1.578 -1.6441
1.579 -1.78754
1.58 -1.51473
1.581 -1.59459
1.582 -1.29125
1.583 -1.15714
1.584 -1.04663
1.585 -2.29327
1.586 -1.03218
1.587 -0.960508
1.588 -0.872815
1.589 -2.27998
1.59 -0.591035
1.592 -1.06278
1.593 -1.1015
1.594 -0.97368
1.595 -1.04043
1.596 -2.0161
1.598 -3.56684
1.599 -1.03689
1.6 -1.05362
1.601 -3.39345
1.602 -0.751719
1.603 -1.54255
1.604 -1.06133
1.606 -0.767739
1.607 -1.72252
1.608 -0.518232
1.609 -2.08404
1.61 -2.49606
1.611 -2.81361
1.612 -0.92269
1.613 -1.04783
1.615 -2.27931
1.616 -2.87326
1.617 -0.864091
1.618 -0.744225
1.619 -0.670907
1.62 -0.704448
1.622 -0.816398
1.623 -1.0736
1.625 -1.82224
1.626 -1.09332
1.628 -1.26118
1.629 -1.05225
1.63 -0.536129
1.631 -0.818632
1.632 -2.1003
1.633 -1.20799
1.634 -0.81801
1.635 -1.76835
1.636 -0.780643
1.637 -1.08857
1.639 -1.74746
1.642 -3.07319
1.643 -1.05989
1.647 -1.05044
1.648 -2.08124
1.65 -1.10545
1.651 -0.731042
1.652 -1.11116
1.654 -0.985634
1.655 -1.78584
1.656 -0.748607
1.658 -1.04699
1.659 -0.446366
1.66 -1.09838
1.662 -1.36332
1.663 -0.912569
1.664 -1.06291
1.665 -1.71282
1.666 -1.15709
1.667 -1.09216
1.668 -0.980394
1.669 -0.65135
1.67 -0.751243
1.671 -3.052
1.674 -1.5413
1.675 -1.07256
1.676 -1.40533
1.677 -1.6293
1.678 -0.719882
1.679 -0.537632
1.682 -2.52399
1.683 -0.91834
1.684 -1.68901
1.685 -1.24287
1.688 -1.14516
1.689 -0.986798
1.69 -0.920167
1.691 -1.89967
1.692 -2.73151
1.694 -1.04957
1.697 -1.61181
1.698 -0.666423
1.699 -2.78162
1.7 -1.37788
1.702 -2.23637
1.703 -1.56516
1.704 -0.958542
1.705 -1.93654
1.707 -0.803296
1.708 -0.936739
1.709 -1.30883
1.712 -1.12041
1.715 -1.10132
1.716 -1.48679
1.717 -1.79171
1.718 -1.5847
1.719 -0.905231
1.721 -2.36291
1.722 -0.842099
1.723 -1.32281
1.724 -0.932781
1.725 -2.00221
1.726 -0.997707
1.727 -1.34444
1.728 -1.16131
1.729 -1.04688
1.73 -2.08006
1.732 -1.08965
1.733 -2.74434
1.734 -0.918278
1.736 -1.66589
1.737 -0.935227
1.738 -1.68678
1.742 -1.03787
1.744 -1.64827
1.745 -2.98872
1.747 -1.67205
1.749 -1.42096
1.75 -1.22059
1.754 -3.16553
1.755 -0.927342
1.757 -1.49707
1.758 -2.06886
1.759 -1.3613
1.761 -0.572555
1.762 -0.986454
1.763 -1.19255
1.764 -1.98476
1.765 -0.794451
1.766 -2.40945
1.771 -0.954261
1.772 -0.78091
1.773 -1.1568
1.775 -1.11175
1.776 -0.853452
1.777 -0.979953
1.78 -2.01083
1.783 -1.95183
1.784 -0.960708
1.786 -2.12234
1.788 -1.45945
1.789 -1.88651
1.791 -1.27668
1.794 -1.34972
1.797 -0.895548
1.798 -2.75956
1.799 -1.06928
1.8 -1.73092
1.801 -1.09807
1.804 -1.87985
1.806 -0.964751
1.808 -2.06498
1.81 -0.912543
1.815 -1.60559
1.818 -1.72562
1.821 -1.60461
1.823 -1.61357
1.824 -1.66267
1.826 -1.94385
1.827 -0.993794
1.831 -2.13761
1.832 -1.24712
1.833 -2.14689
1.834 -0.754063
1.835 -1.10928
1.837 -0.93173
1.838 -0.970759
1.839 -1.06537
1.841 -1.12576
1.844 -1.67082
1.846 -0.970903
1.85 -2.18961
1.851 -2.94446
1.853 -3.05056
1.855 -1.11046
1.856 -1.03303
1.859 -1.09913
1.861 -1.07492
1.862 -1.69923
1.863 -0.747812
1.866 -1.16997
1.868 -0.811634
1.869 -1.10728
1.873 -1.16933
1.876 -3.02435
1.879 -0.961224
1.88 -2.88972
1.883 -1.34566
1.884 -0.946209
1.887 -1.81657
1.89 -1.17085
1.891 -1.75258
1.892 -0.925509
1.895 -1.1041
1.896 -1.6512
1.897 -3.1819
1.898 -2.1116
1.905 -2.41719
1.906 -2.05602
1.907 -1.777
1.908 -0.915361
1.909 -0.711723
1.913 -2.40473
1.914 -1.91683
1.916 -1.79615
1.92 -1.19372
1.923 -1.62714
1.924 -1.04849
1.93 -0.987856
1.932 -1.19284
1.937 -1.08319
1.94 -0.996195
1.945 -1.59692
1.953 -1.13256
1.956 -2.72832
1.962 -1.90574
1.963 -1.08579
1.966 -1.13551
1.97 -2.42623
1.971 -0.957405
1.977 -1.10462
1.978 -1.06191
1.983 -1.92851
1.984 -1.33294
1.985 -2.96988
1.987 -1.38304
1.989 -0.938849
1.99 -1.27364
1.991 -1.21788
1.994 -1.18673
1.995 -0.990823
1.996 -1.08517
1.997 -0.641121
1.998 -0.803084
1.999 -1.09027
2.009 -1.09291
2.013 -1.07697
2.015 -1.34611
2.017 -1.08958
2.019 -1.18544
2.023 -1.45633
2.025 -1.09213
2.031 -1.32923
2.033 -3.1139
2.034 -1.38839
2.036 -0.73919
2.042 -1.7118
2.047 -0.862999
2.05 -1.08847
2.052 -0.987101
2.054 -1.16358
2.057 -1.29596
2.061 -0.925889
2.063 -1.60133
2.065 -2.99016
2.07 -1.28803
2.071 -2.90494
2.072 -1.10822
2.076 -1.08045
2.078 -1.05726
2.079 -0.996607
2.081 -1.96948
2.084 -1.01914
2.086 -1.71766
2.095 -1.20212
2.097 -1.10278
2.098 -0.846975
2.099 -1.09784
2.101 -1.40864
2.102 -1.07432
2.104 -1.33798
2.105 -1.04416
2.107 -1.6104
2.113 -1.77393
2.117 -2.22219
2.118 -1.63046
2.12 -1.71619
2.127 -0.930972
2.128 -1.17781
2.129 -1.08715
2.132 -1.09845
2.133 -1.69985
2.136 -1.78754
2.143 -0.953605
2.145 -0.678356
2.146 -1.75628
2.151 -1.05005
2.159 -1.08451
2.163 -1.29696
2.165 -1.05583
2.166 -3.841
2.169 -1.15374
2.173 -1.62608
2.177 -1.04882
2.18 -0.971211
2.183 -0.698557
2.184 -1.05019
2.185 -0.931574
2.188 -1.24935
2.192 -0.993749
2.193 -1.21043
2.195 -1.34357
2.198 -2.22527
2.202 -2.53917
2.203 -1.04329
2.204 -0.964706
2.211 -1.07143
2.212 -1.17658
2.215 -1.09264
2.224 -0.925509
2.225 -1.17345
2.23 -1.77487
2.238 -2.44861
2.24 -1.13726
2.247 -3.01071
2.25 -1.24139
2.255 -1.08705
2.256 -0.930566
2.257 -1.44459
2.259 -3.38117
2.26 -0.902073
2.262 -1.01282
2.264 -1.19887
2.267 -1.09292
2.269 -1.10392
2.27 -1.34087
2.271 -0.935081
2.273 -1.84973
2.298 -2.63595
2.302 -1.18987
2.311 -0.964665
2.315 -1.02553
2.316 -1.44174
2.321 -0.965639
2.329 -1.21086
2.35 -1.09101
2.354 -1.18253
2.379 -1.25188
2.383 -1.00166
2.386 -1.10495
2.387 -1.04191
2.388 -0.749899
2.393 -0.929579
2.394 -1.5619
2.408 -1.10936
2.42 -0.934265
2.424 -1.18866
2.428 -1.84696
2.432 -2.68848
2.445 -1.28669
2.451 -1.66774
2.464 -0.944792
2.474 -2.5614
2.477 -1.13786
2.483 -0.927973
2.501 -1.20533
2.515 -1.61389
2.516 -1.51446
2.517 -1.08103
2.518 -1.73613
2.533 -0.985596
2.534 -1.30267
2.539 -1.05345
2.57 -1.99415
2.592 -1.19498
2.605 -1.18255
2.607 -0.93727
2.615 -0.925281
2.618 -1.03536
2.621 -1.09589
2.622 -0.955273
2.624 -1.18806
2.629 -0.936725
2.634 -1.07971
2.657 -1.01781
2.664 -0.963936
2.68 -1.65392
2.686 -1.06971
2.69 -0.959696
2.692 -0.939011
2.694 -1.22316
2.716 -2.67017
2.719 -1.11152
2.721 -0.932766
2.726 -1.4136
2.728 -1.68447
2.743 -0.958025
2.763 -1.42094
2.765 -1.07199
2.774 -0.829598
2.779 -1.61156
2.793 -3.05983
2.808 -1.60152
2.825 -0.920727
2.829 -0.986701
2.833 -0.929563
2.835 -0.925465
2.838 -2.93397
2.839 -1.12241
2.852 -0.926827
2.856 -1.50501
2.922 -1.11074
2.93 -0.701354
2.935 -1.20309
2.947 -0.92425
2.948 -0.994871
2.959 -1.6871
2.967 -0.978197
2.982 -1.13206
2.985 -1.37333
2.994 -0.927297
2.995 -1.12986
3.017 -1.26814
3.057 -0.935053
3.073 -1.01272
3.096 -1.02262
3.123 -1.16506
3.143 -1.1975
3.152 -1.204
3.179 -0.985676
3.182 -0.925236
3.189 -1.11779
3.199 -0.995434
3.271 -1.08576
3.288 -1.32817
3.299 -0.978152
3.465 -1.18701
3.484 -1.17229
3.501 -0.979177
3.509 -0.971166
3.514 -1.39487
3.595 -1.12814
3.612 -1.18796
3.648 -0.931648
3.666 -1.55058
3.67 -0.949236
3.754 -1.26634
3.812 -0.972098
3.943 -0.994774
4.147 -0.925852
4.5 -0.921455
4.517 -0.959607
4.701 -0.956419
5.265 -0.940749
 
 
0.003 0.38285
0.004 0.972589
0.005 1.31417
0.006 1.38923
0.007 1.53265
0.008 1.64723
0.009 1.75378
0.01 1.83588
0.011 1.88523
0.012 2.02095
0.013 2.05075
0.014 2.12271
0.015 2.18512
0.016 2.2211
0.017 2.26354
0.018 2.32186
0.019 2.36506
0.02 2.41869
0.021 2.45215
0.022 2.49113
0.023 2.52203
0.024 2.55747
0.025 2.57001
0.026 2.59243
0.027 2.60924
0.028 2.63268
0.029 2.6378
0.03 2.65695
0.031 2.65568
0.032 2.6737
0.033 2.68709
0.034 2.69115
0.035 2.71414
0.036 2.71334
0.037 2.73228
0.038 2.72551
0.039 2.72594
0.04 2.73046
0.041 2.72574
0.042 2.7276
0.043 2.72745
0.044 2.72702
0.045 2.72953
0.046 2.74069
0.047 2.75364
0.048 2.75469
0.049 2.75621
0.05 2.75239
0.051 2.75703
0.052 2.74341
0.053 2.73681
0.054 2.74044
0.055 2.73183
0.056 2.72487
0.057 2.73079
0.058 2.7223
0.059 2.71915
0.06 2.71808
0.061 2.72226
0.062 2.72284
0.063 2.71699
0.064 2.7143
0.065 2.72575
0.066 2.72451
0.067 2.72653
0.068 2.71977
0.069 2.70327
0.07 2.70484
0.071 2.70104
0.072 2.70528
0.073 2.70182
0.074 2.69241
0.075 2.69421
0.076 2.68988
0.077 2.69443
0.078 2.68659
0.079 2.66911
0.08 2.66347
0.081 2.65617
0.082 2.65927
0.083 2.65873
0.084 2.65333
0.085 2.66683
0.086 2.67101
0.087 2.67044
0.088 2.68519
0.089 2.70035
0.09 2.70327
0.091 2.70251
0.092 2.6869
0.093 2.6807
0.094 2.67085
0.095 2.67126
0.096 2.66857
0.097 2.66134
0.098 2.64998
0.099 2.63882
0.1 2.63355
0.101 2.63368
0.102 2.62283
0.103 2.62237
0.104 2.62666
0.105 2.61559
0.106 2.61246
0.107 2.60505
0.108 2.61831
0.109 2.59716
0.11 2.60242
0.111 2.60176
0.112 2.59551
0.113 2.58593
0.114 2.58997
0.115 2.57859
0.116 2.58102
0.117 2.55837
0.118 2.54639
0.119 2.53309
0.12 2.52056
0.121 2.53251
0.122 2.5261
0.123 2.5272
0.124 2.531
0.125 2.53275
0.126 2.52745
0.127 2.52162
0.128 2.51563
0.129 2.49677
0.13 2.50493
0.131 2.5136
0.132 2.50229
0.133 2.50491
0.134 2.50281
0.135 2.48948
0.136 2.49643
0.137 2.5005
0.138 2.49332
0.139 2.51049
0.14 2.51012
0.141 2.51925
0.142 2.51608
0.143 2.52577
0.144 2.52856
0.145 2.53768
0.146 2.54593
0.147 2.55076
0.148 2.56378
0.149 2.5696
0.15 2.56296
0.151 2.58019
0.152 2.57929
0.153 2.57754
0.154 2.5967
0.155 2.60152
0.156 2.61472
0.157 2.61274
0.158 2.61788
0.159 2.60802
0.16 2.59153
0.161 2.58672
0.162 2.56483
0.163 2.55543
0.164 2.54861
0.165 2.53379
0.166 2.51979
0.167 2.49929
0.168 2.49461
0.169 2.47595
0.17 2.4785
0.171 2.47054
0.172 2.46875
0.173 2.46646
0.174 2.43803
0.175 2.43926
0.176 2.41883
0.177 2.42158
0.178 2.4123
0.179 2.40417
0.18 2.41878
0.181 2.40108
0.182 2.38598
0.183 2.39109
0.184 2.38129
0.185 2.36999
0.186 2.36917
0.187 2.35779
0.188 2.34699
0.189 2.35243
0.19 2.33383
0.191 2.34277
0.192 2.34021
0.193 2.31949
0.194 2.32607
0.195 2.32588
0.196 2.31988
0.197 2.31244
0.198 2.31673
0.199 2.31515
0.2 2.29976
0.201 2.30236
0.202 2.28866
0.203 2.27507
0.204 2.29249
0.205 2.29015
0.206 2.29225
0.207 2.283
0.208 2.29496
0.209 2.28937
0.21 2.3007
0.211 2.2841
0.212 2.28714
0.213 2.27389
0.214 2.27349
0.215 2.28019
0.216 2.29401
0.217 2.26449
0.218 2.25807
0.219 2.25945
0.22 2.27732
0.221 2.28111
0.222 2.27348
0.223 2.29734
0.224 2.2838
0.225 2.28706
0.226 2.28265
0.227 2.29352
0.228 2.28984
0.229 2.27842
0.23 2.29716
0.231 2.29099
0.232 2.29691
0.233 2.28894
0.234 2.28828
0.235 2.28169
0.236 2.28203
0.237 2.30748
0.238 2.29223
0.239 2.31272
0.24 2.31622
0.241 2.31874
0.242 2.32628
0.243 2.33242
0.244 2.32606
0.245 2.32751
0.246 2.31573
0.247 2.31067
0.248 2.31631
0.249 2.30825
0.25 2.32214
0.251 2.31395
0.252 2.31679
0.253 2.32005
0.254 2.32276
0.255 2.32239
0.256 2.30238
0.257 2.33338
0.258 2.32222
0.259 2.32444
0.26 2.32083
0.261 2.32179
0.262 2.30843
0.263 2.32736
0.264 2.31193
0.265 2.30581
0.266 2.30821
0.267 2.30966
0.268 2.29697
0.269 2.3077
0.27 2.29794
0.271 2.29478
0.272 2.2971
0.273 2.29439
0.274 2.29446
0.275 2.28627
0.276 2.27736
0.277 2.2915
0.278 2.29333
0.279 2.29664
0.28 2.28235
0.281 2.28536
0.282 2.28523
0.283 2.2832
0.284 2.27473
0.285 2.27371
0.286 2.26688
0.287 2.27225
0.288 2.27499
0.289 2.25451
0.29 2.24828
0.291 2.25587
0.292 2.25898
0.293 2.26791
0.294 2.24783
0.295 2.24596
0.296 2.24425
0.297 2.22581
0.298 2.22379
0.299 2.25551
0.3 2.24275
0.301 2.25535
0.302 2.25261
0.303 2.24465
0.304 2.24833
0.305 2.24288
0.306 2.23972
0.307 2.20571
0.308 2.21423
0.309 2.2122
0.31 2.18947
0.311 2.19895
0.312 2.17469
0.313 2.19341
0.314 2.20171
0.315 2.18301
0.316 2.17609
0.317 2.18397
0.318 2.17095
0.319 2.18981
0.32 2.16302
0.321 2.17263
0.322 2.17376
0.323 2.16571
0.324 2.17845
0.325 2.17166
0.326 2.15404
0.327 2.17127
0.328 2.17129
0.329 2.17001
0.33 2.15498
0.331 2.13685
0.332 2.14114
0.333 2.13405
0.334 2.1455
0.335 2.12102
0.336 2.13104
0.337 2.12658
0.338 2.11644
0.339 2.13607
0.34 2.13976
0.341 2.12739
0.342 2.10472
0.343 2.10552
0.344 2.10416
0.345 2.09572
0.346 2.08612
0.347 2.09997
0.348 2.09329
0.349 2.07713
0.35 2.0826
0.351 2.07744
0.352 2.06255
0.353 2.04626
0.354 2.06772
0.355 2.06239
0.356 2.06572
0.357 2.06417
0.358 2.07631
0.359 2.06232
0.36 2.0751
0.361 2.06792
0.362 2.04639
0.363 2.04031
0.364 2.03093
0.365 2.05263
0.366 2.03054
0.367 2.00369
0.368 2.04026
0.369 2.03006
0.37 2.0193
0.371 2.0202
0.372 2.02625
0.373 2.01441
0.374 2.03125
0.375 2.01649
0.376 2.0187
0.377 1.98505
0.378 2.01044
0.379 1.99186
0.38 2.00703
0.381 2.00121
0.382 1.99165
0.383 1.98803
0.384 1.98918
0.385 1.97649
0.386 2.01317
0.387 1.99233
0.388 1.99497
0.389 1.98522
0.39 1.99851
0.391 1.99315
0.392 1.9915
0.393 1.97375
0.394 1.97989
0.395 1.96045
0.396 1.97866
0.397 1.94839
0.398 1.95924
0.399 1.99032
0.4 1.97703
0.401 1.97699
0.402 1.96308
0.403 1.96005
0.404 1.97108
0.405 1.94468
0.406 1.95682
0.407 1.96349
0.408 1.93383
0.409 1.95999
0.41 1.94695
0.411 1.92892
0.412 1.94857
0.413 1.95818
0.414 1.97599
0.415 1.94532
0.416 1.96824
0.417 1.97154
0.418 1.96868
0.419 1.96023
0.42 1.95521
0.421 1.93476
0.422 1.94341
0.423 1.96183
0.424 1.95262
0.425 1.95916
0.426 1.96673
0.427 1.97367
0.428 1.97336
0.429 1.96681
0.43 1.97403
0.431 1.95957
0.432 1.97119
0.433 1.94967
0.434 1.96152
0.435 1.96993
0.436 1.93197
0.437 1.93116
0.438 1.95734
0.439 1.94053
0.44 1.94869
0.441 1.94799
0.442 1.93453
0.443 1.94106
0.444 1.94437
0.445 1.941
0.446 1.91403
0.447 1.9507
0.448 1.94485
0.449 1.9238
0.45 1.92831
0.451 1.94786
0.452 1.94243
0.453 1.93134
0.454 1.94902
0.455 1.9445
0.456 1.92329
0.457 1.94396
0.458 1.92954
0.459 1.93625
0.46 1.91128
0.461 1.91152
0.462 1.90239
0.463 1.92173
0.464 1.91431
0.465 1.90043
0.466 1.91857
0.467 1.91522
0.468 1.89577
0.469 1.92296
0.47 1.8901
0.471 1.89869
0.472 1.91777
0.473 1.90954
0.474 1.88061
0.475 1.90222
0.476 1.90921
0.477 1.89664
0.478 1.88748
0.479 1.87909
0.48 1.86699
0.481 1.85857
0.482 1.8664
0.483 1.84951
0.484 1.8573
0.485 1.85352
0.486 1.84003
0.487 1.85966
0.488 1.87166
0.489 1.87545
0.49 1.86735
0.491 1.87849
0.492 1.86724
0.493 1.88084
0.494 1.85852
0.495 1.85176
0.496 1.84545
0.497 1.86658
0.498 1.85239
0.499 1.84792
0.5 1.84847
0.501 1.83628
0.502 1.85509
0.503 1.84017
0.504 1.86182
0.505 1.87174
0.506 1.84224
0.507 1.85695
0.508 1.85292
0.509 1.86522
0.51 1.85413
0.511 1.84223
0.512 1.87453
0.513 1.88133
0.514 1.87182
0.515 1.85604
0.516 1.84397
0.517 1.86676
0.518 1.84572
0.519 1.86899
0.52 1.86832
0.521 1.85379
0.522 1.85415
0.523 1.86832
0.524 1.88508
0.525 1.88803
0.526 1.87485
0.527 1.89744
0.528 1.89111
0.529 1.88291
0.53 1.87547
0.531 1.8693
0.532 1.88072
0.533 1.89328
0.534 1.89149
0.535 1.87939
0.536 1.86544
0.537 1.86704
0.538 1.88406
0.539 1.89042
0.54 1.88237
0.541 1.87315
0.542 1.90689
0.543 1.88796
0.544 1.90281
0.545 1.8763
0.546 1.8918
0.547 1.89387
0.548 1.90465
0.549 1.89523
0.55 1.88815
0.551 1.89039
0.552 1.90066
0.553 1.88604
0.554 1.90575
0.555 1.92124
0.556 1.91785
0.557 1.91608
0.558 1.93064
0.559 1.92005
0.56 1.93005
0.561 1.92669
0.562 1.91855
0.563 1.91097
0.564 1.90776
0.565 1.88238
0.566 1.92706
0.567 1.89076
0.568 1.908
0.569 1.89535
0.57 1.90428
0.571 1.89854
0.572 1.89749
0.573 1.90817
0.574 1.91365
0.575 1.88915
0.576 1.87663
0.577 1.89219
0.578 1.88531
0.579 1.88863
0.58 1.85754
0.581 1.86476
0.582 1.86577
0.583 1.84133
0.584 1.86627
0.585 1.85623
0.586 1.84892
0.587 1.83281
0.588 1.84143
0.589 1.87684
0.59 1.83971
0.591 1.83308
0.592 1.85705
0.593 1.85578
0.594 1.83329
0.595 1.82198
0.596 1.84122
0.597 1.839
0.598 1.85744
0.599 1.84225
0.6 1.79334
0.601 1.83649
0.602 1.80525
0.603 1.79451
0.604 1.81098
0.605 1.8381
0.606 1.82253
0.607 1.81414
0.608 1.82539
0.609 1.79352
0.61 1.80483
0.611 1.79662
0.612 1.82024
0.613 1.80704
0.614 1.83583
0.615 1.80577
0.616 1.83749
0.617 1.81564
0.618 1.81114
0.619 1.8144
0.62 1.8148
0.621 1.8188
0.622 1.81781
0.623 1.78426
0.624 1.79927
0.625 1.80076
0.626 1.78257
0.627 1.80409
0.628 1.78586
0.629 1.80598
0.63 1.79737
0.631 1.77895
0.632 1.77742
0.633 1.7909
0.634 1.78195
0.635 1.73267
0.636 1.78298
0.637 1.76422
0.638 1.78872
0.639 1.7682
0.64 1.76327
0.641 1.78634
0.642 1.77617
0.643 1.77008
0.644 1.75002
0.645 1.77618
0.646 1.78223
0.647 1.75231
0.648 1.76742
0.649 1.76916
0.65 1.75542
0.651 1.74846
0.652 1.74613
0.653 1.75875
0.654 1.75966
0.655 1.7572
0.656 1.7409
0.657 1.75715
0.658 1.72428
0.659 1.75159
0.66 1.76707
0.661 1.74619
0.662 1.74971
0.663 1.74764
0.664 1.74248
0.665 1.73251
0.666 1.75963
0.667 1.76214
0.668 1.74255
0.669 1.75846
0.67 1.74594
0.671 1.74682
0.672 1.75074
0.673 1.72043
0.674 1.71988
0.675 1.72166
0.676 1.71511
0.677 1.72668
0.678 1.75039
0.679 1.72785
0.68 1.73442
0.681 1.72465
0.682 1.71191
0.683 1.72894
0.684 1.75338
0.685 1.71285
0.686 1.70651
0.687 1.70063
0.688 1.72753
0.689 1.71272
0.69 1.69712
0.691 1.72286
0.692 1.71354
0.693 1.72971
0.694 1.71292
0.695 1.71634
0.696 1.71082
0.697 1.69188
0.698 1.70276
0.699 1.70503
0.7 1.701
0.701 1.7179
0.702 1.71057
0.703 1.67911
0.704 1.70547
0.705 1.72268
0.706 1.71112
0.707 1.69981
0.708 1.70529
0.709 1.71692
0.71 1.70123
0.711 1.70434
0.712 1.69589
0.713 1.671
0.714 1.69219
0.715 1.68683
0.716 1.704
0.717 1.69794
0.718 1.70068
0.719 1.6939
0.72 1.68533
0.721 1.70375
0.722 1.68574
0.723 1.69501
0.724 1.6915
0.725 1.67787
0.726 1.68564
0.727 1.66622
0.728 1.68119
0.729 1.68753
0.73 1.69137
0.731 1.67395
0.732 1.67324
0.733 1.68653
0.734 1.65664
0.735 1.65914
0.736 1.66428
0.737 1.67983
0.738 1.65773
0.739 1.66629
0.74 1.66077
0.741 1.64547
0.742 1.67137
0.743 1.65342
0.744 1.6686
0.745 1.65351
0.746 1.67884
0.747 1.64783
0.748 1.66113
0.749 1.65274
0.75 1.64584
0.751 1.64538
0.752 1.65568
0.753 1.66095
0.754 1.65571
0.755 1.65599
0.756 1.64721
0.757 1.65085
0.758 1.64907
0.759 1.6494
0.76 1.63376
0.761 1.64955
0.762 1.62906
0.763 1.64663
0.764 1.62392
0.765 1.62777
0.766 1.63597
0.767 1.61664
0.768 1.63609
0.769 1.61931
0.77 1.65141
0.771 1.6182
0.772 1.60655
0.773 1.59713
0.774 1.61239
0.775 1.61003
0.776 1.609
0.777 1.61506
0.778 1.59228
0.779 1.60369
0.78 1.60402
0.781 1.57739
0.782 1.60016
0.783 1.58861
0.784 1.59707
0.785 1.56784
0.786 1.59182
0.787 1.57157
0.788 1.57533
0.789 1.58477
0.79 1.56827
0.791 1.56272
0.792 1.57605
0.793 1.56589
0.794 1.56662
0.795 1.56202
0.796 1.56979
0.797 1.54167
0.798 1.53782
0.799 1.54023
0.8 1.54735
0.801 1.52489
0.802 1.53965
0.803 1.52309
0.804 1.56421
0.805 1.52228
0.806 1.52248
0.807 1.53609
0.808 1.49334
0.809 1.52354
0.81 1.49622
0.811 1.52096
0.812 1.51412
0.813 1.49603
0.814 1.49792
0.815 1.5105
0.816 1.47306
0.817 1.48417
0.818 1.50147
0.819 1.4835
0.82 1.47947
0.821 1.45704
0.822 1.46916
0.823 1.46112
0.824 1.47173
0.825 1.44418
0.826 1.47828
0.827 1.43978
0.828 1.45085
0.829 1.43118
0.83 1.46007
0.831 1.45481
0.832 1.45562
0.833 1.42212
0.834 1.40215
0.835 1.41321
0.836 1.42449
0.837 1.4167
0.838 1.40581
0.839 1.41261
0.84 1.41391
0.841 1.40247
0.842 1.39136
0.843 1.40421
0.844 1.34891
0.845 1.36324
0.846 1.37093
0.847 1.35639
0.848 1.33334
0.849 1.33605
0.85 1.34741
0.851 1.35128
0.852 1.32981
0.853 1.32433
0.854 1.34741
0.855 1.34427
0.856 1.31319
0.857 1.32582
0.858 1.30249
0.859 1.28814
0.86 1.29662
0.861 1.29929
0.862 1.3046
0.863 1.30367
0.864 1.28289
0.865 1.25871
0.866 1.24848
0.867 1.23132
0.868 1.27231
0.869 1.24893
0.87 1.2741
0.871 1.23568
0.872 1.22963
0.873 1.23494
0.874 1.23149
0.875 1.21706
0.876 1.2035
0.877 1.2306
0.878 1.21268
0.879 1.20148
0.88 1.18956
0.881 1.18366
0.882 1.18579
0.883 1.15287
0.884 1.15913
0.885 1.19139
0.886 1.17909
0.887 1.15693
0.888 1.11795
0.889 1.16048
0.89 1.13353
0.891 1.15689
0.892 1.16551
0.893 1.1373
0.894 1.08375
0.895 1.10318
0.896 1.11276
0.897 1.09014
0.898 1.13022
0.899 1.10622
0.9 1.1289
0.901 1.08099
0.902 1.09889
0.903 1.09682
0.904 1.05112
0.905 1.09507
0.906 1.07572
0.907 1.05901
0.908 1.07238
0.909 1.04482
0.91 1.06738
0.911 1.02641
0.912 1.004
0.913 1.02018
0.914 1.02722
0.915 1.02624
0.916 0.992178
0.917 1.03287
0.918 0.995041
0.919 1.00982
0.92 0.997621
0.921 1.04089
0.922 1.02003
0.923 0.940427
0.924 0.941538
0.925 1.03289
0.926 0.963602
0.927 0.982423
0.928 0.989384
0.929 0.958974
0.93 0.940469
0.931 0.998341
0.932 0.94773
0.933 0.929937
0.934 0.953221
0.935 0.921847
0.936 0.919267
0.937 0.955886
0.938 0.9447
0.939 0.870122
0.94 0.952969
0.941 0.90336
0.942 0.96493
0.943 0.888339
0.944 0.880471
0.945 0.897971
0.946 0.889667
0.947 0.907408
0.948 0.905028
0.949 0.904155
0.95 0.89254
0.951 0.869519
0.952 0.89901
0.953 0.855046
0.954 0.874521
0.955 0.862738
0.956 0.888452
0.957 0.903279
0.958 0.876531
0.959 0.888449
0.96 0.850158
0.961 0.820979
0.962 0.880191
0.963 0.805957
0.964 0.804961
0.965 0.859773
0.966 0.81748
0.967 0.84477
0.968 0.847315
0.969 0.777391
0.97 0.803677
0.971 0.781858
0.972 0.814086
0.973 0.795521
0.974 0.790003
0.975 0.780565
0.976 0.748653
0.977 0.847579
0.978 0.799648
0.979 0.780211
0.98 0.803224
0.981 0.733649
0.982 0.8042
0.983 0.754667
0.984 0.765707
0.985 0.667207
0.986 0.761482
0.987 0.708469
0.988 0.740548
0.989 0.684249
0.99 0.713358
0.991 0.741248
0.992 0.700288
0.993 0.651705
0.994 0.673466
0.995 0.679242
0.996 0.712491
0.997 0.711691
0.998 0.674557
0.999 0.734878
1 0.649756
1.001 0.709579
1.002 0.711681
1.003 0.553876
1.004 0.709474
1.005 0.651382
1.006 0.681021
1.007 0.599532
1.008 0.663082
1.009 0.598071
1.01 0.594767
1.011 0.662847
1.012 0.621835
1.013 0.554544
1.014 0.558853
1.015 0.582506
1.016 0.537142
1.017 0.619472
1.018 0.561595
1.019 0.572078
1.02 0.563085
1.021 0.607998
1.022 0.565786
1.023 0.5442
1.024 0.506756
1.025 0.547941
1.026 0.506741
1.027 0.546937
1.028 0.477336
1.029 0.537013
1.03 0.526775
1.031 0.53296
1.032 0.565571
1.033 0.491824
1.034 0.555083
1.035 0.532356
1.036 0.5058
1.037 0.52965
1.038 0.472579
1.039 0.431233
1.04 0.535508
1.041 0.350718
1.042 0.495074
1.043 0.429534
1.044 0.416904
1.045 0.404774
1.046 0.461529
1.047 0.470705
1.048 0.347377
1.049 0.362188
1.05 0.469803
1.051 0.419695
1.052 0.360801
1.053 0.353305
1.054 0.296277
1.055 0.337657
1.056 0.385102
1.057 0.248566
1.058 0.321125
1.059 0.402512
1.06 0.354657
1.061 0.369965
1.062 0.314734
1.063 0.395743
1.064 0.197376
1.065 0.274764
1.066 0.390632
1.067 0.304574
1.068 0.243019
1.069 0.208157
1.07 0.283504
1.071 0.339995
1.072 0.245226
1.073 0.125007
1.074 0.302592
1.075 0.189756
1.076 0.251138
1.077 0.112123
1.078 0.265137
1.079 0.203233
1.08 0.109316
1.081 0.225117
1.082 0.257254
1.083 0.132564
1.084 0.0901352
1.085 0.221285
1.086 0.167947
1.087 0.146222
1.088 0.322172
1.089 0.0961797
1.09 0.257177
1.091 0.140159
1.092 0.20419
1.093 0.107112
1.094 0.132687
1.095 0.0210896
1.096 0.00498752
1.097 -0.00715636
1.098 0.0894227
1.099 0.0693143
1.1 0.0725129
1.101 -0.0144956
1.102 0.0443727
1.103 0.188507
1.104 -0.0511984
1.105 0.0155621
1.106 0.00869241
1.107 -0.0934926
1.108 0.030067
1.109 0.055298
1.11 0.0147395
1.111 -0.0298684
1.112 -0.0984903
1.113 0.0611079
1.114 -0.0132067
1.115 -0.00774981
1.116 0.00774173
1.117 -0.0127146
1.118 -0.327151
1.119 -0.289418
1.12 -0.102415
1.121 0.0887465
1.122 -0.280347
1.123 -0.141427
1.124 -0.108103
1.125 -0.0627228
1.126 -0.0740773
1.127 -0.0996052
1.128 -0.143983
1.129 -0.339495
1.13 -0.124056
1.131 -0.260634
1.132 -0.142303
1.133 -0.129288
1.134 -0.0401367
1.135 -0.206195
1.136 -0.344183
1.137 -0.219845
1.138 -0.46151
1.139 -0.163594
1.14 -0.245306
1.141 -0.352789
1.142 -0.197486
1.143 -0.154262
1.144 -0.00321282
1.145 -0.381566
1.146 -0.301362
1.147 -0.315021
1.148 -0.028058
1.149 -0.220043
1.15 -0.137874
1.151 -0.290367
1.152 -0.215226
1.153 -0.442539
1.154 -0.293924
1.155 -0.127291
1.156 -0.206501
1.157 -0.389629
1.158 -0.237778
1.159 -0.803035
1.16 -0.0290172
1.161 -0.621643
1.162 -0.501581
1.163 -0.318366
1.164 -0.163263
1.165 -0.477257
1.166 -0.495017
1.167 -0.314832
1.168 -0.158613
1.169 -0.107939
1.17 -0.445064
1.171 -0.236143
1.172 -0.730466
1.173 -0.136949
1.174 -0.345301
1.175 -0.527134
1.176 -0.722999
1.177 -0.389442
1.178 -0.28342
1.179 -0.368282
1.18 -0.324601
1.181 -0.410852
1.182 -0.374128
1.183 -0.169785
1.184 -0.270928
1.185 -0.303012
1.186 -0.428927
1.187 -0.130274
1.188 -0.725109
1.189 -0.404581
1.19 -0.233944
1.191 -0.216557
1.192 -0.358158
1.193 -0.225519
1.194 -0.967634
1.195 -0.293363
1.196 -0.296948
1.197 -0.256793
1.198 -0.300407
1.199 -0.265275
1.2 -0.586968
1.201 -0.631338
1.202 -0.476849
1.203 -0.543376
1.204 -0.954207
1.205 -0.481593
1.206 -0.361238
1.207 -0.459457
1.208 -0.599869
1.209 -0.401516
1.21 -0.406158
1.211 -0.803601
1.212 -0.470044
1.213 -0.629074
1.214 -0.820211
1.215 -0.924824
1.216 -0.638933
1.217 -0.489037
1.218 -0.987005
1.219 -0.381472
1.22 -0.983949
1.221 -0.808441
1.222 -0.378968
1.223 -0.615331
1.224 -0.985411
1.225 -0.509688
1.226 -0.644742
1.227 -0.254659
1.228 -0.528319
1.229 -0.515698
1.23 -0.504184
1.231 -0.388231
1.232 -0.805182
1.233 -0.647856
1.234 -0.502235
1.235 -0.541552
1.236 -0.482591
1.237 -0.257578
1.238 -0.593807
1.239 -0.614325
1.24 -0.554369
1.241 -0.611742
1.242 -0.797668
1.243 -0.461717
1.244 -0.176571
1.245 -0.576939
1.246 -0.354799
1.247 -0.844393
1.248 -0.407347
1.249 -0.380708
1.25 -0.684855
1.251 -0.517966
1.252 -0.527105
1.253 -0.680251
1.254 -0.692034
1.255 -0.606678
1.256 -0.725957
1.257 -0.652182
1.258 -1.28095
1.259 -0.530892
1.26 -0.626017
1.261 -0.481007
1.262 -0.836054
1.263 -0.310863
1.264 -0.54822
1.265 -0.613492
1.266 -1.0787
1.267 -0.485656
1.268 -0.790731
1.269 -0.65078
1.27 -0.520923
1.271 -0.520837
1.272 -0.741229
1.273 -0.632216
1.274 -1.07444
1.275 -0.528509
1.276 -0.85133
1.277 -0.522995
1.278 -0.987574
1.279 -0.886441
1.28 -0.637849
1.281 -0.720301
1.282 -0.523818
1.283 -1.14705
1.284 -0.573429
1.285 -0.284994
1.286 -0.717863
1.287 -0.500749
1.288 -0.658045
1.289 -1.09481
1.29 -0.646779
1.291 -0.813863
1.292 -0.679729
1.293 -1.03617
1.294 -0.941559
1.295 -0.547323
1.296 -0.699772
1.297 -1.31486
1.298 -0.911645
1.299 -0.421115
1.3 -0.56909
1.301 -0.967176
1.302 -0.840567
1.303 -0.738152
1.304 -0.975655
1.305 -0.638111
1.306 -0.3963
1.307 -0.503642
1.308 -0.637709
1.309 -0.842019
1.31 -0.702748
1.311 -0.691531
1.312 -0.857707
1.313 -0.518081
1.314 -0.730833
1.315 -0.592157
1.316 -0.723691
1.317 -0.936086
1.318 -0.605176
1.319 -1.37933
1.32 -0.866537
1.321 -1.29267
1.322 -1.08409
1.323 -0.783451
1.324 -0.465484
1.325 -0.823178
1.326 -1.35893
1.327 -0.935382
1.328 -0.912724
1.329 -1.23922
1.33 -0.81105
1.331 -0.362487
1.332 -2.79806
1.333 -0.602457
1.334 -0.842341
1.335 -1.19209
1.336 -1.497
1.337 -0.922272
1.338 -0.744408
1.339 -0.725984
1.34 -1.06482
1.341 -0.592479
1.342 -1.15378
1.343 -1.1408
1.344 -0.727076
1.345 -0.733037
1.346 -0.745096
1.347 -0.727938
1.348 -1.04261
1.349 -1.05646
1.35 -1.21744
1.351 -1.08578
1.352 -0.319098
1.353 -1.37557
1.354 -1.14048
1.355 -1.14821
1.356 -1.32792
1.357 -0.596442
1.358 -0.976839
1.359 -0.682123
1.36 -0.8263
1.361 -0.760533
1.362 -0.817192
1.363 -2.07886
1.364 -0.825663
1.365 -1.15938
1.366 -1.80347
1.367 -0.777204
1.368 -0.690624
1.369 -1.53251
1.37 -1.52086
1.371 -2.10446
1.372 -0.528513
1.373 -0.806466
1.374 -0.618401
1.375 -0.67881
1.376 -0.962296
1.377 -1.10461
1.378 -0.715532
1.379 -0.654799
1.38 -1.59023
1.381 -0.676911
1.382 -1.12519
1.383 -1.11046
1.384 -0.633593
1.385 -1.04666
1.386 -0.941209
1.387 -1.68587
1.388 -1.28113
1.389 -1.18025
1.39 -0.929469
1.391 -0.911983
1.392 -0.975832
1.393 -1.00856
1.394 -0.942945
1.395 -1.11757
1.397 -1.07774
1.398 -1.27752
1.399 -0.726172
1.4 -0.717889
1.401 -1.23057
1.402 -0.994937
1.403 -0.989075
1.404 -1.0964
1.405 -1.94906
1.406 -1.29615
1.407 -1.31413
1.408 -1.26474
1.409 -1.40318
1.41 -0.982262
1.411 -1.29367
1.412 -1.96334
1.413 -1.45994
1.414 -1.18709
1.415 -1.26671
1.416 -1.31331
1.417 -0.845948
1.418 -1.6466
1.419 -0.643809
1.42 -0.708306
1.421 -2.7509
1.422 -1.48596
1.423 -0.815165
1.424 -1.61951
1.425 -0.599586
1.426 -1.20288
1.427 -1.64044
1.428 -1.3621
1.429 -0.925561
1.43 -1.35715
1.431 -0.755172
1.432 -1.06978
1.433 -1.19911
1.434 -1.08895
1.436 -0.694904
1.437 -0.849754
1.438 -0.817722
1.439 -0.786404
1.44 -0.488552
1.441 -1.9856
1.443 -0.774265
1.444 -1.53148
1.446 -2.2148
1.447 -1.25819
1.448 -0.978891
1.449 -1.24418
1.45 -1.48813
1.451 -1.11125
1.452 -1.22269
1.453 -2.3431
1.454 -3.6118
1.455 -0.750738
1.456 -0.621648
1.457 -0.910909
1.458 -1.30629
1.459 -0.542542
1.46 -0.749443
1.461 -0.670252
1.462 -0.865246
1.463 -1.68735
1.464 -0.787256
1.465 -1.03778
1.466 -1.39827
1.467 -2.41674
1.468 -0.959353
1.469 -2.48784
1.471 -0.798887
1.472 -1.19682
1.474 -1.01295
1.475 -1.53549
1.476 -0.798636
1.477 -0.948351
1.478 -0.796777
1.479 -1.44712
1.48 -1.5647
1.481 -1.54078
1.482 -0.907767
1.483 -0.920698
1.484 -1.71026
1.485 -1.9138
1.486 -0.706896
1.487 -1.25775
1.488 -0.535949
1.489 -1.25235
1.49 -1.72471
1.491 -0.572361
1.492 -1.59375
1.493 -0.767814
1.494 -0.60701
1.495 -0.996455
1.496 -1.69111
1.497 -1.20392
1.498 -1.57004
1.499 -2.40976
1.501 -0.647684
1.504 -1.05284
1.505 -1.25503
1.506 -1.54311
1.509 -1.1651
1.51 -0.749547
1.511 -0.914977
1.512 -0.921414
1.513 -1.58946
1.515 -0.998042
1.516 -0.91079
1.517 -1.35722
1.519 -1.1998
1.522 -1.15573
1.523 -0.973717
1.524 -0.896372
1.525 -1.52371
1.526 -2.09777
1.527 -1.01088
1.528 -0.693992
1.529 -1.55713
1.531 -1.04985
1.532 -1.19967
1.533 -0.793055
1.536 -1.47043
1.537 -0.945159
1.538 -1.21691
1.539 -0.866364
1.54 -1.66738
1.541 -0.778386
1.542 -2.14067
1.543 -0.965264
1.544 -1.47401
1.545 -0.915994
1.546 -1.38029
1.547 -0.701585
1.548 -1.9714
1.549 -1.30828
1.55 -1.28153
1.551 -0.824247
1.552 -0.830605
1.553 -1.28378
1.554 -2.35364
1.555 -2.21742
1.556 -1.63292
1.557 -1.8133
1.558 -0.688848
1.559 -1.26095
1.56 -1.86113
1.562 -0.924988
1.563 -0.95933
1.564 -1.03666
1.565 -1.03397
1.566 -1.04982
1.567 -0.75501
1.568 -0.997984
1.57 -0.842011
1.571 -1.02224
1.572 -1.03603
1.573 -0.753634
1.575 -2.33004
1.576 -0.989294
1.577 -1.11064
1.578 -2.52873
1.579 -0.70834
1.58 -2.46934
1.581 -2.15822
1.582 -0.818351
1.583 -2.83089
1.584 -0.869427
1.585 -1.35876
1.586 -0.804991
1.587 -1.62492
1.588 -0.915783
1.589 -0.920585
1.592 -1.74917
1.593 -1.64398
1.594 -1.04656
1.596 -1.40911
1.597 -1.79921
1.598 -0.909409
1.6 -1.01386
1.602 -1.20478
1.603 -2.2255
1.605 -2.22933
1.606 -1.62882
1.607 -1.28124
1.608 -2.44715
1.609 -1.58024
1.611 -0.965944
1.612 -1.03029
1.613 -2.21074
1.614 -1.63982
1.615 -1.07191
1.616 -1.94714
1.618 -1.12381
1.619 -0.970303
1.62 -2.12777
1.621 -3.44716
1.623 -1.56623
1.626 -1.23249
1.627 -1.10435
1.628 -1.29278
1.629 -2.09974
1.63 -1.87815
1.631 -1.26741
1.632 -2.85481
1.633 -1.55888
1.634 -1.81818
1.635 -1.97465
1.636 -1.78981
1.637 -3.91717
1.638 -1.13973
1.639 -1.68922
1.64 -0.899466
1.641 -1.04991
1.642 -2.43406
1.644 -0.847345
1.645 -1.51534
1.646 -1.12258
1.648 -1.09521
1.649 -1.05592
1.65 -0.688641
1.651 -2.9306
1.653 -1.99255
1.654 -2.00174
1.656 -1.13579
1.657 -1.61107
1.658 -1.00867
1.659 -1.10157
1.661 -0.999575
1.667 -1.54985
1.668 -0.857271
1.669 -0.731286
1.67 -1.25139
1.671 -1.2342
1.672 -1.72301
1.674 -1.45412
1.675 -1.02193
1.677 -1.07413
1.678 -1.75042
1.679 -2.205
1.68 -1.18501
1.681 -1.18267
1.686 -1.14144
1.687 -1.78329
1.688 -1.0749
1.69 -1.56198
1.691 -1.1399
1.692 -1.18897
1.694 -0.953287
1.695 -1.02484
1.696 -2.06478
1.697 -1.97894
1.7 -1.08226
1.703 -0.957391
1.704 -1.60107
1.706 -1.00407
1.708 -2.33874
1.709 -1.7598
1.71 -1.08549
1.711 -1.6797
1.713 -1.13459
1.714 -0.701215
1.716 -2.2593
1.717 -1.06113
1.718 -1.14376
1.719 -0.950084
1.72 -0.809761
1.721 -2.92381
1.722 -1.21468
1.723 -1.80948
1.724 -1.93055
1.726 -3.10146
1.728 -1.83188
1.734 -1.37527
1.736 -2.60429
1.738 -0.75363
1.74 -1.0932
1.741 -1.74593
1.743 -1.56728
1.745 -0.939296
1.747 -2.0929
1.748 -1.55558
1.749 -1.17065
1.75 -1.23488
1.752 -1.03495
1.753 -2.01517
1.754 -1.00499
1.756 -1.17858
1.758 -0.690692
1.759 -1.18795
1.76 -3.58752
1.761 -1.40486
1.763 -1.34938
1.764 -1.51223
1.765 -1.10014
1.766 -1.53065
1.767 -0.919837
1.768 -1.34421
1.769 -1.26207
1.77 -1.68722
1.771 -1.32817
1.773 -2.12732
1.775 -0.808773
1.777 -1.07487
1.779 -1.74067
1.781 -1.06591
1.783 -1.88095
1.786 -2.18602
1.788 -1.21848
1.789 -1.01867
1.79 -1.09503
1.791 -2.15426
1.792 -1.11041
1.795 -0.964626
1.796 -2.46464
1.798 -0.994986
1.799 -1.28183
1.8 -2.85278
1.803 -1.10173
1.804 -0.899162
1.805 -0.811069
1.807 -2.75641
1.808 -0.920388
1.812 -0.849519
1.815 -0.993497
1.818 -0.680705
1.819 -2.06671
1.82 -2.84598
1.822 -1.36688
1.824 -2.47449
1.826 -2.60743
1.827 -1.75568
1.828 -0.698075
1.829 -1.3561
1.83 -1.07189
1.833 -1.09896
1.834 -1.13904
1.835 -0.875986
1.837 -1.85447
1.839 -1.64535
1.84 -1.46386
1.842 -1.16531
1.843 -1.64312
1.844 -3.77107
1.845 -2.22975
1.846 -2.5103
1.847 -0.925194
1.848 -1.68447
1.849 -0.95933
1.85 -1.44224
1.852 -1.0077
1.853 -1.59126
1.854 -0.720949
1.856 -2.1015
1.858 -1.20414
1.859 -3.04978
1.86 -0.945934
1.863 -1.05249
1.864 -0.973164
1.865 -1.11534
1.866 -1.69475
1.869 -1.56203
1.873 -1.92208
1.876 -1.13412
1.877 -1.96225
1.882 -0.806224
1.885 -1.6696
1.889 -2.34884
1.893 -1.02545
1.894 -1.91802
1.895 -0.561872
1.897 -1.19346
1.903 -1.35322
1.907 -1.4302
1.908 -0.742078
1.915 -1.09724
1.916 -0.951726
1.919 -1.0031
1.92 -1.56393
1.921 -1.10319
1.923 -2.27834
1.928 -1.1241
1.935 -2.51795
1.936 -1.23936
1.938 -1.13122
1.94 -1.0556
1.943 -0.992079
1.944 -0.925384
1.945 -1.92232
1.947 -1.09971
1.948 -0.927217
1.951 -0.634957
1.954 -0.938826
1.958 -1.1161
1.961 -1.77761
1.962 -1.35481
1.963 -1.08011
1.971 -1.06117
1.973 -1.94263
1.974 -0.955686
1.975 -1.25302
1.977 -1.05573
1.982 -1.11011
1.985 -2.34842
1.986 -0.810678
1.99 -2.38515
1.991 -1.07732
1.994 -1.42102
1.996 -1.68729
2.001 -1.24725
2.002 -0.920062
2.003 -0.886167
2.005 -1.00178
2.008 -0.913105
2.012 -1.65098
2.019 -2.4967
2.021 -1.61977
2.022 -1.54999
2.023 -1.08522
2.025 -1.81368
2.026 -1.0345
2.029 -3.0317
2.031 -0.948003
2.032 -1.11352
2.041 -1.26768
2.043 -1.27157
2.047 -1.25625
2.048 -1.55338
2.05 -0.925857
2.057 -0.759816
2.058 -1.28878
2.059 -1.08222
2.061 -1.0308
2.062 -0.993523
2.064 -1.5141
2.066 -1.38587
2.067 -1.07317
2.068 -2.22993
2.069 -1.69513
2.074 -1.07757
2.077 -1.11445
2.078 -0.931548
2.08 -1.05271
2.087 -0.982616
2.092 -2.308
2.093 -1.11156
2.094 -0.927217
2.097 -1.0646
2.102 -1.23065
2.103 -1.40189
2.11 -0.879186
2.113 -1.07562
2.114 -1.85632
2.115 -1.39225
2.118 -1.09443
2.119 -1.03487
2.126 -2.18309
2.129 -1.23789
2.133 -1.28751
2.141 -1.66853
2.144 -0.852398
2.149 -1.04398
2.154 -1.78014
2.166 -1.06901
2.167 -1.08108
2.169 -1.05124
2.173 -1.097
2.182 -1.04931
2.183 -1.26256
2.188 -1.19444
2.191 -1.65941
2.195 -1.43118
2.215 -1.52751
2.216 -0.985596
2.219 -1.11254
2.225 -1.19296
2.232 -0.996348
2.245 -1.56617
2.254 -3.00524
2.258 -1.37896
2.263 -1.01916
2.266 -1.04396
2.268 -1.18189
2.287 -1.29625
2.293 -1.20366
2.301 -1.0792
2.302 -1.07377
2.305 -0.956347
2.307 -1.31936
2.31 -0.948203
2.312 -2.45523
2.323 -1.89398
2.333 -1.8525
2.339 -1.14441
2.341 -0.926071
2.342 -2.16446
2.343 -1.07618
2.347 -1.0767
2.356 -1.05443
2.359 -2.00142
2.371 -0.938961
2.385 -0.996259
2.387 -1.1204
2.394 -1.15981
2.424 -1.80913
2.426 -1.20655
2.442 -3.513
2.446 -1.12501
2.452 -1.02748
2.46 -0.96555
2.467 -1.35036
2.476 -2.37445
2.477 -1.00675
2.479 -1.47409
2.483 -1.97718
2.486 -0.978072
2.489 -1.43547
2.499 -2.24094
2.503 -1.24082
2.51 -0.925423
2.542 -1.2391
2.552 -0.97811
2.58 -1.04089
2.605 -0.92611
2.631 -2.63361
2.638 -0.977926
2.671 -1.06575
2.697 -1.85559
2.739 -1.08509
2.754 -0.993707
2.807 -2.07738
2.818 -1.12963
2.826 -1.11105
2.829 -1.29714
2.831 -1.10948
2.855 -1.07326
2.862 -1.10921
2.863 -1.04406
2.912 -1.12192
2.933 -1.03293
2.938 -1.35753
2.961 -1.10981
2.992 -1.00939
3.003 -0.666388
3.055 -1.00143
3.094 -1.2339
3.12 -1.15544
3.125 -0.944707
3.136 -1.0497
3.143 -0.924207
3.145 -1.47368
3.167 -0.985634
3.195 -1.00234
3.226 -1.66283
3.228 -1.29799
3.234 -1.34605
3.253 -1.26481
3.254 -1.08143
3.319 -1.1247
3.381 -0.920688
3.433 -1.32795
3.451 -1.08925
3.456 -1.28251
3.508 -1.43103
3.525 -0.927255
3.553 -1.16702
3.56 -0.971124
3.596 -0.995739
3.6 -0.949151
3.604 -0.928657
3.673 -0.938985
3.826 -1.2301
3.876 -1.17535
3.889 -0.935027
3.91 -1.12995
3.947 -0.94867
4.015 -0.954172
4.022 -1.01202
4.632 -0.925423
4.883 -0.922559
5.043 -0.944625
