0.003 -0.488427
0.004 -0.0130977
0.005 0.373741
0.006 0.450301
0.007 0.538635
0.008 0.772674
0.009 0.795441
0.01 0.830221
0.011 0.942066
0.012 1.04395
0.013 1.0669
0.014 1.15418
0.015 1.21288
0.016 1.26517
0.017 1.30779
0.018 1.34052
0.019 1.41131
0.02 1.42824
0.021 1.48787
0.022 1.52555
0.023 1.51407
0.024 1.54855
0.025 1.58164
0.026 1.6153
0.027 1.63598
0.028 1.65217
0.029 1.70819
0.03 1.70291
0.031 1.70742
0.032 1.71124
0.033 1.71255
0.034 1.75224
0.035 1.73534
0.036 1.76724
0.037 1.75214
0.038 1.77455
0.039 1.80343
0.04 1.72238
0.041 1.74311
0.042 1.74441
0.043 1.74799
0.044 1.78232
0.045 1.7836
0.046 1.77195
0.047 1.7754
0.048 1.79055
0.049 1.79384
0.05 1.79115
0.051 1.77995
0.052 1.78769
0.053 1.80244
0.054 1.7699
0.055 1.7483
0.056 1.77351
0.057 1.75657
0.058 1.75643
0.059 1.73844
0.06 1.76027
0.061 1.74111
0.062 1.72693
0.063 1.74238
0.064 1.7489
0.065 1.75109
0.066 1.76882
0.067 1.74419
0.068 1.75828
0.069 1.73984
0.07 1.73303
0.071 1.75344
0.072 1.73779
0.073 1.74917
0.074 1.73171
0.075 1.70949
0.076 1.71348
0.077 1.72971
0.078 1.72624
0.079 1.6561
0.08 1.66893
0.081 1.6806
0.082 1.69714
0.083 1.69078
0.084 1.66184
0.085 1.69983
0.086 1.69896
0.087 1.70324
0.088 1.71394
0.089 1.71768
0.09 1.73097
0.091 1.74083
0.092 1.71848
0.093 1.70044
0.094 1.7081
0.095 1.69928
0.096 1.68821
0.097 1.64961
0.098 1.68735
0.099 1.67345
0.1 1.63905
0.101 1.68993
0.102 1.65797
0.103 1.64633
0.104 1.64544
0.105 1.62786
0.106 1.63956
0.107 1.63263
0.108 1.66964
0.109 1.63568
0.11 1.6602
0.111 1.63377
0.112 1.63235
0.113 1.64087
0.114 1.59662
0.115 1.61802
0.116 1.57699
0.117 1.60872
0.118 1.55571
0.119 1.57484
0.12 1.60309
0.121 1.57584
0.122 1.56672
0.123 1.56756
0.124 1.56841
0.125 1.55838
0.126 1.52385
0.127 1.5297
0.128 1.55799
0.129 1.54769
0.13 1.50701
0.131 1.54923
0.132 1.53172
0.133 1.57072
0.134 1.53127
0.135 1.55002
0.136 1.52479
0.137 1.53781
0.138 1.5502
0.139 1.52449
0.14 1.55052
0.141 1.54086
0.142 1.55766
0.143 1.54155
0.144 1.57887
0.145 1.55618
0.146 1.55318
0.147 1.56353
0.148 1.58785
0.149 1.60242
0.15 1.59399
0.151 1.61476
0.152 1.6076
0.153 1.61748
0.154 1.61261
0.155 1.62731
0.156 1.65384
0.157 1.67641
0.158 1.65508
0.159 1.64855
0.16 1.60798
0.161 1.62348
0.162 1.59814
0.163 1.55745
0.164 1.5469
0.165 1.56444
0.166 1.56613
0.167 1.55312
0.168 1.51346
0.169 1.53396
0.17 1.5226
0.171 1.48802
0.172 1.47594
0.173 1.47237
0.174 1.49582
0.175 1.47223
0.176 1.46732
0.177 1.45381
0.178 1.47964
0.179 1.42842
0.18 1.45025
0.181 1.40816
0.182 1.42835
0.183 1.40041
0.184 1.38705
0.185 1.35958
0.186 1.37433
0.187 1.39503
0.188 1.37561
0.189 1.3817
0.19 1.33081
0.191 1.3583
0.192 1.37853
0.193 1.37485
0.194 1.38355
0.195 1.36907
0.196 1.35305
0.197 1.3296
0.198 1.30749
0.199 1.38113
0.2 1.37415
0.201 1.29395
0.202 1.30854
0.203 1.31975
0.204 1.32656
0.205 1.30687
0.206 1.39708
0.207 1.32237
0.208 1.32096
0.209 1.29581
0.21 1.30621
0.211 1.33884
0.212 1.29505
0.213 1.30798
0.214 1.36423
0.215 1.24536
0.216 1.34314
0.217 1.28469
0.218 1.30435
0.219 1.30657
0.22 1.30769
0.221 1.27487
0.222 1.3227
0.223 1.25829
0.224 1.28923
0.225 1.33388
0.226 1.26313
0.227 1.28463
0.228 1.34942
0.229 1.28367
0.23 1.33809
0.231 1.29749
0.232 1.3037
0.233 1.28839
0.234 1.28571
0.235 1.36213
0.236 1.29475
0.237 1.38759
0.238 1.34163
0.239 1.34109
0.24 1.29856
0.241 1.33283
0.242 1.32496
0.243 1.36397
0.244 1.38434
0.245 1.3485
0.246 1.35451
0.247 1.33826
0.248 1.35553
0.249 1.35171
0.25 1.30152
0.251 1.35146
0.252 1.35293
0.253 1.35909
0.254 1.38985
0.255 1.35425
0.256 1.34379
0.257 1.29122
0.258 1.3756
0.259 1.38302
0.26 1.33933
0.261 1.30603
0.262 1.34811
0.263 1.34196
0.264 1.32846
0.265 1.38553
0.266 1.3195
0.267 1.36952
0.268 1.31043
0.269 1.35264
0.27 1.34314
0.271 1.3508
0.272 1.32381
0.273 1.37041
0.274 1.33956
0.275 1.29314
0.276 1.36295
0.277 1.31562
0.278 1.3223
0.279 1.3532
0.28 1.32455
0.281 1.28394
0.282 1.278
0.283 1.32486
0.284 1.28549
0.285 1.34108
0.286 1.31317
0.287 1.34478
0.288 1.34387
0.289 1.2744
0.29 1.31958
0.291 1.29885
0.292 1.29238
0.293 1.25329
0.294 1.32657
0.295 1.26366
0.296 1.27155
0.297 1.27308
0.298 1.26296
0.299 1.24418
0.3 1.28361
0.301 1.25963
0.302 1.30207
0.303 1.28438
0.304 1.30206
0.305 1.26011
0.306 1.23066
0.307 1.29479
0.308 1.26552
0.309 1.25186
0.31 1.25692
0.311 1.22335
0.312 1.22948
0.313 1.27541
0.314 1.21942
0.315 1.16624
0.316 1.21357
0.317 1.26113
0.318 1.2159
0.319 1.24568
0.32 1.23843
0.321 1.18453
0.322 1.21189
0.323 1.1691
0.324 1.1983
0.325 1.23309
0.326 1.18175
0.327 1.2156
0.328 1.22463
0.329 1.19429
0.33 1.17857
0.331 1.24091
0.332 1.18611
0.333 1.15555
0.334 1.18787
0.335 1.21728
0.336 1.14857
0.337 1.15648
0.338 1.17688
0.339 1.13211
0.34 1.16584
0.341 1.16825
0.342 1.12645
0.343 1.13712
0.344 1.10284
0.345 1.14588
0.346 1.11664
0.347 1.11259
0.348 1.12736
0.349 1.13519
0.35 1.0827
0.351 1.14235
0.352 1.1285
0.353 1.15066
0.354 1.0606
0.355 1.06675
0.356 1.10237
0.357 1.11695
0.358 1.05563
0.359 1.07444
0.36 1.08599
0.361 1.04252
0.362 1.09003
0.363 1.10071
0.364 1.08746
0.365 1.12878
0.366 1.1379
0.367 1.0275
0.368 1.06058
0.369 1.05814
0.37 1.07828
0.371 1.07121
0.372 1.03761
0.373 1.06131
0.374 1.11163
0.375 1.11148
0.376 1.1001
0.377 1.05114
0.378 1.04925
0.379 1.03362
0.38 1.01615
0.381 0.994739
0.382 0.994865
0.383 1.03985
0.384 1.03639
0.385 1.01694
0.386 1.0631
0.387 1.09404
0.388 1.03468
0.389 1.02877
0.39 1.05093
0.391 1.0189
0.392 1.04797
0.393 0.950261
0.394 1.03758
0.395 1.00311
0.396 0.992492
0.397 1.03879
0.398 0.988025
0.399 0.958559
0.4 0.950116
0.401 1.00864
0.402 0.982064
0.403 1.04632
0.404 1.06693
0.405 1.022
0.406 0.975075
0.407 1.00768
0.408 0.957442
0.409 0.98287
0.41 0.98463
0.411 1.01335
0.412 0.954742
0.413 0.998292
0.414 1.04239
0.415 0.977474
0.416 1.00665
0.417 1.00872
0.418 1.01278
0.419 0.961139
0.42 1.03417
0.421 1.00692
0.422 0.955376
0.423 0.998228
0.424 0.972156
0.425 0.974308
0.426 1.0339
0.427 1.03634
0.428 1.01971
0.429 1.00273
0.43 1.01481
0.431 0.87985
0.432 0.990985
0.433 1.00642
0.434 0.945068
0.435 1.03404
0.436 0.916174
0.437 1.01709
0.438 1.04181
0.439 1.00767
0.44 1.00704
0.441 0.975179
0.442 1.00453
0.443 1.01336
0.444 1.02303
0.445 0.952707
0.446 1.02467
0.447 1.00098
0.448 0.95603
0.449 0.990621
0.45 0.993953
0.451 0.96719
0.452 0.946396
0.453 0.930391
0.454 0.954492
0.455 1.01778
0.456 1.02384
0.457 0.971466
0.458 1.01759
0.459 0.940657
0.46 0.959072
0.461 0.972166
0.462 0.976762
0.463 0.96948
0.464 0.865431
0.465 0.980293
0.466 0.967885
0.467 1.00967
0.468 0.920567
0.469 0.928711
0.47 0.959594
0.471 0.980038
0.472 0.938117
0.473 0.971036
0.474 0.977462
0.475 0.901941
0.476 0.969239
0.477 0.977338
0.478 0.920678
0.479 0.962627
0.48 0.885055
0.481 0.948085
0.482 0.933183
0.483 0.877594
0.484 0.8489
0.485 0.915533
0.486 0.930272
0.487 0.834761
0.488 0.856121
0.489 0.875606
0.49 0.923712
0.491 0.887316
0.492 0.929866
0.493 0.956305
0.494 0.867166
0.495 0.882481
0.496 0.893344
0.497 0.890312
0.498 0.895261
0.499 0.880269
0.5 0.848027
0.501 0.94857
0.502 0.862382
0.503 0.881942
0.504 0.985858
0.505 0.867947
0.506 0.898793
0.507 0.888836
0.508 0.864207
0.509 0.905333
0.51 0.861813
0.511 0.873045
0.512 0.86291
0.513 0.861501
0.514 0.977377
0.515 0.950878
0.516 0.910877
0.517 0.909672
0.518 0.924678
0.519 0.950347
0.52 0.940659
0.521 0.976395
0.522 0.943327
0.523 0.841957
0.524 0.9351
0.525 0.972846
0.526 0.958101
0.527 0.937594
0.528 0.925359
0.529 0.852798
0.53 0.947569
0.531 0.943494
0.532 0.956338
0.533 0.953471
0.534 0.939739
0.535 0.855716
0.536 0.879705
0.537 0.934618
0.538 0.937907
0.539 0.922517
0.54 0.960398
0.541 0.978874
0.542 0.961642
0.543 0.936478
0.544 0.905255
0.545 0.944371
0.546 0.930655
0.547 0.95899
0.548 0.942672
0.549 0.946984
0.55 0.956138
0.551 0.92046
0.552 0.941766
0.553 0.912808
0.554 0.960299
0.555 0.955126
0.556 0.987157
0.557 1.03031
0.558 0.973727
0.559 0.934337
0.56 0.954839
0.561 0.994767
0.562 1.0192
0.563 0.977642
0.564 0.978424
0.565 1.02377
0.566 0.987381
0.567 1.01377
0.568 0.992221
0.569 0.990685
0.57 0.928568
0.571 0.899376
0.572 0.969961
0.573 0.936095
0.574 0.910042
0.575 0.918165
0.576 0.943017
0.577 0.872516
0.578 0.920019
0.579 0.911487
0.58 0.885196
0.581 0.88101
0.582 0.877637
0.583 0.894525
0.584 0.891974
0.585 0.855309
0.586 0.865179
0.587 0.9042
0.588 0.929408
0.589 0.879979
0.59 0.912568
0.591 0.9151
0.592 0.924805
0.593 0.913213
0.594 0.907047
0.595 0.835492
0.596 0.950791
0.597 0.901791
0.598 0.798883
0.599 0.89686
0.6 0.882607
0.601 0.848153
0.602 0.863085
0.603 0.920009
0.604 0.831411
0.605 0.837028
0.606 0.806639
0.607 0.901837
0.608 0.890897
0.609 0.820937
0.61 0.854898
0.611 0.890469
0.612 0.889127
0.613 0.874122
0.614 0.848671
0.615 0.857561
0.616 0.84284
0.617 0.802952
0.618 0.896141
0.619 0.781896
0.62 0.906735
0.621 0.849505
0.622 0.86945
0.623 0.929432
0.624 0.849347
0.625 0.879572
0.626 0.846805
0.627 0.795362
0.628 0.880245
0.629 0.850399
0.63 0.817032
0.631 0.832659
0.632 0.797756
0.633 0.821207
0.634 0.894561
0.635 0.821657
0.636 0.873853
0.637 0.884565
0.638 0.832549
0.639 0.800907
0.64 0.794548
0.641 0.808578
0.642 0.819345
0.643 0.839376
0.644 0.868819
0.645 0.827337
0.646 0.848662
0.647 0.868232
0.648 0.903928
0.649 0.799416
0.65 0.792428
0.651 0.730686
0.652 0.854937
0.653 0.751231
0.654 0.837529
0.655 0.779809
0.656 0.847981
0.657 0.768198
0.658 0.820091
0.659 0.829736
0.66 0.806138
0.661 0.859907
0.662 0.754835
0.663 0.800649
0.664 0.838152
0.665 0.752736
0.666 0.765251
0.667 0.846203
0.668 0.723378
0.669 0.819632
0.67 0.763695
0.671 0.798479
0.672 0.734893
0.673 0.688014
0.674 0.798535
0.675 0.833116
0.676 0.849069
0.677 0.737934
0.678 0.784562
0.679 0.792777
0.68 0.778408
0.681 0.712421
0.682 0.77222
0.683 0.80183
0.684 0.753723
0.685 0.753322
0.686 0.774649
0.687 0.7587
0.688 0.777631
0.689 0.723601
0.69 0.713715
0.691 0.77539
0.692 0.787957
0.693 0.834257
0.694 0.775064
0.695 0.772608
0.696 0.705797
0.697 0.75784
0.698 0.731655
0.699 0.749109
0.7 0.758256
0.701 0.795407
0.702 0.793906
0.703 0.717228
0.704 0.770572
0.705 0.745879
0.706 0.746731
0.707 0.790057
0.708 0.742987
0.709 0.723636
0.71 0.785787
0.711 0.720703
0.712 0.708884
0.713 0.750063
0.714 0.700308
0.715 0.747762
0.716 0.71469
0.717 0.780622
0.718 0.748193
0.719 0.749956
0.72 0.737966
0.721 0.743247
0.722 0.689084
0.723 0.721844
0.724 0.776797
0.725 0.711336
0.726 0.763909
0.727 0.713376
0.728 0.796217
0.729 0.79909
0.73 0.668844
0.731 0.758964
0.732 0.668902
0.733 0.764949
0.734 0.683576
0.735 0.717079
0.736 0.71906
0.737 0.711606
0.738 0.676654
0.739 0.707059
0.74 0.753606
0.741 0.628248
0.742 0.729503
0.743 0.72307
0.744 0.689046
0.745 0.700621
0.746 0.741579
0.747 0.678922
0.748 0.707165
0.749 0.756351
0.75 0.664758
0.751 0.635019
0.752 0.74062
0.753 0.65783
0.754 0.681201
0.755 0.702646
0.756 0.655376
0.757 0.737123
0.758 0.677193
0.759 0.633288
0.76 0.71355
0.761 0.732595
0.762 0.683102
0.763 0.683265
0.764 0.683669
0.765 0.721289
0.766 0.680432
0.767 0.714095
0.768 0.670471
0.769 0.679509
0.77 0.660003
0.771 0.702443
0.772 0.614602
0.773 0.65746
0.774 0.645171
0.775 0.619742
0.776 0.553571
0.777 0.643037
0.778 0.692927
0.779 0.562122
0.78 0.686751
0.781 0.693171
0.782 0.691558
0.783 0.641152
0.784 0.68595
0.785 0.635572
0.786 0.683929
0.787 0.675987
0.788 0.590954
0.789 0.670664
0.79 0.634303
0.791 0.612297
0.792 0.634042
0.793 0.606258
0.794 0.681412
0.795 0.586017
0.796 0.618638
0.797 0.596288
0.798 0.618259
0.799 0.602389
0.8 0.594555
0.801 0.4485
0.802 0.582369
0.803 0.593272
0.804 0.621311
0.805 0.595618
0.806 0.608127
0.807 0.572248
0.808 0.609685
0.809 0.579521
0.81 0.60965
0.811 0.640167
0.812 0.534002
0.813 0.553062
0.814 0.613695
0.815 0.612519
0.816 0.531575
0.817 0.524086
0.818 0.556285
0.819 0.528238
0.82 0.559488
0.821 0.59235
0.822 0.578704
0.823 0.580803
0.824 0.519919
0.825 0.499496
0.826 0.460756
0.827 0.518178
0.828 0.523293
0.829 0.570228
0.83 0.515808
0.831 0.429005
0.832 0.441413
0.833 0.409697
0.834 0.494078
0.835 0.482675
0.836 0.393622
0.837 0.451498
0.838 0.421662
0.839 0.459636
0.84 0.366631
0.841 0.405322
0.842 0.455703
0.843 0.347419
0.844 0.410712
0.845 0.476756
0.846 0.369156
0.847 0.337998
0.848 0.434732
0.849 0.417271
0.85 0.406249
0.851 0.432211
0.852 0.401946
0.853 0.413937
0.854 0.398632
0.855 0.403425
0.856 0.434204
0.857 0.365933
0.858 0.341329
0.859 0.236722
0.86 0.389839
0.861 0.418806
0.862 0.375758
0.863 0.377583
0.864 0.375008
0.865 0.292431
0.866 0.377538
0.867 0.327002
0.868 0.417567
0.869 0.292793
0.87 0.354644
0.871 0.344057
0.872 0.385954
0.873 0.289962
0.874 0.303191
0.875 0.340249
0.876 0.242211
0.877 0.270138
0.878 0.367251
0.879 0.262804
0.88 0.266926
0.881 0.207295
0.882 0.215661
0.883 0.270245
0.884 0.315663
0.885 0.187635
0.886 0.288063
0.887 0.188584
0.888 0.365177
0.889 0.16301
0.89 0.0813102
0.891 0.165937
0.892 0.206523
0.893 0.189662
0.894 0.211472
0.895 0.161283
0.896 0.202866
0.897 0.204016
0.898 0.235016
0.899 0.18475
0.9 0.126445
0.901 -0.00991628
0.902 0.133617
0.903 0.261291
0.904 0.202562
0.905 0.135128
0.906 0.227373
0.907 0.0214832
0.908 0.0954243
0.909 0.160958
0.91 -0.00982997
0.911 0.115497
0.912 0.0867218
0.913 0.122436
0.914 -0.0197853
0.915 0.0328447
0.916 0.0319576
0.917 -0.0800584
0.918 -0.108565
0.919 0.132939
0.92 0.0103202
0.921 -0.105748
0.922 -0.0519522
0.923 0.0621088
0.924 -0.00251643
0.925 0.00285924
0.926 -0.0284775
0.927 -0.0385116
0.928 -0.0392986
0.929 -0.00448995
0.93 0.0924445
0.931 -0.0549504
0.932 0.0694767
0.933 -0.115468
0.934 -0.0273685
0.935 -0.167008
0.936 -0.0695163
0.937 -0.246811
0.938 0.0408514
0.939 -0.147181
0.94 -0.191353
0.941 -0.00567821
0.942 -0.111722
0.943 -0.150835
0.944 -0.121712
0.945 -0.0877202
0.946 -0.203117
0.947 -0.198508
0.948 -0.17527
0.949 -0.198164
0.95 -0.11943
0.951 -0.144593
0.952 0.0396249
0.953 -0.185067
0.954 0.0666832
0.955 -0.210019
0.956 -0.196301
0.957 -0.284147
0.958 -0.298892
0.959 -0.167599
0.96 -0.0668144
0.961 -0.228769
0.962 -0.119937
0.963 -0.20186
0.964 -0.295265
0.965 -0.369369
0.966 -0.117009
0.967 -0.273021
0.968 -0.0645888
0.969 -0.310576
0.97 -0.244915
0.971 -0.0448938
0.972 -0.379687
0.973 -0.314778
0.974 -0.103304
0.975 -0.397195
0.976 -0.185604
0.977 -0.538556
0.978 -0.515635
0.979 -0.0412781
0.98 -0.213235
0.981 -0.189515
0.982 -0.254531
0.983 -0.378585
0.984 -0.256695
0.985 -0.299867
0.986 -0.215013
0.987 -0.475777
0.988 -0.260457
0.989 -0.223008
0.99 -0.321801
0.991 -0.308606
0.992 -0.237762
0.993 -0.372648
0.994 -0.43887
0.995 -0.468127
0.996 -0.470004
0.997 -0.0796118
0.998 -0.409205
0.999 -0.374986
1 -0.451459
1.001 -0.358752
1.002 -0.333063
1.003 -0.354338
1.004 -0.45168
1.005 -0.475823
1.006 -0.395209
1.007 -0.357527
1.008 -0.247061
1.009 -0.335767
1.01 -0.583475
1.011 -0.887333
1.012 -0.678092
1.013 -0.682596
1.014 -0.582224
1.015 -0.389331
1.016 -0.641205
1.017 -0.506537
1.018 -0.451517
1.019 -0.563966
1.02 -0.18551
1.021 -0.715831
1.022 -0.397057
1.023 -0.265962
1.024 -0.476129
1.025 -0.468086
1.026 -0.539915
1.027 -0.586468
1.028 -0.510593
1.029 -0.559372
1.03 -0.393353
1.031 -0.456125
1.032 -0.501212
1.033 -0.722294
1.034 -0.575844
1.035 -0.597131
1.036 -0.629013
1.037 -0.51002
1.038 -0.804275
1.039 -0.688048
1.04 -0.833336
1.041 -0.576114
1.042 -0.803639
1.043 -0.691232
1.044 -1.06959
1.045 -0.948412
1.046 -0.729571
1.047 -0.744058
1.048 -0.898448
1.049 -0.776298
1.05 -0.66378
1.051 -0.616645
1.052 -1.02135
1.053 -0.711284
1.054 -0.690472
1.055 -0.541259
1.056 -0.711156
1.057 -1.00299
1.058 -0.631024
1.059 -0.400077
1.06 -0.781464
1.061 -0.462445
1.062 -0.758143
1.063 -0.757317
1.064 -0.764807
1.065 -0.43184
1.066 -0.767795
1.067 -1.0571
1.068 -1.11878
1.069 -0.851952
1.07 -0.630382
1.071 -0.742379
1.072 -0.69959
1.073 -0.646636
1.074 -0.980492
1.075 -0.854098
1.076 -0.993894
1.077 -1.16445
1.078 -0.615318
1.079 -0.886395
1.08 -1.13669
1.081 -0.581126
1.082 -0.876793
1.083 -0.904986
1.084 -0.934419
1.085 -0.979734
1.086 -1.44689
1.087 -1.06187
1.088 -1.20783
1.089 -0.749466
1.09 -1.12653
1.091 -1.08281
1.092 -1.4841
1.093 -0.704607
1.094 -1.69553
1.095 -1.18344
1.096 -1.71789
1.097 -1.44561
1.098 -1.63398
1.099 -0.77844
1.1 -1.23387
1.101 -0.980741
1.102 -1.25419
1.103 -1.11629
1.104 -0.844638
1.105 -1.30248
1.106 -0.570839
1.107 -0.878298
1.108 -1.07376
1.109 -1.46543
1.11 -1.13242
1.111 -1.33358
1.112 -0.707113
1.113 -1.31386
1.114 -1.46455
1.115 -0.791621
1.116 -1.04078
1.117 -1.12752
1.118 -1.09134
1.119 -1.97548
1.12 -0.557305
1.121 -1.47206
1.122 -1.40731
1.123 -1.21721
1.124 -1.23161
1.125 -1.11185
1.127 -0.838281
1.128 -1.38204
1.129 -1.06688
1.13 -1.46352
1.131 -1.41184
1.132 -0.994981
1.133 -1.26424
1.134 -1.31705
1.135 -1.64593
1.136 -0.996783
1.137 -1.2082
1.138 -1.31336
1.139 -2.8225
1.14 -1.78252
1.141 -1.23878
1.142 -2.98753
1.143 -0.950057
1.144 -2.0109
1.145 -0.726472
1.146 -1.72912
1.147 -0.908152
1.149 -2.16523
1.151 -1.91181
1.152 -0.858201
1.153 -1.25067
1.154 -1.68645
1.155 -2.62759
1.156 -1.07806
1.157 -1.4582
1.16 -1.47067
1.161 -2.4517
1.162 -1.60231
1.163 -1.41212
1.164 -1.80937
1.165 -1.41154
1.166 -1.72987
1.167 -1.02712
1.168 -1.41111
1.169 -1.95588
1.17 -1.0417
1.171 -0.795401
1.172 -1.1357
1.173 -0.707743
1.175 -0.930058
1.176 -1.40884
1.177 -2.61589
1.178 -1.5281
1.179 -1.99953
1.18 -1.09032
1.181 -1.54449
1.183 -1.12053
1.184 -1.23624
1.186 -2.94707
1.188 -1.12524
1.189 -1.68267
1.19 -0.93026
1.191 -2.79554
1.192 -0.94025
1.193 -2.41876
1.194 -1.29506
1.195 -1.55373
1.197 -1.47873
1.198 -1.41435
1.199 -2.143
1.2 -1.33434
1.201 -1.6957
1.204 -1.38428
1.205 -1.41651
1.206 -0.95141
1.207 -2.09032
1.208 -0.956578
1.209 -2.59311
1.21 -3.26515
1.211 -1.90278
1.212 -1.73754
1.214 -1.63224
1.216 -1.70595
1.217 -2.11008
1.218 -1.01849
1.219 -1.12437
1.221 -1.47507
1.222 -1.31089
1.225 -2.02162
1.226 -1.31955
1.227 -1.72656
1.228 -1.89442
1.229 -2.32204
1.23 -1.15509
1.233 -0.965906
1.234 -2.47637
1.235 -1.53481
1.236 -1.92541
1.237 -2.26198
1.238 -1.52053
1.24 -2.60136
1.242 -0.689404
1.245 -3.35504
1.246 -1.5009
1.25 -1.25256
1.251 -1.86199
1.252 -1.79955
1.253 -1.40618
1.254 -1.00752
1.255 -1.69762
1.256 -1.70572
1.258 -2.18571
1.26 -1.95037
1.263 -1.71094
1.268 -1.57457
1.269 -2.99209
1.271 -1.09731
1.272 -1.84236
1.274 -3.30041
1.275 -1.20237
1.276 -0.811827
1.277 -2.84416
1.278 -1.14397
1.279 -1.47196
1.283 -1.43247
1.284 -1.297
1.285 -0.912625
1.287 -1.50489
1.289 -1.57216
1.29 -1.87427
1.291 -1.48788
1.293 -1.0983
1.294 -1.06182
1.295 -2.59418
1.296 -1.47842
1.302 -2.07209
1.306 -1.38864
1.307 -1.52519
1.308 -1.64479
1.309 -1.28316
1.31 -1.51844
1.312 -1.62313
1.313 -2.29757
1.314 -1.51189
1.317 -0.774443
1.318 -1.03771
1.319 -3.21893
1.32 -1.08651
1.322 -1.55869
1.326 -1.8217
1.327 -1.3698
1.328 -1.45542
1.329 -1.56864
1.33 -1.12942
1.331 -1.78431
1.332 -2.87826
1.333 -2.61115
1.334 -1.55295
1.336 -1.64244
1.337 -2.75607
1.338 -1.86811
1.339 -1.6853
1.34 -1.96707
1.342 -1.36733
1.346 -2.73392
1.347 -1.65409
1.35 -1.49865
1.352 -2.82874
1.353 -2.09963
1.354 -1.34163
1.356 -1.07838
1.361 -0.971626
1.363 -1.63873
1.364 -1.37394
1.366 -1.764
1.368 -1.07386
1.37 -1.33361
1.384 -1.03314
1.392 -1.64794
1.394 -2.03787
1.396 -0.736416
1.397 -1.66172
1.4 -0.709861
1.406 -1.65678
1.408 -0.989768
1.411 -3.20167
1.414 -2.23972
1.417 -1.2684
1.419 -1.89608
1.422 -3.89239
1.423 -0.874352
1.425 -3.3142
1.427 -3.58913
1.43 -1.01718
1.433 -1.08455
1.434 -1.60634
1.435 -1.14608
1.436 -1.33117
1.439 -1.7588
1.448 -1.04795
1.453 -1.25121
1.461 -1.08512
1.464 -1.08371
1.465 -1.01943
1.466 -2.68859
1.468 -1.36327
1.47 -1.62623
1.472 -1.13927
1.48 -2.67711
1.482 -1.39352
1.49 -1.48714
1.491 -1.84773
1.493 -1.07483
1.495 -1.54676
1.505 -1.3928
1.506 -3.28266
1.511 -1.08579
1.514 -1.19947
1.515 -1.49146
1.522 -2.96183
1.523 -1.67168
1.525 -0.980809
1.528 -1.66516
1.53 -3.02801
1.535 -1.95008
1.54 -1.64618
1.543 -1.63736
1.549 -1.0615
1.551 -1.61453
1.555 -1.86862
1.569 -1.11982
1.573 -1.56926
1.582 -1.54566
1.585 -3.20293
1.587 -1.8452
1.617 -1.58132
1.618 -0.902731
1.631 -0.989827
1.636 -1.09517
1.643 -2.02525
1.655 -2.29461
1.659 -1.00738
1.663 -2.1841
1.689 -0.986798
1.702 -2.23637
1.703 -1.56516
1.747 -2.11568
1.758 -2.11611
1.773 -1.1568
1.791 -1.27668
1.808 -2.06498
1.818 -1.72562
1.833 -2.14689
1.85 -2.4046
1.862 -2.30924
1.883 -1.36942
1.898 -2.1116
1.907 -1.777
1.916 -1.79615
1.92 -1.19372
1.994 -1.18673
2.047 -0.957353
2.079 -0.996607
2.146 -1.75628
2.151 -1.05005
2.169 -1.15374
2.183 -1.00351
2.195 -1.34357
2.247 -3.01071
2.257 -1.44459
2.26 -1.08184
2.394 -1.5619
2.474 -2.5614
2.518 -1.73613
2.592 -1.19498
2.825 -0.920727
2.948 -0.994871
2.995 -1.12986
3.073 -1.01272
3.123 -1.16506
3.189 -1.11779
3.754 -1.26634
 
 
0.003 -0.559986
0.004 0.178575
0.005 0.366085
0.006 0.44796
0.007 0.601271
0.008 0.641289
0.009 0.758355
0.01 0.891767
0.011 0.854472
0.012 0.995796
0.013 1.04643
0.014 1.11363
0.015 1.21693
0.016 1.21075
0.017 1.25787
0.018 1.33318
0.019 1.38062
0.02 1.402
0.021 1.4559
0.022 1.49162
0.023 1.48877
0.024 1.53624
0.025 1.58105
0.026 1.62667
0.027 1.60964
0.028 1.65918
0.029 1.64071
0.03 1.62915
0.031 1.6345
0.032 1.67958
0.033 1.68171
0.034 1.66807
0.035 1.74076
0.036 1.69313
0.037 1.74315
0.038 1.71173
0.039 1.70528
0.04 1.74272
0.041 1.74393
0.042 1.71855
0.043 1.73532
0.044 1.71806
0.045 1.74372
0.046 1.73139
0.047 1.75213
0.048 1.7813
0.049 1.7623
0.05 1.76451
0.051 1.71575
0.052 1.73184
0.053 1.75219
0.054 1.73733
0.055 1.70337
0.056 1.7218
0.057 1.70599
0.058 1.69959
0.059 1.71923
0.06 1.73936
0.061 1.72412
0.062 1.70604
0.063 1.73151
0.064 1.69535
0.065 1.72676
0.066 1.68125
0.067 1.74292
0.068 1.70634
0.069 1.68717
0.07 1.6921
0.071 1.70811
0.072 1.68601
0.073 1.70046
0.074 1.70406
0.075 1.68037
0.076 1.68359
0.077 1.71233
0.078 1.68088
0.079 1.65546
0.08 1.66241
0.081 1.66314
0.082 1.68352
0.083 1.66037
0.084 1.66052
0.085 1.65793
0.086 1.6628
0.087 1.64647
0.088 1.68115
0.089 1.71417
0.09 1.71905
0.091 1.68751
0.092 1.68348
0.093 1.69651
0.094 1.6547
0.095 1.68236
0.096 1.68622
0.097 1.67655
0.098 1.65949
0.099 1.63814
0.1 1.62872
0.101 1.62901
0.102 1.63884
0.103 1.62743
0.104 1.66283
0.105 1.60988
0.106 1.6031
0.107 1.5788
0.108 1.61913
0.109 1.60703
0.11 1.59345
0.111 1.60559
0.112 1.60405
0.113 1.602
0.114 1.58897
0.115 1.57291
0.116 1.54079
0.117 1.57196
0.118 1.568
0.119 1.52465
0.12 1.5161
0.121 1.5209
0.122 1.51941
0.123 1.54883
0.124 1.52909
0.125 1.54382
0.126 1.53823
0.127 1.53143
0.128 1.51815
0.129 1.50295
0.13 1.47841
0.131 1.52017
0.132 1.49447
0.133 1.52657
0.134 1.5071
0.135 1.47741
0.136 1.51419
0.137 1.47985
0.138 1.47457
0.139 1.51191
0.14 1.51922
0.141 1.52415
0.142 1.4988
0.143 1.52754
0.144 1.51639
0.145 1.50186
0.146 1.51887
0.147 1.55183
0.148 1.58438
0.149 1.55524
0.15 1.57143
0.151 1.61027
0.152 1.5832
0.153 1.55814
0.154 1.63125
0.155 1.61945
0.156 1.60749
0.157 1.5938
0.158 1.6118
0.159 1.61428
0.16 1.59754
0.161 1.59206
0.162 1.57394
0.163 1.55303
0.164 1.57869
0.165 1.55645
0.166 1.48413
0.167 1.48877
0.168 1.50721
0.169 1.46664
0.17 1.50152
0.171 1.48677
0.172 1.46278
0.173 1.47197
0.174 1.45256
0.175 1.41139
0.176 1.39566
0.177 1.42807
0.178 1.43668
0.179 1.37524
0.18 1.45123
0.181 1.40782
0.182 1.40403
0.183 1.39296
0.184 1.41566
0.185 1.39001
0.186 1.36588
0.187 1.34501
0.188 1.35886
0.189 1.35071
0.19 1.31643
0.191 1.32583
0.192 1.32558
0.193 1.29972
0.194 1.28146
0.195 1.30796
0.196 1.32519
0.197 1.2744
0.198 1.3406
0.199 1.317
0.2 1.28866
0.201 1.29176
0.202 1.31072
0.203 1.26695
0.204 1.28433
0.205 1.3006
0.206 1.27925
0.207 1.24777
0.208 1.30967
0.209 1.24933
0.21 1.33483
0.211 1.25371
0.212 1.31116
0.213 1.25625
0.214 1.27457
0.215 1.3163
0.216 1.35186
0.217 1.26379
0.218 1.27426
0.219 1.28654
0.22 1.31148
0.221 1.30447
0.222 1.26335
0.223 1.2931
0.224 1.27104
0.225 1.27093
0.226 1.30382
0.227 1.32319
0.228 1.2941
0.229 1.23559
0.23 1.30529
0.231 1.2995
0.232 1.27975
0.233 1.23818
0.234 1.28094
0.235 1.24798
0.236 1.26305
0.237 1.28883
0.238 1.30969
0.239 1.29312
0.24 1.31749
0.241 1.2917
0.242 1.32585
0.243 1.3104
0.244 1.32832
0.245 1.34919
0.246 1.34565
0.247 1.29109
0.248 1.3095
0.249 1.29053
0.25 1.3284
0.251 1.30897
0.252 1.28885
0.253 1.36949
0.254 1.3189
0.255 1.31449
0.256 1.3438
0.257 1.33005
0.258 1.35182
0.259 1.33658
0.26 1.31953
0.261 1.31374
0.262 1.28585
0.263 1.37395
0.264 1.29225
0.265 1.2762
0.266 1.27938
0.267 1.31158
0.268 1.30029
0.269 1.29157
0.27 1.28954
0.271 1.31531
0.272 1.31628
0.273 1.28062
0.274 1.30884
0.275 1.28539
0.276 1.31105
0.277 1.26112
0.278 1.28179
0.279 1.30081
0.28 1.30574
0.281 1.29617
0.282 1.26798
0.283 1.27352
0.284 1.29842
0.285 1.29146
0.286 1.27353
0.287 1.26215
0.288 1.30869
0.289 1.2472
0.29 1.30423
0.291 1.26682
0.292 1.2201
0.293 1.26121
0.294 1.28029
0.295 1.27338
0.296 1.20865
0.297 1.22814
0.298 1.20402
0.299 1.27839
0.3 1.24288
0.301 1.25365
0.302 1.21743
0.303 1.25431
0.304 1.258
0.305 1.25714
0.306 1.26093
0.307 1.1907
0.308 1.21887
0.309 1.19095
0.31 1.16004
0.311 1.23446
0.312 1.17356
0.313 1.18909
0.314 1.20109
0.315 1.17249
0.316 1.17218
0.317 1.17908
0.318 1.14698
0.319 1.16337
0.32 1.18682
0.321 1.22967
0.322 1.19892
0.323 1.22486
0.324 1.1522
0.325 1.20889
0.326 1.15268
0.327 1.17273
0.328 1.16946
0.329 1.15577
0.33 1.14891
0.331 1.15436
0.332 1.14292
0.333 1.09688
0.334 1.19453
0.335 1.10576
0.336 1.11094
0.337 1.12436
0.338 1.11118
0.339 1.15458
0.34 1.14002
0.341 1.16518
0.342 1.11401
0.343 1.15135
0.344 1.10576
0.345 1.09107
0.346 1.11524
0.347 1.1053
0.348 1.08924
0.349 1.10775
0.35 1.05438
0.351 1.03818
0.352 1.08569
0.353 1.0511
0.354 1.03152
0.355 1.04924
0.356 1.0515
0.357 1.06648
0.358 1.09749
0.359 1.03238
0.36 1.08728
0.361 1.1036
0.362 1.0502
0.363 1.05298
0.364 1.07617
0.365 1.02773
0.366 1.04457
0.367 0.997679
0.368 0.977149
0.369 0.981351
0.37 1.03535
0.371 1.05428
0.372 1.01524
0.373 1.04351
0.374 1.04655
0.375 1.02668
0.376 0.979261
0.377 1.01569
0.378 0.986227
0.379 0.934196
0.38 0.9709
0.381 0.998662
0.382 0.953563
0.383 0.978643
0.384 0.975455
0.385 0.926184
0.386 0.969674
0.387 0.996014
0.388 1.03192
0.389 0.955267
0.39 1.01848
0.391 0.977642
0.392 1.02075
0.393 0.941106
0.394 0.968378
0.395 0.957919
0.396 0.945976
0.397 0.966504
0.398 1.01083
0.399 0.949379
0.4 0.948621
0.401 0.968205
0.402 0.95798
0.403 0.989183
0.404 0.972315
0.405 0.94238
0.406 0.995047
0.407 1.01331
0.408 0.91778
0.409 0.867303
0.41 0.955409
0.411 0.96354
0.412 1.00782
0.413 0.977548
0.414 0.953695
0.415 0.952942
0.416 0.983044
0.417 0.931883
0.418 0.972453
0.419 0.902753
0.42 0.990042
0.421 0.832818
0.422 0.891543
0.423 0.941751
0.424 0.97705
0.425 0.949532
0.426 0.973519
0.427 0.987639
0.428 1.01742
0.429 1.01476
0.43 1.0331
0.431 0.932643
0.432 0.984063
0.433 0.970935
0.434 0.974484
0.435 0.935632
0.436 0.954762
0.437 0.870159
0.438 0.944782
0.439 1.03543
0.44 0.946157
0.441 0.993345
0.442 0.945796
0.443 0.941086
0.444 0.910007
0.445 0.968841
0.446 0.963851
0.447 0.954173
0.448 0.917023
0.449 0.906546
0.45 0.940005
0.451 0.932666
0.452 0.936998
0.453 0.918601
0.454 0.902865
0.455 0.900622
0.456 0.942739
0.457 0.95886
0.458 0.976724
0.459 0.946639
0.46 0.945019
0.461 0.849473
0.462 0.825043
0.463 0.973772
0.464 0.830137
0.465 0.87827
0.466 0.845786
0.467 0.928376
0.468 0.836306
0.469 0.917143
0.47 0.865236
0.471 0.894355
0.472 0.920337
0.473 0.961187
0.474 0.900342
0.475 0.929207
0.476 0.879825
0.477 0.909837
0.478 0.861874
0.479 0.853967
0.48 0.871919
0.481 0.850245
0.482 0.935924
0.483 0.810208
0.484 0.892354
0.485 0.867698
0.486 0.862345
0.487 0.929156
0.488 0.916348
0.489 0.889477
0.49 0.927551
0.491 0.851859
0.492 0.815353
0.493 0.837415
0.494 0.814255
0.495 0.831153
0.496 0.861778
0.497 0.839105
0.498 0.793188
0.499 0.892075
0.5 0.841255
0.501 0.873007
0.502 0.858039
0.503 0.821726
0.504 0.851811
0.505 0.955589
0.506 0.843422
0.507 0.845554
0.508 0.819341
0.509 0.868808
0.51 0.893107
0.511 0.884069
0.512 0.894321
0.513 0.907994
0.514 0.885655
0.515 0.857268
0.516 0.753218
0.517 0.83839
0.518 0.821586
0.519 0.897175
0.52 0.854944
0.521 0.87096
0.522 0.814244
0.523 0.916615
0.524 0.883294
0.525 0.877332
0.526 0.864562
0.527 0.907959
0.528 0.945441
0.529 0.877297
0.53 0.839285
0.531 0.869946
0.532 0.868115
0.533 0.869417
0.534 0.832148
0.535 0.876929
0.536 0.780873
0.537 0.861986
0.538 0.897002
0.539 0.929414
0.54 0.909245
0.541 0.863387
0.542 0.907627
0.543 0.873862
0.544 0.840282
0.545 0.903437
0.546 0.904691
0.547 0.939458
0.548 0.917081
0.549 0.875753
0.55 0.893751
0.551 0.89197
0.552 0.844478
0.553 0.864752
0.554 0.925822
0.555 0.942433
0.556 0.932043
0.557 0.920657
0.558 0.935025
0.559 0.938949
0.56 0.943149
0.561 0.939492
0.562 0.877258
0.563 0.872368
0.564 0.894439
0.565 0.8899
0.566 0.885661
0.567 0.840702
0.568 0.956983
0.569 0.859585
0.57 0.88102
0.571 0.881114
0.572 0.933842
0.573 0.881527
0.574 0.894714
0.575 0.961868
0.576 0.879922
0.577 0.939039
0.578 0.882499
0.579 0.886346
0.58 0.875456
0.581 0.791241
0.582 0.822405
0.583 0.858277
0.584 0.911089
0.585 0.833207
0.586 0.841216
0.587 0.817327
0.588 0.838143
0.589 0.871806
0.59 0.907409
0.591 0.854023
0.592 0.877925
0.593 0.86308
0.594 0.779186
0.595 0.841971
0.596 0.833891
0.597 0.806287
0.598 0.891493
0.599 0.818057
0.6 0.843352
0.601 0.776036
0.602 0.775332
0.603 0.756134
0.604 0.795078
0.605 0.830797
0.606 0.878993
0.607 0.797249
0.608 0.824416
0.609 0.819853
0.61 0.831569
0.611 0.814733
0.612 0.798648
0.613 0.82488
0.614 0.843885
0.615 0.778696
0.616 0.842365
0.617 0.845251
0.618 0.792815
0.619 0.793377
0.62 0.756068
0.621 0.827914
0.622 0.859917
0.623 0.810853
0.624 0.743981
0.625 0.835623
0.626 0.758445
0.627 0.779587
0.628 0.830954
0.629 0.828065
0.63 0.825219
0.631 0.802315
0.632 0.782385
0.633 0.819931
0.634 0.713814
0.635 0.72652
0.636 0.840134
0.637 0.737897
0.638 0.801403
0.639 0.765931
0.64 0.766755
0.641 0.730746
0.642 0.801258
0.643 0.72224
0.644 0.739692
0.645 0.787943
0.646 0.786432
0.647 0.697803
0.648 0.747748
0.649 0.817762
0.65 0.801509
0.651 0.767712
0.652 0.738791
0.653 0.752294
0.654 0.825987
0.655 0.640191
0.656 0.790177
0.657 0.72585
0.658 0.757905
0.659 0.794787
0.66 0.773351
0.661 0.695814
0.662 0.772058
0.663 0.75764
0.664 0.756197
0.665 0.730948
0.666 0.732003
0.667 0.732628
0.668 0.749309
0.669 0.781112
0.67 0.690553
0.671 0.763345
0.672 0.745423
0.673 0.740661
0.674 0.681683
0.675 0.738361
0.676 0.687579
0.677 0.683475
0.678 0.785411
0.679 0.680735
0.68 0.792654
0.681 0.710241
0.682 0.707409
0.683 0.693942
0.684 0.795711
0.685 0.705588
0.686 0.666178
0.687 0.749922
0.688 0.777738
0.689 0.717906
0.69 0.680273
0.691 0.733289
0.692 0.711776
0.693 0.701032
0.694 0.666619
0.695 0.709854
0.696 0.711608
0.697 0.694613
0.698 0.705514
0.699 0.698824
0.7 0.651657
0.701 0.651477
0.702 0.716168
0.703 0.693059
0.704 0.736042
0.705 0.782463
0.706 0.728965
0.707 0.70513
0.708 0.70748
0.709 0.723322
0.71 0.629035
0.711 0.699071
0.712 0.677593
0.713 0.700348
0.714 0.697868
0.715 0.665495
0.716 0.739247
0.717 0.708569
0.718 0.707578
0.719 0.68753
0.72 0.691491
0.721 0.709557
0.722 0.688704
0.723 0.675653
0.724 0.688259
0.725 0.643937
0.726 0.660385
0.727 0.653134
0.728 0.69305
0.729 0.716212
0.73 0.716718
0.731 0.70034
0.732 0.634704
0.733 0.649829
0.734 0.648247
0.735 0.615314
0.736 0.665387
0.737 0.684926
0.738 0.6392
0.739 0.703052
0.74 0.719189
0.741 0.616922
0.742 0.703304
0.743 0.665049
0.744 0.637527
0.745 0.624675
0.746 0.647024
0.747 0.683669
0.748 0.625551
0.749 0.643067
0.75 0.624553
0.751 0.579229
0.752 0.673631
0.753 0.643205
0.754 0.625985
0.755 0.680513
0.756 0.677368
0.757 0.682359
0.758 0.637384
0.759 0.676719
0.76 0.594649
0.761 0.725318
0.762 0.603576
0.763 0.655738
0.764 0.618197
0.765 0.634585
0.766 0.62031
0.767 0.64019
0.768 0.713536
0.769 0.635499
0.77 0.689052
0.771 0.547577
0.772 0.600146
0.773 0.593048
0.774 0.598295
0.775 0.544357
0.776 0.671899
0.777 0.655846
0.778 0.65693
0.779 0.630667
0.78 0.597829
0.781 0.586288
0.782 0.594105
0.783 0.586798
0.784 0.635757
0.785 0.572454
0.786 0.546609
0.787 0.579029
0.788 0.587154
0.789 0.662805
0.79 0.595385
0.791 0.537248
0.792 0.583552
0.793 0.61737
0.794 0.589703
0.795 0.517123
0.796 0.557717
0.797 0.491563
0.798 0.545043
0.799 0.511167
0.8 0.581854
0.801 0.450103
0.802 0.51625
0.803 0.49123
0.804 0.56197
0.805 0.515925
0.806 0.477775
0.807 0.544608
0.808 0.47816
0.809 0.456238
0.81 0.492464
0.811 0.468599
0.812 0.556496
0.813 0.533413
0.814 0.544387
0.815 0.476969
0.816 0.452872
0.817 0.466057
0.818 0.571213
0.819 0.403742
0.82 0.475248
0.821 0.45647
0.822 0.510533
0.823 0.428174
0.824 0.447442
0.825 0.498646
0.826 0.490119
0.827 0.428545
0.828 0.402689
0.829 0.465329
0.83 0.51656
0.831 0.435957
0.832 0.439637
0.833 0.433922
0.834 0.429198
0.835 0.315096
0.836 0.504709
0.837 0.423766
0.838 0.490822
0.839 0.38662
0.84 0.339631
0.841 0.433305
0.842 0.473098
0.843 0.419067
0.844 0.39838
0.845 0.360555
0.846 0.389402
0.847 0.339455
0.848 0.295028
0.849 0.34681
0.85 0.283479
0.851 0.38374
0.852 0.399303
0.853 0.265238
0.854 0.342446
0.855 0.377031
0.856 0.409303
0.857 0.254884
0.858 0.224074
0.859 0.269751
0.86 0.323154
0.861 0.279763
0.862 0.326966
0.863 0.344885
0.864 0.346307
0.865 0.296437
0.866 0.144009
0.867 0.141991
0.868 0.250203
0.869 0.207745
0.87 0.267181
0.871 0.210853
0.872 0.189117
0.873 0.291796
0.874 0.207067
0.875 0.17223
0.876 0.247337
0.877 0.217362
0.878 0.202682
0.879 0.211678
0.88 0.327298
0.881 0.207554
0.882 0.113312
0.883 0.176728
0.884 0.169998
0.885 0.131476
0.886 0.223038
0.887 0.194178
0.888 0.180857
0.889 0.124035
0.89 0.127684
0.891 0.137726
0.892 0.234317
0.893 0.213392
0.894 0.0779848
0.895 0.121995
0.896 0.191683
0.897 0.122158
0.898 0.054975
0.899 0.00872829
0.9 0.104439
0.901 0.154774
0.902 0.0629297
0.903 0.0242799
0.904 -0.106305
0.905 0.170732
0.906 -0.0163342
0.907 -0.00573122
0.908 0.0533963
0.909 -0.0178602
0.91 0.192132
0.911 0.0720947
0.912 -0.0326479
0.913 -0.0541595
0.914 -0.0339318
0.915 -0.0435175
0.916 0.150429
0.917 0.0331487
0.918 -0.0923308
0.919 0.123155
0.92 0.0242708
0.921 0.100076
0.922 0.0501247
0.923 -0.0751656
0.924 0.0255673
0.925 0.0421225
0.926 -0.00776304
0.927 -0.00715363
0.928 -0.11266
0.929 0.0101275
0.93 -0.152876
0.931 -0.0421283
0.932 -0.0212236
0.933 0.074894
0.934 -0.0572613
0.935 -0.0881774
0.936 -0.0344016
0.937 -0.0142148
0.938 -0.0534305
0.939 -0.183197
0.94 -0.0352233
0.941 -0.127865
0.942 0.026328
0.943 -0.185774
0.944 -0.147421
0.945 -0.304355
0.946 -0.166064
0.947 -0.110117
0.948 -0.117446
0.949 -0.195345
0.95 -0.15592
0.951 -0.164918
0.952 -0.030487
0.953 -0.0326311
0.954 -0.0424319
0.955 -0.100702
0.956 -0.125357
0.957 -0.0467955
0.958 -0.0881761
0.959 -0.134761
0.96 -0.231647
0.961 -0.185532
0.962 -0.102431
0.963 -0.113072
0.964 -0.16153
0.965 -0.166712
0.966 -0.0209643
0.967 -0.224074
0.968 -0.240351
0.969 -0.262755
0.97 -0.119033
0.971 -0.223474
0.972 -0.194551
0.973 -0.271571
0.974 -0.234554
0.975 -0.201081
0.976 -0.0935552
0.977 -0.284283
0.978 -0.105641
0.979 -0.0675061
0.98 -0.180115
0.981 -0.15991
0.982 -0.285641
0.983 -0.227404
0.984 -0.274109
0.985 -0.411697
0.986 -0.343088
0.987 -0.581164
0.988 -0.150445
0.989 -0.321468
0.99 -0.341919
0.991 -0.274125
0.992 -0.298247
0.993 -0.497728
0.994 -0.146285
0.995 -0.291765
0.996 -0.245162
0.997 -0.257571
0.998 -0.454578
0.999 -0.422625
1 -0.420573
1.001 -0.394345
1.002 -0.274078
1.003 -0.54656
1.004 -0.182031
1.005 -0.541983
1.006 -0.24952
1.007 -0.410232
1.008 -0.337983
1.009 -0.403831
1.01 -0.274433
1.011 -0.312394
1.012 -0.43317
1.013 -0.465365
1.014 -0.45462
1.015 -0.410657
1.016 -0.288619
1.017 -0.335904
1.018 -0.275142
1.019 -0.369365
1.02 -0.437797
1.021 -0.514103
1.022 -0.497633
1.023 -0.30678
1.024 -0.531962
1.025 -0.477541
1.026 -0.637578
1.027 -0.545409
1.028 -0.739885
1.029 -0.41722
1.03 -0.518995
1.031 -0.517643
1.032 -0.587068
1.033 -0.359711
1.034 -0.401085
1.035 -0.512115
1.036 -0.465487
1.037 -0.30125
1.038 -0.582017
1.039 -0.549308
1.04 -0.345907
1.041 -0.639557
1.042 -0.36589
1.043 -0.4802
1.044 -0.477875
1.045 -0.534023
1.046 -0.418867
1.047 -0.760037
1.048 -0.742668
1.049 -1.24862
1.05 -0.547815
1.051 -0.388413
1.052 -0.833027
1.053 -0.45585
1.054 -0.607921
1.055 -0.565377
1.056 -0.626599
1.057 -0.859015
1.058 -0.711236
1.059 -0.46524
1.06 -0.658489
1.061 -0.562174
1.062 -0.583444
1.063 -0.749899
1.064 -0.740301
1.065 -0.793981
1.066 -0.462025
1.067 -0.900602
1.068 -0.726656
1.069 -0.753115
1.07 -0.89457
1.071 -0.666724
1.072 -1.21522
1.073 -1.00975
1.074 -0.762188
1.075 -1.43327
1.076 -0.868539
1.077 -0.803367
1.078 -0.716313
1.079 -0.957995
1.08 -1.03252
1.081 -0.683141
1.082 -1.14642
1.083 -1.325
1.084 -1.58407
1.085 -0.729665
1.086 -0.875216
1.087 -1.02872
1.088 -0.477521
1.089 -0.889656
1.09 -0.973772
1.091 -1.162
1.092 -1.12078
1.093 -0.692377
1.094 -1.11926
1.095 -1.04339
1.096 -0.787065
1.097 -1.1149
1.098 -1.2917
1.099 -0.946894
1.1 -1.21009
1.101 -1.55206
1.102 -1.31525
1.103 -0.841175
1.104 -1.02597
1.105 -1.14417
1.106 -1.22928
1.107 -1.03125
1.108 -0.680126
1.109 -1.34543
1.11 -1.45856
1.111 -0.879742
1.112 -0.793327
1.113 -0.742848
1.114 -0.677361
1.115 -1.05634
1.116 -0.810338
1.118 -1.21524
1.119 -1.11945
1.12 -0.960515
1.121 -1.44518
1.122 -1.92571
1.123 -2.75099
1.124 -0.983019
1.125 -0.980903
1.126 -0.811452
1.127 -0.632235
1.128 -0.875707
1.129 -0.899429
1.13 -1.02497
1.131 -0.932192
1.132 -1.54943
1.133 -1.6974
1.134 -1.03513
1.135 -2.10749
1.136 -2.76779
1.137 -1.47744
1.138 -1.50613
1.139 -0.987047
1.14 -0.9208
1.141 -1.21937
1.142 -2.0381
1.143 -1.21071
1.144 -1.67621
1.145 -0.828509
1.147 -0.864134
1.148 -0.778903
1.149 -1.04685
1.151 -0.968986
1.152 -0.672409
1.153 -1.62615
1.154 -1.30697
1.155 -0.897488
1.156 -1.03762
1.157 -1.24168
1.158 -1.10807
1.16 -0.626681
1.161 -0.816622
1.162 -1.50775
1.163 -0.779044
1.164 -1.39606
1.165 -1.21482
1.166 -1.32832
1.167 -1.10214
1.168 -0.917177
1.17 -1.34689
1.171 -1.12261
1.172 -1.75179
1.173 -1.233
1.174 -1.56699
1.176 -1.34644
1.177 -0.875919
1.178 -0.925146
1.179 -1.6704
1.18 -0.838792
1.181 -1.5643
1.182 -1.66498
1.183 -1.0096
1.184 -1.16541
1.185 -1.26304
1.186 -1.15746
1.187 -1.49436
1.188 -1.13552
1.19 -0.937079
1.191 -1.62629
1.192 -1.67373
1.193 -1.17972
1.194 -1.54638
1.195 -1.94054
1.196 -0.939566
1.197 -1.09945
1.198 -0.982657
1.199 -0.714534
1.2 -1.62739
1.201 -0.858255
1.202 -1.52438
1.203 -1.41342
1.204 -2.02048
1.206 -1.58876
1.207 -1.17388
1.208 -1.59478
1.209 -1.72336
1.211 -1.75307
1.212 -1.10727
1.213 -1.22893
1.214 -1.55445
1.215 -1.59506
1.216 -1.3184
1.217 -1.78012
1.218 -1.73226
1.219 -1.76457
1.22 -2.21618
1.221 -1.7525
1.222 -1.79601
1.223 -1.50952
1.227 -3.65506
1.228 -1.62236
1.229 -1.55597
1.23 -0.754526
1.231 -1.35554
1.233 -1.39918
1.234 -1.73538
1.235 -1.18495
1.236 -1.35746
1.237 -1.8675
1.238 -1.98776
1.239 -1.34403
1.243 -1.66135
1.245 -1.12119
1.246 -1.45764
1.248 -1.33385
1.249 -1.04317
1.25 -2.04178
1.252 -1.83297
1.253 -0.947569
1.257 -1.42002
1.261 -1.43503
1.262 -1.30533
1.263 -2.14214
1.265 -1.50618
1.268 -1.64753
1.269 -0.947405
1.272 -2.24497
1.273 -1.58229
1.275 -1.68785
1.276 -2.27319
1.277 -1.42584
1.278 -1.04948
1.28 -3.02224
1.281 -1.69198
1.285 -1.00102
1.288 -1.2589
1.289 -1.80442
1.29 -1.46017
1.292 -1.32827
1.293 -1.79342
1.294 -1.82387
1.295 -2.37728
1.296 -1.08628
1.298 -1.16815
1.299 -1.06181
1.3 -0.941363
1.302 -1.75719
1.303 -1.22059
1.305 -1.56241
1.306 -1.06774
1.307 -2.32803
1.308 -1.91197
1.31 -1.7044
1.311 -0.974678
1.312 -1.75806
1.313 -2.86781
1.314 -1.08891
1.316 -0.959969
1.319 -1.49602
1.322 -1.34215
1.323 -1.04931
1.324 -1.18011
1.327 -2.07943
1.328 -1.94062
1.33 -1.08522
1.333 -1.09323
1.338 -1.40326
1.345 -1.59917
1.35 -1.87018
1.352 -1.09166
1.354 -1.83651
1.361 -2.67772
1.368 -1.57814
1.369 -1.66203
1.373 -1.72888
1.378 -1.85084
1.379 -1.22527
1.38 -2.05832
1.384 -0.943655
1.386 -1.7547
1.389 -1.45594
1.394 -1.29239
1.395 -2.53378
1.401 -2.3239
1.402 -1.5418
1.406 -1.51266
1.411 -2.01722
1.415 -1.57346
1.42 -1.58381
1.431 -1.22616
1.432 -1.12249
1.433 -1.80243
1.448 -1.08052
1.451 -1.21737
1.457 -1.65565
1.459 -1.26233
1.464 -0.954026
1.469 -2.48784
1.472 -1.34101
1.482 -1.21251
1.486 -1.09897
1.487 -2.09812
1.488 -1.78939
1.49 -1.81701
1.491 -1.20812
1.494 -0.814615
1.504 -2.25654
1.511 -1.37236
1.512 -0.921414
1.516 -2.64841
1.527 -1.29529
1.532 -1.82699
1.537 -1.04819
1.541 -1.28697
1.543 -1.76136
1.551 -3.48225
1.557 -2.2651
1.56 -1.86113
1.563 -3.90248
1.566 -1.07486
1.571 -1.36775
1.577 -1.80167
1.579 -1.1445
1.582 -0.955904
1.586 -1.88101
1.587 -1.82691
1.602 -1.40595
1.606 -1.78845
1.616 -1.94714
1.623 -1.56623
1.629 -2.09974
1.631 -1.32059
1.646 -2.35874
1.667 -2.17903
1.67 -1.3858
1.713 -2.28377
1.718 -1.9564
1.738 -1.07564
1.752 -1.10711
1.754 -1.00499
1.756 -1.17858
1.758 -1.06163
1.783 -1.88095
1.805 -1.07535
1.82 -2.84598
1.84 -1.79652
1.893 -2.51322
1.938 -1.13122
2.001 -1.24725
2.019 -2.4967
2.023 -1.08522
2.059 -1.08222
2.087 -1.07474
2.169 -1.05124
2.182 -1.04931
2.183 -1.26256
2.219 -1.11254
2.225 -1.19296
2.266 -1.04396
2.312 -2.45523
2.343 -1.07618
2.442 -3.513
2.476 -2.37445
2.807 -2.07738
2.933 -1.03293
3.145 -1.47368
4.883 -0.922559
