0 -1.33682
0.005 1.14726
0.01 1.82571
0.015 2.29791
0.02 2.56662
0.025 2.79041
0.03 2.90836
0.035 2.99497
0.04 3.0191
0.045 3.02329
0.05 2.97165
0.055 2.93808
0.06 2.9677
0.065 2.92297
0.07 2.81825
0.075 2.77068
0.08 2.8339
0.085 2.9925
0.09 2.90873
0.095 2.78682
0.1 2.6863
0.105 2.61249
0.11 2.57195
0.115 2.5463
0.12 2.5774
0.125 2.71126
0.13 2.80085
0.135 2.81926
0.14 2.77445
0.145 2.73158
0.15 2.6827
0.155 2.65322
0.16 2.61369
0.165 2.59097
0.17 2.56326
0.175 2.50753
0.18 2.47476
0.185 2.42908
0.19 2.3983
0.195 2.36915
0.2 2.35813
0.205 2.34069
0.21 2.36772
0.215 2.38396
0.22 2.38693
0.225 2.42489
0.23 2.44479
0.235 2.49479
0.24 2.55415
0.245 2.60777
0.25 2.56363
0.255 2.50065
0.26 2.46796
0.265 2.45858
0.27 2.45567
0.275 2.43278
0.28 2.40611
0.285 2.39489
0.29 2.36565
0.295 2.35481
0.3 2.3584
0.305 2.35218
0.31 2.33125
0.315 2.32141
0.32 2.31775
0.325 2.31194
0.33 2.31391
0.335 2.29566
0.34 2.27471
0.345 2.26248
0.35 2.23646
0.355 2.20385
0.36 2.17794
0.365 2.20448
0.37 2.18181
0.375 2.18861
0.38 2.16639
0.385 2.15851
0.39 2.17431
0.395 2.15837
0.4 2.14389
0.405 2.13603
0.41 2.13859
0.415 2.12841
0.42 2.13487
0.425 2.16669
0.43 2.14895
0.435 2.16653
0.44 2.1719
0.445 2.13703
0.45 2.13331
0.455 2.13352
0.46 2.12452
0.465 2.12792
0.47 2.10436
0.475 2.09258
0.48 2.08553
0.485 2.05942
0.49 2.05718
0.495 2.05072
0.5 2.02855
0.505 2.02767
0.51 2.04643
0.515 2.05413
0.52 2.04126
0.525 2.04087
0.53 2.02393
0.535 2.0206
0.54 2.02247
0.545 2.0259
0.55 2.0505
0.555 2.10407
0.56 2.11275
0.565 2.00193
0.57 1.9963
0.575 2.00989
0.58 2.02482
0.585 2.00532
0.59 2.05084
0.595 2.04155
0.6 2.04406
0.605 2.04988
0.61 2.06441
0.615 2.06083
0.62 2.066
0.625 2.06889
0.63 2.06375
0.635 2.04103
0.64 2.03088
0.645 2.02493
0.65 2.0232
0.655 2.00983
0.66 2.00974
0.665 2.00351
0.67 1.99738
0.675 1.98183
0.68 1.97251
0.685 1.97871
0.69 1.95606
0.695 1.95579
0.7 1.95354
0.705 1.94853
0.71 1.92669
0.715 1.94089
0.72 1.9289
0.725 1.92218
0.73 1.91848
0.735 1.93384
0.74 1.93743
0.745 1.9334
0.75 1.92532
0.755 1.92507
0.76 1.92036
0.765 1.89783
0.77 1.88117
0.775 1.89404
0.78 1.88702
0.785 1.89103
0.79 1.87895
0.795 1.83929
0.8 1.82415
0.805 1.81658
0.81 1.79413
0.815 1.76501
0.82 1.75919
0.825 1.7228
0.83 1.72286
0.835 1.70119
0.84 1.67901
0.845 1.67062
0.85 1.64466
0.855 1.64303
0.86 1.63324
0.865 1.62059
0.87 1.59497
0.875 1.57022
0.88 1.54978
0.885 1.54247
0.89 1.47462
0.895 1.45322
0.9 1.42167
0.905 1.40597
0.91 1.36467
0.915 1.37025
0.92 1.30805
0.925 1.25616
0.93 1.23987
0.935 1.18311
0.94 1.19357
0.945 1.15713
0.95 1.12635
0.955 1.11708
0.96 1.0671
0.965 1.04834
0.97 0.957334
0.975 0.909577
0.98 0.899339
0.985 0.823053
0.99 0.801106
0.995 0.786616
1 0.622655
1.005 0.5863
1.01 0.513182
1.015 0.541109
1.02 0.415246
1.025 0.438721
1.03 0.479137
1.035 0.217691
1.04 0.266413
1.045 0.300522
1.05 0.342318
1.055 0.294491
1.06 0.197883
1.065 0.149985
1.07 0.191021
1.075 0.283588
1.08 0.101819
1.085 0.183602
1.09 0.157042
1.095 0.141477
1.1 0.00317391
1.105 0.0761875
1.11 -0.0186069
1.115 0.0380296
1.12 0.0594272
1.125 -0.219978
1.13 0.0890227
1.135 -0.097129
1.14 -0.0994305
1.145 0.00710344
1.15 -0.269947
1.155 -0.170606
1.16 -0.268507
1.165 -0.142553
1.17 -0.0654165
1.175 -0.311873
1.18 -0.101864
1.185 -0.183289
1.19 -0.298298
1.195 -0.322578
1.2 -0.21361
1.205 0.00833261
1.21 -0.503262
1.215 -0.193008
1.22 -0.247163
1.225 -0.085084
1.23 -0.505742
1.235 -0.435589
1.24 -0.474392
1.245 -0.136348
1.25 -0.379298
1.255 -0.148263
1.26 -0.444958
1.265 -0.387565
1.27 -0.100116
1.275 -0.240525
1.28 -0.437422
1.285 -0.0958729
1.29 -0.60363
1.295 -0.268647
1.3 -0.449776
1.305 -0.402423
1.31 -0.669983
1.315 -0.194126
1.32 -0.554753
1.325 -0.511788
1.33 -0.607031
1.335 -0.561325
1.34 -0.575746
1.345 -0.43541
1.35 -0.615557
1.355 -0.418137
1.36 -0.712226
1.365 -0.434558
1.37 -0.962507
1.375 -0.445625
1.38 -0.748199
1.385 -1.08417
1.39 -0.945881
1.395 -0.770716
1.4 -0.810207
1.405 -0.81848
1.41 -0.71539
1.415 -0.788932
1.42 -1.14924
1.425 -0.815407
1.43 -0.536493
1.435 -0.776316
1.44 -0.653829
1.445 -0.479206
1.45 -1.00175
1.455 -0.885222
1.46 -1.16928
1.465 -0.665906
1.47 -1.18046
1.475 -1.0556
1.48 -1.70589
1.485 -1.14634
1.49 -0.966774
1.495 -0.943771
1.5 -1.11548
1.505 -0.754606
1.51 -1.39959
1.515 -0.916886
1.52 -0.834578
1.525 -0.640981
1.53 -0.773534
1.535 -0.761644
1.54 -0.992132
1.545 -2.65847
1.55 -0.853411
1.555 -1.06559
1.56 -1.31731
1.565 -0.916525
1.57 -1.41031
1.575 -1.50396
1.58 -0.810008
1.585 -0.84805
1.59 -1.28692
1.595 -1.00058
1.6 -1.03261
1.605 -0.71791
1.61 -1.25079
1.615 -0.670329
1.62 -0.972611
1.625 -1.05225
1.63 -0.645327
1.64 -1.24473
1.645 -0.950658
1.65 -1.33036
1.655 -1.20746
1.66 -1.0627
1.665 -1.17349
1.67 -1.24092
1.675 -1.40057
1.68 -0.936473
1.685 -1.15799
1.69 -0.97968
1.695 -2.41982
1.7 -0.979863
1.705 -0.70125
1.71 -0.850603
1.715 -0.580641
1.725 -0.754272
1.735 -1.07607
1.74 -1.37981
1.745 -2.17429
1.75 -1.12362
1.755 -1.07049
1.77 -1.20182
1.775 -1.06444
1.78 -1.70583
1.785 -2.48803
1.79 -1.15993
1.8 -0.760323
1.815 -1.81106
1.82 -1.31246
1.825 -1.82191
1.84 -1.17947
1.845 -0.626787
1.86 -1.23183
1.865 -0.601443
1.88 -0.797958
1.885 -1.34203
1.89 -1.62672
1.895 -1.06606
1.91 -1.00689
1.915 -2.51764
1.92 -1.10604
1.93 -1.06516
1.935 -1.84711
1.945 -1.34291
1.955 -1.69079
1.965 -2.56019
1.98 -1.00719
2.01 -1.18776
2.015 -1.17548
2.025 -1.55103
2.03 -1.20262
2.035 -1.08012
2.045 -0.942341
2.05 -1.10951
2.055 -1.8916
2.06 -0.815243
2.065 -0.731329
2.08 -0.794154
2.09 -1.79538
2.095 -0.683731
2.1 -1.22366
2.105 -0.767097
2.11 -0.935323
2.115 -1.27361
2.135 -1.22058
2.14 -1.69618
2.145 -1.30548
2.15 -1.1861
2.155 -1.59819
2.17 -1.25141
2.175 -1.14381
2.185 -1.45706
2.19 -0.926796
2.195 -1.33874
2.2 -1.16982
2.21 -1.1415
2.22 -2.38555
2.23 -0.925804
2.24 -1.17948
2.25 -1.16117
2.265 -1.32989
2.27 -1.19731
2.28 -2.20721
2.3 -2.62906
2.305 -1.20044
2.31 -1.46423
2.33 -1.38162
2.335 -1.24806
2.34 -1.56202
2.365 -1.22306
2.39 -1.20556
2.405 -0.879477
2.44 -3.36105
2.445 -1.23882
2.45 -1.19306
2.455 -1.36228
2.47 -1.18277
2.475 -1.13712
2.48 -1.37227
2.49 -1.10662
2.52 -2.33373
2.54 -1.11771
2.545 -1.11833
2.55 -1.23118
2.555 -0.973561
2.595 -1.61031
2.6 -1.21631
2.61 -1.16516
2.615 -1.22433
2.62 -1.37068
2.63 -1.27724
2.645 -1.33326
2.65 -1.2121
2.665 -0.941006
2.7 -1.16454
2.71 -1.38906
2.715 -1.1332
2.72 -2.44426
2.73 -1.16431
2.745 -1.21039
2.76 -0.919925
2.765 -1.35508
2.77 -1.19227
2.775 -1.63336
2.795 -1.43462
2.845 -1.29123
2.85 -0.992409
2.88 -2.0179
2.885 -0.90433
2.935 -1.23002
2.985 -1.37333
2.99 -1.8894
3.015 -1.26814
3.055 -1.44082
3.08 -1.23498
3.085 -1.32686
3.105 -1.18522
3.12 -1.16506
3.13 -2.53297
3.135 -1.09408
3.145 -1.33214
3.2 -1.28317
3.21 -1.26234
3.215 -1.32798
3.225 -1.29727
3.26 -1.28684
3.28 -1.90629
3.285 -1.27554
3.305 -1.26408
3.31 -1.8059
3.325 -2.62997
3.335 -1.18112
3.34 -1.36878
3.51 -1.05861
3.57 -1.34019
3.95 -1.21943
 
 
0 -0.454256
0.005 1.09402
0.01 1.78958
0.015 2.22766
0.02 2.52371
0.025 2.74333
0.03 2.87211
0.035 2.95281
0.04 2.98154
0.045 2.9862
0.05 2.9315
0.055 2.91118
0.06 2.95041
0.065 2.9009
0.07 2.78905
0.075 2.7412
0.08 2.80488
0.085 2.98678
0.09 2.89204
0.095 2.78071
0.1 2.67345
0.105 2.60708
0.11 2.54539
0.115 2.52592
0.12 2.58503
0.125 2.70819
0.13 2.77998
0.135 2.7861
0.14 2.78068
0.145 2.72358
0.15 2.67684
0.155 2.6361
0.16 2.61427
0.165 2.58589
0.17 2.54709
0.175 2.50283
0.18 2.45095
0.185 2.42733
0.19 2.38527
0.195 2.35071
0.2 2.3274
0.205 2.34272
0.21 2.37403
0.215 2.38891
0.22 2.40507
0.225 2.4204
0.23 2.43787
0.235 2.48137
0.24 2.55155
0.245 2.5821
0.25 2.57162
0.255 2.51165
0.26 2.48952
0.265 2.46115
0.27 2.43652
0.275 2.40179
0.28 2.40231
0.285 2.37295
0.29 2.36079
0.295 2.35207
0.3 2.31765
0.305 2.33525
0.31 2.29195
0.315 2.29166
0.32 2.29693
0.325 2.29828
0.33 2.27751
0.335 2.28537
0.34 2.26598
0.345 2.25836
0.35 2.22643
0.355 2.2018
0.36 2.21389
0.365 2.19287
0.37 2.15721
0.375 2.16627
0.38 2.15878
0.385 2.13933
0.39 2.13925
0.395 2.11779
0.4 2.11741
0.405 2.11237
0.41 2.11998
0.415 2.12747
0.42 2.11457
0.425 2.12711
0.43 2.14488
0.435 2.11972
0.44 2.15068
0.445 2.12292
0.45 2.10544
0.455 2.11909
0.46 2.10191
0.465 2.10691
0.47 2.0786
0.475 2.06238
0.48 2.05085
0.485 2.03103
0.49 2.01998
0.495 2.00331
0.5 1.97021
0.505 1.98487
0.51 1.99425
0.515 1.97988
0.52 1.98522
0.525 1.97431
0.53 1.96293
0.535 1.93891
0.54 1.95041
0.545 1.95406
0.55 1.9669
0.555 2.03354
0.56 2.06423
0.565 1.97483
0.57 1.94242
0.575 1.9549
0.58 1.95314
0.585 1.95596
0.59 1.95563
0.595 1.96311
0.6 1.96355
0.605 1.96481
0.61 1.96726
0.615 1.98996
0.62 1.96336
0.625 1.94096
0.63 1.91162
0.635 1.90387
0.64 1.90542
0.645 1.89635
0.65 1.8726
0.655 1.84851
0.66 1.8554
0.665 1.85206
0.67 1.82818
0.675 1.82813
0.68 1.83958
0.685 1.80826
0.69 1.82587
0.695 1.80678
0.7 1.82441
0.705 1.83529
0.71 1.8238
0.715 1.83154
0.72 1.83348
0.725 1.82417
0.73 1.83358
0.735 1.83814
0.74 1.841
0.745 1.79496
0.75 1.80727
0.755 1.80889
0.76 1.81765
0.765 1.7966
0.77 1.79973
0.775 1.79378
0.78 1.78565
0.785 1.76028
0.79 1.76251
0.795 1.73652
0.8 1.71478
0.805 1.69688
0.81 1.71594
0.815 1.67812
0.82 1.65157
0.825 1.64195
0.83 1.62266
0.835 1.599
0.84 1.60613
0.845 1.58146
0.85 1.54429
0.855 1.52746
0.86 1.53702
0.865 1.49525
0.87 1.48215
0.875 1.48008
0.88 1.45634
0.885 1.45795
0.89 1.40592
0.895 1.35984
0.9 1.33361
0.905 1.34918
0.91 1.32278
0.915 1.32586
0.92 1.25773
0.925 1.27176
0.93 1.25391
0.935 1.22728
0.94 1.22146
0.945 1.19575
0.95 1.19006
0.955 1.10021
0.96 1.02358
0.965 1.02147
0.97 0.9791
0.975 0.982518
0.98 0.915017
0.985 0.855168
0.99 0.766404
0.995 0.682717
1 0.664968
1.005 0.583234
1.01 0.504154
1.015 0.389259
1.02 0.424151
1.025 0.392078
1.03 0.302279
1.035 0.308083
1.04 0.243208
1.045 0.177196
1.05 0.287036
1.055 0.21859
1.06 0.252916
1.065 0.222005
1.07 0.21443
1.075 0.068972
1.08 0.0564859
1.085 0.0587653
1.09 0.0342486
1.095 0.103469
1.1 0.0127532
1.105 0.0610163
1.11 0.124857
1.115 -0.118206
1.12 -0.107141
1.125 -0.147459
1.13 -0.0718983
1.135 -0.213372
1.14 -0.12333
1.145 -0.228649
1.15 -0.0535549
1.155 -0.236832
1.16 -0.235507
1.165 -0.147849
1.17 -0.0410604
1.175 -0.343433
1.18 -0.0236201
1.185 -0.263731
1.19 -0.3354
1.195 -0.290718
1.2 -0.321235
1.205 -0.14711
1.21 -0.379964
1.215 -0.371907
1.22 -0.208883
1.225 -0.297722
1.23 -0.114764
1.235 -0.606339
1.24 -0.539274
1.245 -0.405997
1.25 -0.37273
1.255 -0.457907
1.26 -0.587918
1.265 -0.577805
1.27 -0.528802
1.275 -0.93989
1.28 -0.612019
1.285 -0.110866
1.29 -1.14189
1.295 -0.343667
1.3 -0.664314
1.305 -0.597486
1.31 -0.923846
1.315 -0.474842
1.32 -0.750176
1.325 -1.23091
1.33 -0.394288
1.335 -0.47725
1.34 -0.834584
1.345 -0.452186
1.35 -0.636759
1.355 -1.00113
1.36 -1.05608
1.365 -0.612974
1.37 -0.534065
1.375 -0.560873
1.38 -1.0593
1.385 -1.19325
1.39 -0.820896
1.395 -0.514474
1.4 -0.587098
1.405 -0.80089
1.41 -0.965349
1.415 -0.617122
1.42 -0.961054
1.425 -1.07078
1.43 -0.813578
1.435 -0.90966
1.44 -1.23321
1.445 -0.97088
1.45 -1.01462
1.455 -0.894927
1.46 -0.458945
1.465 -0.64027
1.47 -0.665196
1.475 -0.675461
1.48 -0.942918
1.485 -0.723395
1.49 -1.00344
1.495 -1.21068
1.5 -0.90811
1.505 -0.840431
1.51 -1.03217
1.515 -1.47835
1.52 -1.73415
1.525 -0.778945
1.53 -1.0433
1.535 -0.568042
1.54 -1.0934
1.545 -1.25763
1.55 -0.651584
1.555 -1.18008
1.56 -0.588663
1.565 -0.570977
1.57 -0.684559
1.575 -0.736605
1.58 -1.04657
1.585 -0.927639
1.59 -1.10931
1.595 -1.47603
1.6 -1.02784
1.605 -0.605497
1.615 -1.52512
1.625 -0.97938
1.63 -1.16566
1.635 -0.607963
1.64 -0.792316
1.645 -1.5141
1.655 -0.617861
1.66 -1.21397
1.665 -1.31156
1.67 -0.946153
1.675 -2.04833
1.68 -0.952586
1.685 -1.04302
1.69 -1.56613
1.695 -1.70614
1.705 -1.46068
1.71 -1.11865
1.715 -2.05137
1.72 -0.486545
1.725 -1.33787
1.73 -2.35864
1.735 -1.07313
1.74 -0.714863
1.745 -0.95891
1.75 -1.23488
1.755 -0.992719
1.76 -1.29803
1.765 -1.20918
1.775 -1.34495
1.78 -1.66478
1.785 -0.866034
1.79 -1.66867
1.8 -0.779617
1.805 -1.88253
1.81 -1.2121
1.83 -1.15414
1.835 -2.33276
1.84 -1.51698
1.845 -1.05343
1.85 -1.44224
1.855 -1.79305
1.865 -1.58403
1.875 -1.28388
1.89 -1.16648
1.895 -1.19862
1.9 -1.84174
1.905 -1.13943
1.915 -1.17742
1.945 -1.26795
1.95 -1.50615
1.955 -0.985721
1.96 -0.925729
1.965 -1.3885
1.975 -0.89839
1.99 -1.14269
2.005 -1.08152
2.015 -1.91766
2.025 -1.36585
2.035 -1.12241
2.045 -1.35801
2.06 -1.43949
2.065 -1.37807
2.085 -1.06545
2.095 -1.08529
2.1 -1.47299
2.105 -1.30069
2.11 -1.07458
2.115 -1.42903
2.135 -1.62988
2.14 -1.36761
2.155 -1.0854
2.175 -3.05141
2.18 -1.209
2.185 -1.48519
2.195 -1.43118
2.215 -1.4775
2.23 -1.44024
2.235 -1.16771
2.275 -1.146
2.295 -1.39557
2.315 -1.23672
2.325 -1.99478
2.355 -2.72596
2.36 -1.00365
2.375 -1.17622
2.415 -1.76954
2.46 -1.41765
2.475 -1.42911
2.51 -1.17407
2.525 -0.861186
2.575 -1.47852
2.59 -0.995955
2.6 -1.65249
2.61 -3.03344
2.625 -1.59692
2.645 -1.19118
2.655 -1.00555
2.76 -1.448
2.765 -2.64131
2.805 -2.07738
2.82 -1.2044
2.835 -1.14682
2.84 -1.82548
2.93 -0.93593
2.955 -1.27776
3.14 -1.11587
3.145 -1.42577
3.16 -2.86118
3.19 -1.81552
3.205 -1.41946
3.225 -1.29799
3.27 -1.46544
3.29 -1.40132
3.295 -0.90891
3.32 -1.28922
3.35 -1.34596
3.44 -1.34346
3.46 -1.37816
3.475 -1.37266
3.49 -0.965355
3.58 -2.3643
3.685 -2.34337
3.955 -1.30251
4.225 -1.45699
