0 -0.81971
0.005 0.238091
0.01 0.523728
0.015 0.625356
0.02 0.571425
0.025 0.704534
0.03 0.757648
0.035 0.714124
0.04 0.785934
0.045 0.896887
0.05 1.00658
0.055 1.05632
0.06 0.999997
0.065 0.984483
0.07 1.05968
0.075 1.09955
0.08 1.10903
0.085 1.16314
0.09 1.16371
0.095 1.21754
0.1 1.23311
0.105 1.19495
0.11 1.27029
0.115 1.26223
0.12 1.245
0.125 1.22851
0.13 1.27856
0.135 1.26399
0.14 1.29307
0.145 1.23527
0.15 1.30399
0.155 1.24216
0.16 1.32923
0.165 1.35125
0.17 1.30804
0.175 1.3156
0.18 1.31832
0.185 1.35353
0.19 1.32131
0.195 1.32582
0.2 1.34233
0.205 1.39873
0.21 1.30845
0.215 1.29297
0.22 1.34811
0.225 1.3557
0.23 1.35398
0.235 1.31847
0.24 1.34614
0.245 1.34128
0.25 1.34478
0.255 1.32076
0.26 1.33635
0.265 1.36133
0.27 1.28974
0.275 1.31039
0.28 1.31508
0.285 1.33354
0.29 1.31769
0.295 1.35321
0.3 1.28837
0.305 1.28292
0.31 1.25828
0.315 1.27689
0.32 1.31203
0.325 1.28902
0.33 1.27482
0.335 1.31032
0.34 1.29292
0.345 1.25705
0.35 1.26485
0.355 1.30251
0.36 1.3238
0.365 1.32212
0.37 1.3251
0.375 1.27438
0.38 1.32484
0.385 1.29369
0.39 1.28905
0.395 1.28572
0.4 1.33331
0.405 1.30649
0.41 1.30448
0.415 1.32611
0.42 1.31306
0.425 1.30187
0.43 1.29553
0.435 1.30964
0.44 1.29939
0.445 1.30607
0.45 1.30861
0.455 1.34127
0.46 1.33411
0.465 1.30207
0.47 1.31793
0.475 1.28275
0.48 1.37137
0.485 1.33945
0.49 1.36336
0.495 1.33184
0.5 1.37221
0.505 1.32521
0.51 1.30466
0.515 1.30995
0.52 1.32867
0.525 1.38489
0.53 1.35988
0.535 1.3945
0.54 1.34306
0.545 1.38869
0.55 1.33991
0.555 1.37605
0.56 1.38894
0.565 1.4196
0.57 1.39162
0.575 1.39387
0.58 1.39637
0.585 1.41671
0.59 1.40914
0.595 1.41685
0.6 1.41897
0.605 1.41699
0.61 1.43174
0.615 1.41419
0.62 1.40859
0.625 1.41861
0.63 1.43078
0.635 1.4528
0.64 1.41669
0.645 1.49062
0.65 1.47874
0.655 1.41991
0.66 1.39765
0.665 1.44744
0.67 1.4638
0.675 1.46059
0.68 1.47764
0.685 1.47467
0.69 1.44095
0.695 1.41387
0.7 1.42376
0.705 1.43074
0.71 1.43034
0.715 1.4247
0.72 1.44296
0.725 1.42496
0.73 1.48169
0.735 1.45835
0.74 1.45681
0.745 1.44935
0.75 1.44514
0.755 1.37717
0.76 1.42615
0.765 1.4294
0.77 1.43314
0.775 1.4444
0.78 1.47984
0.785 1.47545
0.79 1.41876
0.795 1.43402
0.8 1.44985
0.805 1.45039
0.81 1.40711
0.815 1.41287
0.82 1.41686
0.825 1.42845
0.83 1.41012
0.835 1.44809
0.84 1.40417
0.845 1.40083
0.85 1.38075
0.855 1.34427
0.86 1.23553
0.865 1.23236
0.87 1.23967
0.875 1.14643
0.88 1.1452
0.885 1.21602
0.89 1.25342
0.895 1.19372
0.9 1.22165
0.905 1.19604
0.91 1.18763
0.915 1.16335
0.92 1.18478
0.925 1.15784
0.93 1.12495
0.935 1.17378
0.94 1.2029
0.945 1.13866
0.95 1.16299
0.955 1.19309
0.96 1.19293
0.965 1.20401
0.97 1.19739
0.975 1.17371
0.98 1.15108
0.985 1.17485
0.99 1.15112
0.995 1.18381
1 1.21005
1.005 1.2321
1.01 1.2584
1.015 1.18381
1.02 1.25683
1.025 1.26963
1.03 1.20347
1.035 1.22437
1.04 1.21773
1.045 1.24354
1.05 1.23941
1.055 1.24818
1.06 1.19575
1.065 1.22704
1.07 1.21248
1.075 1.20733
1.08 1.14866
1.085 1.28098
1.09 1.18421
1.095 1.20134
1.1 1.20945
1.105 1.20711
1.11 1.25518
1.115 1.25901
1.12 1.194
1.125 1.23884
1.13 1.2767
1.135 1.24383
1.14 1.2538
1.145 1.22632
1.15 1.28315
1.155 1.2935
1.16 1.29445
1.165 1.29595
1.17 1.27205
1.175 1.20932
1.18 1.23983
1.185 1.2974
1.19 1.24919
1.195 1.23656
1.2 1.28564
1.205 1.28561
1.21 1.16316
1.215 1.07823
1.22 0.995083
1.225 0.695538
1.23 0.502356
1.235 0.546777
1.24 0.417154
1.245 0.52646
1.25 0.33512
1.255 0.33526
1.26 0.247846
1.265 0.34387
1.27 0.193097
1.275 0.275427
1.28 0.39447
1.285 0.109286
1.29 0.325672
1.295 0.350617
1.3 0.291672
1.305 0.203894
1.31 0.190317
1.315 0.16441
1.32 0.235886
1.325 0.285239
1.33 0.300505
1.335 0.349141
1.34 0.323294
1.345 0.344913
1.35 0.29684
1.355 0.359825
1.36 0.29248
1.365 0.269591
1.37 0.319777
1.375 0.331994
1.38 0.239544
1.385 0.381995
1.39 0.381426
1.395 0.425515
1.4 0.354859
1.405 0.497262
1.41 0.396675
1.415 0.475614
1.42 0.370244
1.425 0.347944
1.43 0.362077
1.435 0.282047
1.44 0.398908
1.445 0.269618
1.45 0.358706
1.455 0.398879
1.46 0.262675
1.465 0.367368
1.47 0.263798
1.475 0.317066
1.48 0.192117
1.485 0.249445
1.49 0.205339
1.495 0.265052
1.5 0.257431
1.505 0.296496
1.51 0.193788
1.515 0.259366
1.52 0.189713
1.525 0.0876099
1.53 0.0818656
1.535 0.110538
1.54 0.105374
1.545 0.0343468
1.55 0.137912
1.555 0.0945131
1.56 0.0810902
1.565 0.0894201
1.57 0.0702522
1.575 0.0226244
1.58 -0.117233
1.585 -0.092104
1.59 -0.218145
1.595 -0.0772583
1.6 -0.0486068
1.605 -0.115708
1.61 -0.128769
1.615 -0.0134423
1.62 -0.156808
1.625 -0.0864069
1.63 -0.228302
1.635 -0.310605
1.64 -0.407685
1.645 -0.24285
1.65 -0.261936
1.655 -0.375986
1.66 -0.268449
1.665 -0.354205
1.67 -0.350577
1.675 -0.302405
1.68 -0.346568
1.685 -0.516454
1.69 -0.609835
1.695 -0.844007
1.7 -0.574558
1.705 -0.548844
1.71 -0.639212
1.715 -0.947038
1.72 -0.729824
1.725 -0.663001
1.73 -0.908205
1.735 -1.12787
1.74 -1.08956
1.745 -0.925483
1.75 -2.01637
1.755 -1.22177
1.76 -1.24901
1.765 -1.43296
1.77 -1.02644
1.775 -1.2608
1.78 -1.52398
1.785 -1.36537
1.79 -1.36106
1.795 -1.90201
1.8 -1.5105
1.805 -1.54204
1.81 -1.66369
1.815 -2.3909
1.82 -1.20283
1.825 -1.80794
1.83 -1.46692
1.835 -1.18744
1.845 -1.91
1.85 -1.84532
1.875 -2.26885
1.89 -1.58733
1.905 -2.31287
1.915 -1.95357
1.92 -1.25608
1.925 -2.13172
1.93 -1.87188
1.945 -2.31478
1.96 -2.15429
1.97 -2.13206
2 -2.33099
2.01 -1.57836
2.02 -1.98383
2.04 -1.60339
2.06 -1.05588
2.065 -2.18772
2.105 -1.70252
2.17 -1.44765
2.19 -1.71546
2.255 -1.88011
2.26 -2.16307
2.3 -1.42043
2.34 -2.04489
2.42 -1.15043
2.465 -1.70595
2.675 -1.50409
2.78 -1.82683
 
 
