0 -2.55453
0.001 -1.99932
0.002 -1.93409
0.003 -1.54317
0.004 -1.47254
0.005 -1.34856
0.006 -1.19056
0.007 -1.0611
0.008 -0.970841
0.009 -0.81365
0.01 -0.730425
0.011 -0.649318
0.012 -0.576792
0.013 -0.45778
0.014 -0.342128
0.015 -0.287567
0.016 -0.180437
0.017 -0.111329
0.018 -0.0113903
0.019 0.0640158
0.02 0.145714
0.021 0.243609
0.022 0.273338
0.023 0.305385
0.024 0.316647
0.025 0.318673
0.026 0.342116
0.027 0.358117
0.028 0.361474
0.029 0.364678
0.03 0.368727
0.031 0.36178
0.032 0.386913
0.033 0.397301
0.034 0.375332
0.035 0.385672
0.036 0.371756
0.037 0.381788
0.038 0.390608
0.039 0.380112
0.04 0.385023
0.041 0.38421
0.042 0.380158
0.043 0.390399
0.044 0.390511
0.045 0.39141
0.046 0.390275
0.047 0.385929
0.048 0.364925
0.049 0.363616
0.05 0.348167
0.051 0.340085
0.052 0.367202
0.053 0.319546
0.054 0.348599
0.055 0.327507
0.056 0.334053
0.057 0.33338
0.058 0.308428
0.059 0.32975
0.06 0.317541
0.061 0.340308
0.062 0.345601
0.063 0.340062
0.064 0.313553
0.065 0.326613
0.066 0.301963
0.067 0.307653
0.068 0.314687
0.069 0.304102
0.07 0.301782
0.071 0.303508
0.072 0.282742
0.073 0.272797
0.074 0.269709
0.075 0.247088
0.076 0.233063
0.077 0.250559
0.078 0.250598
0.079 0.246607
0.08 0.229336
0.081 0.222199
0.082 0.212722
0.083 0.221413
0.084 0.206498
0.085 0.211757
0.086 0.177474
0.087 0.206995
0.088 0.203859
0.089 0.212228
0.09 0.217664
0.091 0.2161
0.092 0.203358
0.093 0.188806
0.094 0.196208
0.095 0.192123
0.096 0.198919
0.097 0.196766
0.098 0.186381
0.099 0.173009
0.1 0.177871
0.101 0.165843
0.102 0.185169
0.103 0.170252
0.104 0.148507
0.105 0.156456
0.106 0.144811
0.107 0.135103
0.108 0.133339
0.109 0.13676
0.11 0.1146
0.111 0.110457
0.112 0.115966
0.113 0.103738
0.114 0.0944547
0.115 0.0887043
0.116 0.066905
0.117 0.0782858
0.118 0.0698995
0.119 0.0556165
0.12 0.0569197
0.121 0.0539098
0.122 0.0416451
0.123 0.036633
0.124 0.0322164
0.125 0.018798
0.126 0.0123671
0.127 0.0144468
0.128 0.00167426
0.129 -0.0057317
0.13 -0.000480127
0.131 -0.0167187
0.132 -0.0129631
0.133 -0.015441
0.134 -0.020954
0.135 -0.0224233
0.136 -0.0319271
0.137 -0.0413845
0.138 -0.049053
0.139 -0.0510678
0.14 -0.0574838
0.141 -0.0435647
0.142 -0.0359691
0.143 -0.0164358
0.144 -0.0218467
0.145 -0.0428195
0.146 -0.0368336
0.147 -0.00960896
0.148 -0.0529964
0.149 -0.0389846
0.15 -0.0516608
0.151 -0.0671144
0.152 -0.0721731
0.153 -0.0948031
0.154 -0.0961429
0.155 -0.118486
0.156 -0.0993718
0.157 -0.132194
0.158 -0.133627
0.159 -0.13392
0.16 -0.122608
0.161 -0.120976
0.162 -0.127943
0.163 -0.146632
0.164 -0.154504
0.165 -0.14056
0.166 -0.160163
0.167 -0.171922
0.168 -0.174269
0.169 -0.166333
0.17 -0.169984
0.171 -0.199495
0.172 -0.183005
0.173 -0.179707
0.174 -0.188053
0.175 -0.204998
0.176 -0.203677
0.177 -0.232143
0.178 -0.254464
0.179 -0.238706
0.18 -0.222465
0.181 -0.232004
0.182 -0.251562
0.183 -0.250284
0.184 -0.249276
0.185 -0.25248
0.186 -0.231566
0.187 -0.238364
0.188 -0.240104
0.189 -0.258726
0.19 -0.240967
0.191 -0.268921
0.192 -0.283359
0.193 -0.268091
0.194 -0.268919
0.195 -0.269491
0.196 -0.264533
0.197 -0.275505
0.198 -0.275576
0.199 -0.294728
0.2 -0.280855
0.201 -0.268812
0.202 -0.29775
0.203 -0.311988
0.204 -0.315705
0.205 -0.323981
0.206 -0.329149
0.207 -0.304491
0.208 -0.31261
0.209 -0.345681
0.21 -0.323733
0.211 -0.339467
0.212 -0.315081
0.213 -0.357856
0.214 -0.36273
0.215 -0.378848
0.216 -0.35712
0.217 -0.359549
0.218 -0.391461
0.219 -0.364898
0.22 -0.377386
0.221 -0.383554
0.222 -0.370251
0.223 -0.395488
0.224 -0.400865
0.225 -0.398192
0.226 -0.424572
0.227 -0.40674
0.228 -0.389974
0.229 -0.394678
0.23 -0.40229
0.231 -0.411611
0.232 -0.414753
0.233 -0.399897
0.234 -0.412945
0.235 -0.386507
0.236 -0.416139
0.237 -0.398923
0.238 -0.409318
0.239 -0.418207
0.24 -0.423216
0.241 -0.41796
0.242 -0.42056
0.243 -0.42009
0.244 -0.410189
0.245 -0.431586
0.246 -0.425341
0.247 -0.458909
0.248 -0.460372
0.249 -0.435837
0.25 -0.415633
0.251 -0.442653
0.252 -0.479637
0.253 -0.475305
0.254 -0.453336
0.255 -0.460834
0.256 -0.453403
0.257 -0.444962
0.258 -0.462896
0.259 -0.458721
0.26 -0.476849
0.261 -0.508952
0.262 -0.501178
0.263 -0.501449
0.264 -0.500511
0.265 -0.550914
0.266 -0.533873
0.267 -0.531985
0.268 -0.523678
0.269 -0.521121
0.27 -0.525325
0.271 -0.540554
0.272 -0.553732
0.273 -0.587466
0.274 -0.591125
0.275 -0.595295
0.276 -0.593045
0.277 -0.581064
0.278 -0.598155
0.279 -0.60527
0.28 -0.622775
0.281 -0.587733
0.282 -0.579238
0.283 -0.611067
0.284 -0.634567
0.285 -0.610562
0.286 -0.641884
0.287 -0.639153
0.288 -0.623271
0.289 -0.633684
0.29 -0.647763
0.291 -0.647961
0.292 -0.641143
0.293 -0.653329
0.294 -0.649131
0.295 -0.659619
0.296 -0.663856
0.297 -0.663482
0.298 -0.648565
0.299 -0.657146
0.3 -0.682943
0.301 -0.687881
0.302 -0.657902
0.303 -0.681392
0.304 -0.659831
0.305 -0.694548
0.306 -0.68529
0.307 -0.707198
0.308 -0.711339
0.309 -0.717226
0.31 -0.702235
0.311 -0.719448
0.312 -0.729013
0.313 -0.713653
0.314 -0.708886
0.315 -0.719285
0.316 -0.725064
0.317 -0.762393
0.318 -0.75419
0.319 -0.73082
0.32 -0.75278
0.321 -0.719748
0.322 -0.727745
0.323 -0.726047
0.324 -0.743695
0.325 -0.757559
0.326 -0.732305
0.327 -0.747041
0.328 -0.733531
0.329 -0.728163
0.33 -0.740711
0.331 -0.730532
0.332 -0.740202
0.333 -0.734291
0.334 -0.763352
0.335 -0.766237
0.336 -0.778643
0.337 -0.77578
0.338 -0.779739
0.339 -0.777849
0.34 -0.78705
0.341 -0.79601
0.342 -0.775452
0.343 -0.80971
0.344 -0.796313
0.345 -0.830691
0.346 -0.856735
0.347 -0.816174
0.348 -0.843323
0.349 -0.833114
0.35 -0.834033
0.351 -0.85708
0.352 -0.819301
0.353 -0.869534
0.354 -0.845174
0.355 -0.837211
0.356 -0.835706
0.357 -0.855117
0.358 -0.856655
0.359 -0.847624
0.36 -0.852848
0.361 -0.887044
0.362 -0.863371
0.363 -0.89446
0.364 -0.893639
0.365 -0.909765
0.366 -0.914852
0.367 -0.87634
0.368 -0.903059
0.369 -0.909941
0.37 -0.927523
0.371 -0.920774
0.372 -0.934139
0.373 -0.967757
0.374 -0.944571
0.375 -0.985431
0.376 -1.00622
0.377 -0.975093
0.378 -0.996267
0.379 -1.0134
0.38 -1.01344
0.381 -1.04452
0.382 -1.00541
0.383 -0.982997
0.384 -1.03228
0.385 -1.00609
0.386 -1.01225
0.387 -1.02948
0.388 -1.01922
0.389 -1.03344
0.39 -1.05207
0.391 -1.08592
0.392 -1.06716
0.393 -1.08571
0.394 -1.06393
0.395 -1.05157
0.396 -1.0602
0.397 -1.07637
0.398 -1.08842
0.399 -1.07892
0.4 -1.09398
0.401 -1.09476
0.402 -1.11865
0.403 -1.12087
0.404 -1.13097
0.405 -1.10057
0.406 -1.14902
0.407 -1.16284
0.408 -1.10696
0.409 -1.1608
0.41 -1.14955
0.411 -1.14662
0.412 -1.16814
0.413 -1.16415
0.414 -1.12985
0.415 -1.14518
0.416 -1.1713
0.417 -1.18583
0.418 -1.18957
0.419 -1.18497
0.42 -1.17139
0.421 -1.21218
0.422 -1.21012
0.423 -1.1974
0.424 -1.2171
0.425 -1.22578
0.426 -1.23159
0.427 -1.22405
0.428 -1.22446
0.429 -1.22508
0.43 -1.22451
0.431 -1.22958
0.432 -1.23254
0.433 -1.24092
0.434 -1.25199
0.435 -1.24223
0.436 -1.22257
0.437 -1.22293
0.438 -1.28415
0.439 -1.2583
0.44 -1.23858
0.441 -1.23322
0.442 -1.25079
0.443 -1.24705
0.444 -1.27719
0.445 -1.26191
0.446 -1.25236
0.447 -1.23882
0.448 -1.27879
0.449 -1.28012
0.45 -1.27722
0.451 -1.2862
0.452 -1.26697
0.453 -1.29009
0.454 -1.29763
0.455 -1.27418
0.456 -1.28406
0.457 -1.28267
0.458 -1.31357
0.459 -1.31236
0.46 -1.33668
0.461 -1.30244
0.462 -1.34901
0.463 -1.3147
0.464 -1.36639
0.465 -1.34965
0.466 -1.36051
0.467 -1.37142
0.468 -1.39957
0.469 -1.40692
0.47 -1.36899
0.471 -1.37855
0.472 -1.36678
0.473 -1.43791
0.474 -1.40037
0.475 -1.39451
0.476 -1.3946
0.477 -1.40838
0.478 -1.40675
0.479 -1.42259
0.48 -1.43873
0.481 -1.45647
0.482 -1.4636
0.483 -1.41727
0.484 -1.4351
0.485 -1.48131
0.486 -1.49139
0.487 -1.47142
0.488 -1.45827
0.489 -1.47976
0.49 -1.45475
0.491 -1.48639
0.492 -1.50113
0.493 -1.50462
0.494 -1.51424
0.495 -1.46704
0.496 -1.52513
0.497 -1.54002
0.498 -1.55553
0.499 -1.5168
0.5 -1.55854
0.501 -1.47473
0.502 -1.56608
0.503 -1.58902
0.504 -1.59365
0.505 -1.5429
0.506 -1.60265
0.507 -1.63501
0.508 -1.6418
0.509 -1.64992
0.51 -1.70724
0.511 -1.64407
0.512 -1.71443
0.513 -1.6661
0.514 -1.67779
0.515 -1.68063
0.516 -1.71344
0.517 -1.7286
0.518 -1.76902
0.519 -1.74419
0.52 -1.6707
0.521 -1.72984
0.522 -1.7625
0.523 -1.81733
0.524 -1.78266
0.525 -1.78456
0.526 -1.80864
0.527 -1.79124
0.528 -1.82259
0.529 -1.80387
0.53 -1.83801
0.531 -1.86302
0.532 -1.86899
0.533 -1.8743
0.534 -1.82068
0.535 -1.92062
0.536 -1.88107
0.537 -1.94028
0.538 -1.88613
0.539 -1.97382
0.54 -1.94665
0.541 -1.94481
0.542 -2.00444
0.543 -1.94871
0.544 -1.93229
0.545 -1.9047
0.546 -2.00825
0.547 -2.07942
0.548 -2.03177
0.549 -2.09834
0.55 -2.05098
0.551 -2.0613
0.552 -2.09901
0.553 -2.11566
0.554 -2.16493
0.555 -2.06956
0.556 -2.20927
0.557 -2.09122
0.558 -2.10206
0.559 -2.17092
0.56 -2.21483
0.561 -2.10091
0.562 -2.13866
0.563 -2.23776
0.564 -2.26154
0.565 -2.138
0.566 -2.21684
0.567 -2.2928
0.568 -2.28035
0.569 -2.05457
0.57 -2.22225
0.571 -2.37756
0.572 -2.28827
0.573 -2.31965
0.574 -2.32241
0.575 -2.20023
0.576 -2.23155
0.577 -2.25018
0.578 -2.24368
0.579 -2.37969
0.58 -2.26025
0.581 -2.33686
0.582 -2.37821
0.583 -2.25117
0.584 -2.39261
0.585 -2.31509
0.586 -2.26614
0.587 -2.36842
0.588 -2.54072
0.589 -2.34767
0.59 -2.31516
0.591 -2.47687
0.592 -2.31308
0.593 -2.40462
0.594 -2.29244
0.595 -2.52393
0.596 -2.50684
0.597 -2.36009
0.598 -2.36439
0.599 -2.44569
0.6 -2.57348
0.601 -2.44077
0.602 -2.54501
0.603 -2.31064
0.604 -2.39992
0.605 -2.60481
0.606 -2.40227
0.607 -2.58675
0.608 -2.40623
0.609 -2.63376
0.61 -2.49084
0.611 -2.7284
0.612 -2.43948
0.613 -2.55613
0.614 -2.44524
0.615 -2.55448
0.616 -2.5242
0.617 -2.5115
0.618 -2.42489
0.619 -2.56211
0.62 -2.48916
0.621 -2.40424
0.622 -2.61327
0.623 -2.56536
0.624 -2.62909
0.625 -2.61066
0.626 -2.4544
0.627 -2.56696
0.628 -2.42563
0.629 -2.51551
0.63 -2.43768
0.631 -2.44199
0.632 -2.72148
0.633 -2.503
0.634 -2.58261
0.635 -2.81568
0.636 -2.7579
0.637 -2.69896
0.638 -2.6196
0.639 -2.7081
0.64 -2.91399
0.641 -2.60806
0.642 -2.58013
0.643 -2.55373
0.644 -2.54779
0.645 -2.87421
0.646 -2.74402
0.647 -2.68136
0.648 -2.34448
0.649 -2.67624
0.65 -2.56663
0.651 -2.6435
0.652 -2.87713
0.653 -2.63685
0.654 -2.99167
0.655 -2.78139
0.656 -2.43313
0.657 -2.5683
0.658 -2.62525
0.659 -2.75196
0.66 -2.82377
0.661 -2.67839
0.662 -2.9407
0.663 -2.69443
0.664 -2.5639
0.665 -2.56038
0.666 -2.90906
0.667 -2.80249
0.668 -2.89
0.669 -2.90557
0.67 -2.51528
0.671 -3.13707
0.672 -2.77784
0.673 -2.6272
0.674 -2.79098
0.675 -2.64039
0.676 -2.75806
0.677 -2.74795
0.678 -2.79819
0.679 -2.71209
0.68 -2.50005
0.681 -2.68233
0.682 -2.69719
0.683 -2.53626
0.684 -2.44724
0.685 -2.88305
0.686 -2.70403
0.687 -2.81126
0.688 -2.96607
0.689 -2.81176
0.69 -2.69182
0.691 -2.60511
0.692 -3.0123
0.693 -2.85924
0.694 -2.91503
0.695 -2.84048
0.696 -2.67861
0.697 -2.92758
0.698 -2.74835
0.699 -2.79679
0.7 -2.63736
0.701 -2.97298
0.702 -2.96854
0.703 -2.75847
0.704 -2.67741
0.705 -2.85912
0.706 -3.1177
0.707 -2.80643
0.708 -2.52866
0.709 -2.68463
0.71 -2.93708
0.711 -2.83851
0.712 -3.01783
0.713 -3.02399
0.714 -2.88701
0.715 -2.76097
0.716 -3.04949
0.717 -2.7668
0.718 -2.72825
0.719 -3.0456
0.72 -2.71405
0.721 -3.17498
0.722 -3.02567
0.723 -3.05447
0.724 -2.89079
0.725 -3.18737
0.726 -3.42256
0.727 -3.03304
0.728 -2.76175
0.729 -2.88091
0.73 -3.36558
0.731 -3.42359
0.732 -2.99509
0.733 -3.10555
0.734 -2.8189
0.735 -3.09903
0.736 -2.83052
0.737 -3.43445
0.738 -2.77079
0.739 -3.2505
0.74 -3.13232
0.741 -3.10269
0.742 -2.98143
0.743 -3.53061
0.744 -3.41402
0.745 -3.23559
0.746 -3.07784
0.747 -2.86589
0.748 -3.36024
0.749 -3.18259
0.75 -3.22665
0.751 -2.83497
0.752 -3.04411
0.753 -3.61814
0.754 -3.08156
0.755 -3.65678
0.756 -2.78532
0.757 -3.45449
0.758 -3.2976
0.759 -2.96889
0.76 -3.36256
0.761 -3.2553
0.762 -3.28913
0.763 -3.40368
0.764 -3.43964
0.765 -3.23092
0.766 -2.65717
0.767 -3.35454
0.768 -3.4554
0.769 -2.63752
0.77 -3.22197
0.771 -3.01939
0.772 -3.25266
0.773 -2.61868
0.774 -3.32729
0.775 -2.92123
0.776 -2.94584
0.777 -3.4998
0.778 -2.78687
0.779 -3.28497
0.78 -3.13877
0.781 -3.17983
0.782 -3.45626
0.783 -3.43549
0.784 -3.07616
0.785 -2.9588
0.786 -2.62603
0.787 -3.63771
0.788 -2.97744
0.789 -2.94398
0.79 -3.40612
0.791 -3.27181
0.792 -3.48782
0.793 -3.14359
0.794 -3.01908
0.795 -2.91422
0.796 -2.82753
0.797 -3.35256
0.798 -3.35508
0.799 -3.35323
0.8 -3.16993
0.801 -3.49575
0.802 -3.3278
0.803 -3.33615
0.804 -3.17106
0.805 -3.36777
0.806 -3.85489
0.807 -3.60336
0.808 -3.4248
0.809 -2.76742
0.81 -3.53432
0.811 -3.46373
0.812 -3.00457
0.813 -3.4438
0.814 -3.50785
0.815 -3.24171
0.816 -3.25581
0.817 -2.9632
0.818 -3.88736
0.819 -3.50395
0.82 -3.38886
0.821 -3.62866
0.822 -3.14549
0.823 -3.20583
0.824 -3.59657
0.825 -2.95079
0.826 -4.00504
0.827 -3.04644
0.828 -3.28851
0.829 -4.1214
0.83 -3.63843
0.831 -2.86056
0.832 -3.32445
0.833 -3.44386
0.834 -2.72024
0.835 -3.14477
0.836 -3.32133
0.837 -3.71852
0.838 -3.07697
0.839 -3.54053
0.84 -3.72678
0.841 -3.18134
0.842 -3.73231
0.843 -3.25906
0.844 -4.3742
0.845 -3.60068
0.846 -3.56555
0.847 -3.26886
0.848 -3.32878
0.849 -3.04718
0.85 -3.40772
0.851 -4.26137
0.852 -3.03427
0.853 -3.4254
0.854 -3.16218
0.855 -3.90354
0.856 -3.45596
0.857 -3.36884
0.858 -3.05027
0.859 -4.33674
0.86 -3.00852
0.861 -4.7691
0.862 -3.89005
0.863 -3.00698
0.864 -3.39412
0.865 -2.94315
0.866 -3.44411
0.867 -3.68737
0.868 -3.78598
0.869 -3.84264
0.87 -3.12305
0.871 -3.76628
0.872 -3.86137
0.873 -2.8022
0.874 -3.48172
0.875 -4.30002
0.876 -3.47819
0.877 -3.58055
0.878 -3.38194
0.879 -3.95756
0.88 -2.98719
0.881 -3.06742
0.882 -4.21741
0.883 -3.91329
0.884 -3.0207
0.885 -3.93594
0.886 -4.1277
0.887 -3.83308
0.888 -3.52116
0.889 -4.15164
0.89 -3.66404
0.891 -3.50459
0.892 -3.12764
0.893 -3.28071
0.894 -3.94108
0.895 -3.38999
0.896 -3.73276
0.897 -3.07116
0.898 -3.50452
0.899 -3.99083
0.9 -3.27127
0.901 -3.57081
0.902 -3.51606
0.903 -4.45647
0.904 -3.52685
0.905 -3.42608
0.906 -3.69767
0.907 -3.18014
0.908 -3.71293
0.909 -3.09719
0.91 -3.79849
0.911 -3.12339
0.912 -3.63372
0.913 -3.85199
0.914 -3.52005
0.915 -2.94377
0.916 -4.35629
0.917 -3.54461
0.918 -3.91944
0.919 -4.4607
0.92 -4.18196
0.921 -3.46821
0.922 -3.65562
0.923 -3.88198
0.924 -3.2778
0.925 -3.84398
0.926 -3.79074
0.927 -3.92457
0.928 -3.06656
0.929 -4.16911
0.93 -4.78104
0.931 -4.16837
0.932 -3.10194
0.933 -3.58295
0.934 -4.22122
0.935 -3.48405
0.936 -4.57306
0.937 -3.47795
0.938 -3.79664
0.939 -4.03652
0.94 -5.07568
0.942 -4.1776
0.943 -3.49797
0.944 -4.50302
0.945 -3.95944
0.946 -4.5123
0.947 -3.74436
0.948 -3.46733
0.949 -3.56595
0.95 -3.28188
0.951 -3.35894
0.952 -3.66527
0.953 -4.04914
0.954 -3.76851
0.955 -3.96739
0.956 -3.4817
0.957 -5.59207
0.958 -4.40566
0.959 -3.05971
0.96 -3.92269
0.961 -3.89439
0.962 -3.94123
0.963 -4.1703
0.965 -4.96015
0.966 -4.20078
0.967 -4.66408
0.968 -4.75709
0.969 -3.95999
0.97 -4.2425
0.971 -4.50513
0.972 -3.5248
0.973 -4.5123
0.974 -4.52425
0.975 -3.81164
0.976 -3.32637
0.977 -4.7191
0.978 -3.51518
0.979 -3.56473
0.98 -4.50652
0.981 -4.41362
0.982 -3.68712
0.983 -3.58432
0.984 -3.07985
0.985 -3.19442
0.986 -2.69029
0.987 -5.37472
0.988 -5.00721
0.989 -4.01364
0.991 -3.33701
0.992 -3.74377
0.993 -4.57434
0.994 -3.81567
0.995 -3.91759
0.997 -4.46745
0.998 -3.13002
0.999 -4.53199
1 -4.57338
1.001 -3.73555
1.003 -3.40454
1.004 -4.8377
1.005 -3.18151
1.006 -4.32353
1.007 -3.92934
1.008 -3.56307
1.009 -4.65549
1.01 -3.82574
1.011 -3.11852
1.012 -4.86436
1.013 -4.13405
1.014 -4.04363
1.015 -3.84458
1.016 -3.34165
1.017 -4.00838
1.018 -3.8163
1.019 -4.2637
1.02 -3.30341
1.021 -3.9326
1.022 -4.91568
1.023 -3.33142
1.024 -3.28877
1.025 -3.29965
1.026 -5.21825
1.028 -4.32585
1.029 -3.42926
1.03 -4.49712
1.031 -3.42206
1.032 -3.97612
1.033 -4.00172
1.035 -4.25087
1.036 -4.86394
1.037 -4.62524
1.038 -3.1394
1.039 -4.01487
1.04 -3.5743
1.042 -4.31099
1.043 -4.58669
1.044 -4.56246
1.046 -4.18748
1.047 -3.34952
1.048 -5.77446
1.049 -4.67858
1.05 -4.06665
1.051 -4.49372
1.052 -4.36085
1.053 -3.4713
1.056 -3.20771
1.057 -2.88528
1.058 -3.73908
1.059 -4.17566
1.06 -4.25413
1.061 -4.0334
1.062 -4.09741
1.063 -4.55854
1.064 -4.34773
1.065 -3.64722
1.066 -3.8708
1.067 -3.59362
1.068 -5.74444
1.069 -3.50889
1.07 -3.51234
1.071 -3.77898
1.075 -4.14566
1.076 -5.0894
1.077 -3.23578
1.08 -4.1822
1.081 -3.10206
1.083 -5.4936
1.084 -3.81423
1.085 -4.35834
1.086 -4.14491
1.087 -3.26524
1.088 -4.6781
1.089 -3.30048
1.09 -4.15352
1.092 -5.42254
1.093 -4.07311
1.095 -3.76228
1.097 -4.29739
1.098 -3.48402
1.099 -3.81071
1.1 -4.47162
1.101 -4.64371
1.103 -3.45977
1.104 -3.85312
1.106 -3.75873
1.107 -3.54368
1.108 -4.01246
1.109 -4.11398
1.11 -3.70084
1.111 -4.50735
1.112 -4.48667
1.113 -4.66328
1.114 -3.67645
1.115 -4.21292
1.116 -3.41725
1.117 -4.07455
1.118 -4.31192
1.119 -4.86649
1.12 -4.14401
1.121 -3.53976
1.122 -3.46033
1.123 -4.03113
1.124 -4.13495
1.128 -5.09819
1.13 -3.82495
1.131 -4.49699
1.132 -3.86256
1.133 -4.20419
1.134 -4.51066
1.135 -4.28063
1.136 -3.80795
1.137 -3.29726
1.142 -3.87494
1.143 -4.82683
1.144 -4.56255
1.146 -4.8751
1.147 -4.40433
1.149 -4.79963
1.15 -4.65749
1.152 -4.91561
1.153 -3.83127
1.154 -4.69559
1.155 -3.19578
1.156 -4.70567
1.159 -4.02919
1.16 -3.91379
1.161 -4.25878
1.163 -3.21223
1.167 -4.54501
1.168 -4.89742
1.169 -4.48244
1.172 -4.75117
1.175 -3.68783
1.176 -4.63575
1.177 -5.40045
1.182 -4.86346
1.183 -3.47171
1.185 -3.30872
1.186 -3.237
1.187 -4.40091
1.189 -2.98822
1.195 -3.6282
1.196 -4.47534
1.198 -5.19278
1.199 -5.61248
1.2 -3.85135
1.202 -5.01786
1.203 -2.89693
1.204 -4.49407
1.205 -4.45784
1.207 -3.62695
1.21 -4.086
1.211 -3.2586
1.212 -4.10424
1.218 -4.32219
1.22 -3.19274
1.221 -5.63163
1.222 -4.37778
1.226 -4.22691
1.23 -4.68654
1.232 -4.51699
1.233 -3.83761
1.235 -4.48135
1.236 -4.46536
1.238 -4.30397
1.239 -5.04997
1.241 -4.19235
1.242 -4.26197
1.243 -3.59026
1.245 -3.74228
1.247 -3.92982
1.251 -4.7843
1.254 -4.1474
1.256 -3.12947
1.257 -4.09549
1.258 -3.7246
1.263 -4.47132
1.265 -3.2537
1.266 -4.4562
1.268 -3.3848
1.27 -4.72564
1.271 -3.95707
1.274 -4.29896
1.275 -4.8945
1.28 -4.29702
1.286 -5.08932
1.288 -3.85879
1.289 -5.08571
1.29 -3.5018
1.291 -4.56338
1.293 -5.16951
1.295 -3.60929
1.297 -3.76458
1.298 -3.87811
1.301 -3.17675
1.309 -4.9154
1.31 -4.13908
1.311 -3.86574
1.312 -4.236
1.313 -4.82831
1.314 -4.80432
1.317 -3.44584
1.318 -4.60144
1.322 -4.47727
1.323 -4.13062
1.324 -3.93242
1.325 -4.32371
1.328 -4.66012
1.333 -4.11289
1.337 -4.99956
1.341 -3.48713
1.342 -4.09264
1.345 -4.13851
1.346 -4.13851
1.349 -4.77012
1.35 -4.65335
1.359 -4.3781
1.361 -5.00448
1.366 -4.75516
1.367 -3.88835
1.374 -5.08932
1.388 -3.99525
1.393 -4.47751
1.395 -4.66328
1.399 -3.1889
1.401 -4.8093
1.405 -4.61591
1.408 -4.78353
1.421 -5.30472
1.422 -4.81684
1.426 -4.58596
1.43 -3.46755
1.431 -3.87127
1.434 -4.59413
1.439 -5.05452
1.44 -4.86364
1.447 -3.82944
1.452 -3.66487
1.454 -4.59568
1.455 -4.66834
1.457 -3.7707
1.459 -4.57147
1.465 -4.68073
1.479 -5.114
1.493 -4.70411
1.5 -4.26782
1.501 -5.3126
1.503 -4.09625
1.506 -6.07765
1.518 -5.1109
1.519 -4.96015
1.535 -5.00721
1.537 -4.73097
1.542 -4.69228
1.545 -4.74945
1.549 -4.50676
1.552 -3.70426
1.554 -4.63222
1.578 -3.92516
1.581 -3.77773
1.583 -5.04284
1.584 -3.82642
1.589 -4.9605
1.592 -4.28022
1.598 -4.84024
1.601 -3.88307
1.603 -4.56209
1.606 -4.25589
1.611 -4.71558
1.618 -4.61238
1.627 -4.84024
1.649 -4.51963
1.659 -4.73389
1.667 -4.58222
1.695 -4.60719
1.702 -4.36672
1.725 -4.0084
1.74 -3.26056
1.741 -3.6892
1.742 -4.62492
1.747 -4.0749
1.756 -3.82527
1.817 -5.21445
1.821 -4.63051
1.874 -4.29067
1.876 -5.0797
1.887 -5.00926
1.898 -4.548
2.071 -5.59426
2.175 -5.09957
2.269 -4.87429
 
 
