0 -2.57368
0.001 -1.97946
0.002 -1.82497
0.003 -1.55912
0.004 -1.50855
0.005 -1.3357
0.006 -1.18134
0.007 -1.08414
0.008 -0.939372
0.009 -0.808725
0.01 -0.728615
0.011 -0.632812
0.012 -0.585568
0.013 -0.456048
0.014 -0.34047
0.015 -0.297069
0.016 -0.183883
0.017 -0.107709
0.018 -0.00869189
0.019 0.0791382
0.02 0.140352
0.021 0.244348
0.022 0.273873
0.023 0.294928
0.024 0.317424
0.025 0.328977
0.026 0.340475
0.027 0.358676
0.028 0.353514
0.029 0.357201
0.03 0.368335
0.031 0.361777
0.032 0.386471
0.033 0.384683
0.034 0.379494
0.035 0.384595
0.036 0.367725
0.037 0.384491
0.038 0.397399
0.039 0.388145
0.04 0.386217
0.041 0.388182
0.042 0.383622
0.043 0.398548
0.044 0.385573
0.045 0.398832
0.046 0.377349
0.047 0.38018
0.048 0.365394
0.049 0.372858
0.05 0.352435
0.051 0.345456
0.052 0.349006
0.053 0.33902
0.054 0.334618
0.055 0.327567
0.056 0.326735
0.057 0.328546
0.058 0.309651
0.059 0.330125
0.06 0.31537
0.061 0.340927
0.062 0.337454
0.063 0.340803
0.064 0.312724
0.065 0.313226
0.066 0.312948
0.067 0.31507
0.068 0.315406
0.069 0.302709
0.07 0.313275
0.071 0.300423
0.072 0.289691
0.073 0.271549
0.074 0.276145
0.075 0.263682
0.076 0.238199
0.077 0.255291
0.078 0.240683
0.079 0.253306
0.08 0.232022
0.081 0.225473
0.082 0.218958
0.083 0.223946
0.084 0.215199
0.085 0.198742
0.086 0.185914
0.087 0.198881
0.088 0.201242
0.089 0.202491
0.09 0.213421
0.091 0.201613
0.092 0.204937
0.093 0.195141
0.094 0.196015
0.095 0.190715
0.096 0.203001
0.097 0.193669
0.098 0.185562
0.099 0.18367
0.1 0.176036
0.101 0.17178
0.102 0.182866
0.103 0.16324
0.104 0.153655
0.105 0.149904
0.106 0.148433
0.107 0.123986
0.108 0.133555
0.109 0.125783
0.11 0.105251
0.111 0.116202
0.112 0.106409
0.113 0.109813
0.114 0.0942551
0.115 0.0843097
0.116 0.0694185
0.117 0.0697138
0.118 0.0711047
0.119 0.0571651
0.12 0.0473051
0.121 0.0574305
0.122 0.0329617
0.123 0.049115
0.124 0.0355152
0.125 0.0172097
0.126 0.0291543
0.127 0.0130121
0.128 -0.0032154
0.129 -0.00440991
0.13 -0.0102739
0.131 0.00774543
0.132 -0.00558506
0.133 -0.00918066
0.134 -0.022954
0.135 -0.0330329
0.136 -0.0440551
0.137 -0.0419189
0.138 -0.0525293
0.139 -0.060096
0.14 -0.0618018
0.141 -0.0546671
0.142 -0.0311348
0.143 -0.0192891
0.144 -0.00661093
0.145 -0.0352201
0.146 -0.0408164
0.147 -0.010427
0.148 -0.0505304
0.149 -0.0341424
0.15 -0.0689346
0.151 -0.0587403
0.152 -0.0730618
0.153 -0.0980868
0.154 -0.0938565
0.155 -0.0991252
0.156 -0.0963036
0.157 -0.109241
0.158 -0.12088
0.159 -0.118905
0.16 -0.127657
0.161 -0.134534
0.162 -0.139279
0.163 -0.146961
0.164 -0.161018
0.165 -0.124661
0.166 -0.157741
0.167 -0.172637
0.168 -0.158209
0.169 -0.177294
0.17 -0.182158
0.171 -0.20182
0.172 -0.189024
0.173 -0.184545
0.174 -0.203833
0.175 -0.209021
0.176 -0.210928
0.177 -0.25375
0.178 -0.236542
0.179 -0.241812
0.18 -0.227206
0.181 -0.233679
0.182 -0.230336
0.183 -0.244194
0.184 -0.240201
0.185 -0.264657
0.186 -0.247544
0.187 -0.242672
0.188 -0.245452
0.189 -0.269645
0.19 -0.25366
0.191 -0.269456
0.192 -0.280882
0.193 -0.273293
0.194 -0.257164
0.195 -0.253477
0.196 -0.255273
0.197 -0.269407
0.198 -0.286038
0.199 -0.30157
0.2 -0.2786
0.201 -0.298426
0.202 -0.305936
0.203 -0.331434
0.204 -0.31372
0.205 -0.325564
0.206 -0.331963
0.207 -0.320532
0.208 -0.314645
0.209 -0.353858
0.21 -0.327379
0.211 -0.362158
0.212 -0.341747
0.213 -0.361317
0.214 -0.365561
0.215 -0.368583
0.216 -0.355926
0.217 -0.365654
0.218 -0.367234
0.219 -0.366739
0.22 -0.374641
0.221 -0.365435
0.222 -0.377767
0.223 -0.380693
0.224 -0.411601
0.225 -0.387754
0.226 -0.428082
0.227 -0.424527
0.228 -0.401891
0.229 -0.394736
0.23 -0.407764
0.231 -0.429112
0.232 -0.407301
0.233 -0.402944
0.234 -0.387494
0.235 -0.387258
0.236 -0.404214
0.237 -0.402379
0.238 -0.401855
0.239 -0.408492
0.24 -0.406619
0.241 -0.419175
0.242 -0.42805
0.243 -0.429554
0.244 -0.427964
0.245 -0.41165
0.246 -0.415358
0.247 -0.441601
0.248 -0.465107
0.249 -0.437296
0.25 -0.433331
0.251 -0.445126
0.252 -0.468819
0.253 -0.466687
0.254 -0.455171
0.255 -0.467622
0.256 -0.458267
0.257 -0.449211
0.258 -0.476969
0.259 -0.454149
0.26 -0.471531
0.261 -0.4941
0.262 -0.520111
0.263 -0.511301
0.264 -0.505957
0.265 -0.537131
0.266 -0.541209
0.267 -0.543485
0.268 -0.543187
0.269 -0.542426
0.27 -0.550011
0.271 -0.544539
0.272 -0.541719
0.273 -0.563224
0.274 -0.564496
0.275 -0.582795
0.276 -0.579971
0.277 -0.590271
0.278 -0.613553
0.279 -0.592433
0.28 -0.631644
0.281 -0.588314
0.282 -0.596362
0.283 -0.613165
0.284 -0.603962
0.285 -0.619246
0.286 -0.621199
0.287 -0.634091
0.288 -0.632542
0.289 -0.633253
0.29 -0.623324
0.291 -0.64139
0.292 -0.64455
0.293 -0.657824
0.294 -0.639955
0.295 -0.648053
0.296 -0.655533
0.297 -0.659419
0.298 -0.65133
0.299 -0.647784
0.3 -0.68056
0.301 -0.682193
0.302 -0.682913
0.303 -0.693578
0.304 -0.661488
0.305 -0.678877
0.306 -0.692885
0.307 -0.71158
0.308 -0.677732
0.309 -0.686003
0.31 -0.728824
0.311 -0.721475
0.312 -0.719949
0.313 -0.70999
0.314 -0.702935
0.315 -0.735686
0.316 -0.724169
0.317 -0.756865
0.318 -0.733053
0.319 -0.732033
0.32 -0.740703
0.321 -0.726241
0.322 -0.735602
0.323 -0.722312
0.324 -0.721695
0.325 -0.73814
0.326 -0.73279
0.327 -0.732647
0.328 -0.738549
0.329 -0.729621
0.33 -0.738716
0.331 -0.734143
0.332 -0.74773
0.333 -0.758217
0.334 -0.768332
0.335 -0.770494
0.336 -0.776504
0.337 -0.783267
0.338 -0.785415
0.339 -0.78879
0.34 -0.803044
0.341 -0.776213
0.342 -0.783139
0.343 -0.809134
0.344 -0.817563
0.345 -0.825638
0.346 -0.841506
0.347 -0.81807
0.348 -0.820214
0.349 -0.830208
0.35 -0.85093
0.351 -0.83617
0.352 -0.804262
0.353 -0.825251
0.354 -0.840596
0.355 -0.841483
0.356 -0.857025
0.357 -0.845988
0.358 -0.87585
0.359 -0.845541
0.36 -0.857438
0.361 -0.895246
0.362 -0.874007
0.363 -0.893635
0.364 -0.883049
0.365 -0.8881
0.366 -0.892231
0.367 -0.875935
0.368 -0.896046
0.369 -0.937579
0.37 -0.926816
0.371 -0.922819
0.372 -0.943287
0.373 -0.98569
0.374 -0.952375
0.375 -0.990681
0.376 -0.994383
0.377 -0.993742
0.378 -0.982674
0.379 -0.994206
0.38 -1.00643
0.381 -1.03352
0.382 -0.997646
0.383 -1.03116
0.384 -1.03989
0.385 -1.02437
0.386 -1.03026
0.387 -1.03254
0.388 -1.05205
0.389 -1.03892
0.39 -1.02624
0.391 -1.06313
0.392 -1.0542
0.393 -1.06518
0.394 -1.08514
0.395 -1.06066
0.396 -1.05982
0.397 -1.08093
0.398 -1.11998
0.399 -1.07344
0.4 -1.10422
0.401 -1.10112
0.402 -1.10597
0.403 -1.16103
0.404 -1.13779
0.405 -1.09255
0.406 -1.15898
0.407 -1.15964
0.408 -1.10853
0.409 -1.16265
0.41 -1.14404
0.411 -1.14439
0.412 -1.19143
0.413 -1.1634
0.414 -1.15171
0.415 -1.16373
0.416 -1.19676
0.417 -1.16662
0.418 -1.15628
0.419 -1.18785
0.42 -1.17727
0.421 -1.20311
0.422 -1.17959
0.423 -1.20324
0.424 -1.20781
0.425 -1.19373
0.426 -1.18927
0.427 -1.21418
0.428 -1.22731
0.429 -1.22075
0.43 -1.21776
0.431 -1.2139
0.432 -1.21958
0.433 -1.21536
0.434 -1.23799
0.435 -1.22443
0.436 -1.21777
0.437 -1.2034
0.438 -1.27731
0.439 -1.27194
0.44 -1.25753
0.441 -1.24088
0.442 -1.25863
0.443 -1.26032
0.444 -1.25407
0.445 -1.24322
0.446 -1.27629
0.447 -1.26734
0.448 -1.26955
0.449 -1.24414
0.45 -1.28117
0.451 -1.25934
0.452 -1.2635
0.453 -1.30112
0.454 -1.30222
0.455 -1.29466
0.456 -1.28908
0.457 -1.2703
0.458 -1.31178
0.459 -1.3241
0.46 -1.32843
0.461 -1.33962
0.462 -1.33736
0.463 -1.30935
0.464 -1.36516
0.465 -1.36282
0.466 -1.32492
0.467 -1.39631
0.468 -1.41135
0.469 -1.3784
0.47 -1.35483
0.471 -1.37466
0.472 -1.37009
0.473 -1.42066
0.474 -1.40522
0.475 -1.42424
0.476 -1.42847
0.477 -1.38181
0.478 -1.42636
0.479 -1.40339
0.48 -1.43052
0.481 -1.45685
0.482 -1.43625
0.483 -1.43079
0.484 -1.46133
0.485 -1.46406
0.486 -1.47116
0.487 -1.45898
0.488 -1.45389
0.489 -1.48596
0.49 -1.45473
0.491 -1.4735
0.492 -1.48955
0.493 -1.49738
0.494 -1.5134
0.495 -1.50013
0.496 -1.5487
0.497 -1.53233
0.498 -1.56167
0.499 -1.53148
0.5 -1.57593
0.501 -1.49686
0.502 -1.57255
0.503 -1.56927
0.504 -1.63871
0.505 -1.53019
0.506 -1.63597
0.507 -1.6107
0.508 -1.62356
0.509 -1.68219
0.51 -1.68546
0.511 -1.6752
0.512 -1.70688
0.513 -1.69439
0.514 -1.70216
0.515 -1.69226
0.516 -1.6955
0.517 -1.7469
0.518 -1.73225
0.519 -1.79079
0.52 -1.68891
0.521 -1.75398
0.522 -1.76058
0.523 -1.78119
0.524 -1.76629
0.525 -1.77948
0.526 -1.80536
0.527 -1.82186
0.528 -1.84343
0.529 -1.78301
0.53 -1.88482
0.531 -1.92323
0.532 -1.90284
0.533 -1.9578
0.534 -1.86066
0.535 -1.91656
0.536 -1.91982
0.537 -1.88085
0.538 -1.88387
0.539 -1.90123
0.54 -2.01056
0.541 -1.93525
0.542 -1.95082
0.543 -1.91803
0.544 -1.9556
0.545 -1.91688
0.546 -2.02753
0.547 -2.06362
0.548 -2.00645
0.549 -2.05433
0.55 -2.07998
0.551 -2.03384
0.552 -2.06423
0.553 -2.08424
0.554 -2.09608
0.555 -2.13073
0.556 -2.13767
0.557 -2.05489
0.558 -2.10646
0.559 -2.1642
0.56 -2.13253
0.561 -2.09558
0.562 -2.1835
0.563 -2.25118
0.564 -2.12205
0.565 -2.14184
0.566 -2.28207
0.567 -2.26059
0.568 -2.26611
0.569 -2.13813
0.57 -2.37698
0.571 -2.32042
0.572 -2.26007
0.573 -2.38438
0.574 -2.29316
0.575 -2.20903
0.576 -2.20294
0.577 -2.22072
0.578 -2.33382
0.579 -2.28335
0.58 -2.24079
0.581 -2.35411
0.582 -2.38612
0.583 -2.2897
0.584 -2.36401
0.585 -2.32128
0.586 -2.26667
0.587 -2.2678
0.588 -2.46747
0.589 -2.30918
0.59 -2.44133
0.591 -2.60607
0.592 -2.3659
0.593 -2.45156
0.594 -2.40105
0.595 -2.35894
0.596 -2.52124
0.597 -2.46299
0.598 -2.52151
0.599 -2.37167
0.6 -2.547
0.601 -2.47021
0.602 -2.44326
0.603 -2.28795
0.604 -2.2888
0.605 -2.58561
0.606 -2.42483
0.607 -2.56175
0.608 -2.464
0.609 -2.37894
0.61 -2.51691
0.611 -2.49914
0.612 -2.49739
0.613 -2.41064
0.614 -2.45134
0.615 -2.61797
0.616 -2.3379
0.617 -2.50291
0.618 -2.47248
0.619 -2.64576
0.62 -2.40094
0.621 -2.34858
0.622 -2.47921
0.623 -2.68599
0.624 -2.51484
0.625 -2.48255
0.626 -2.3627
0.627 -2.56021
0.628 -2.46903
0.629 -2.6606
0.63 -2.39821
0.631 -2.55257
0.632 -2.73726
0.633 -2.57234
0.634 -2.49945
0.635 -2.76592
0.636 -2.92338
0.637 -2.53553
0.638 -2.46904
0.639 -2.50066
0.64 -2.77802
0.641 -2.77654
0.642 -2.4166
0.643 -2.61068
0.644 -2.5694
0.645 -2.7552
0.646 -2.79577
0.647 -2.69705
0.648 -2.45225
0.649 -2.59122
0.65 -2.58221
0.651 -2.43487
0.652 -2.98838
0.653 -2.61793
0.654 -2.71316
0.655 -2.74707
0.656 -2.56184
0.657 -2.59305
0.658 -2.67264
0.659 -2.51882
0.66 -2.76167
0.661 -2.86607
0.662 -2.73409
0.663 -2.83015
0.664 -2.65762
0.665 -2.49935
0.666 -2.74341
0.667 -2.52323
0.668 -3.13916
0.669 -2.90008
0.67 -2.60617
0.671 -2.914
0.672 -2.98438
0.673 -2.63498
0.674 -2.92771
0.675 -2.43873
0.676 -2.93558
0.677 -2.91606
0.678 -2.89433
0.679 -3.04088
0.68 -2.43533
0.681 -2.62672
0.682 -2.5291
0.683 -3.0117
0.684 -2.50789
0.685 -2.82624
0.686 -2.7797
0.687 -2.6806
0.688 -2.815
0.689 -2.7524
0.69 -2.64378
0.691 -2.76434
0.692 -2.9404
0.693 -2.71461
0.694 -3.00059
0.695 -3.1604
0.696 -2.64298
0.697 -2.92714
0.698 -2.88041
0.699 -2.94285
0.7 -2.77068
0.701 -2.96993
0.702 -2.9716
0.703 -2.68229
0.704 -2.54776
0.705 -2.77381
0.706 -2.90677
0.707 -2.77125
0.708 -2.52908
0.709 -2.74454
0.71 -3.15549
0.711 -2.60337
0.712 -2.7996
0.713 -2.95057
0.714 -2.88875
0.715 -2.83876
0.716 -3.07962
0.717 -2.48465
0.718 -2.54342
0.719 -2.89612
0.72 -2.98784
0.721 -3.26152
0.722 -3.23981
0.723 -3.06652
0.724 -2.69108
0.725 -2.5587
0.726 -2.8229
0.727 -3.09603
0.728 -2.81451
0.729 -2.74175
0.73 -3.08207
0.731 -3.18226
0.732 -2.75938
0.733 -2.8974
0.734 -2.85215
0.735 -3.03242
0.736 -2.58443
0.737 -3.16514
0.738 -3.44153
0.739 -3.21997
0.74 -3.10947
0.741 -3.0962
0.742 -3.15172
0.743 -3.33301
0.744 -2.92992
0.745 -3.05823
0.746 -2.93838
0.747 -3.14579
0.748 -3.39228
0.749 -3.19276
0.75 -2.88138
0.751 -2.79337
0.752 -2.92936
0.753 -3.17805
0.754 -3.19365
0.755 -3.45197
0.756 -2.89598
0.757 -2.95295
0.758 -3.18192
0.759 -2.91185
0.76 -3.07049
0.761 -3.15064
0.762 -3.22607
0.763 -3.69988
0.764 -3.04898
0.765 -3.25669
0.766 -2.71127
0.767 -3.17883
0.768 -3.55653
0.769 -2.98767
0.77 -3.4843
0.771 -2.9897
0.772 -2.9303
0.773 -2.55024
0.774 -3.08934
0.775 -3.19415
0.776 -3.16432
0.777 -3.13627
0.778 -2.80709
0.779 -3.23222
0.78 -3.25004
0.781 -3.70084
0.782 -3.63785
0.783 -3.37515
0.784 -3.05029
0.785 -3.22835
0.786 -2.40568
0.787 -3.44021
0.788 -3.38723
0.789 -3.44149
0.79 -3.69469
0.791 -3.27064
0.792 -3.50652
0.793 -3.19578
0.794 -3.05216
0.795 -3.32995
0.796 -3.45587
0.797 -3.73852
0.798 -3.52644
0.799 -3.19278
0.8 -2.78104
0.801 -3.58834
0.802 -3.63896
0.803 -2.9354
0.804 -3.13786
0.805 -3.66961
0.806 -3.67742
0.807 -3.99666
0.808 -3.6719
0.809 -2.77782
0.81 -3.51341
0.811 -3.44585
0.812 -3.55589
0.813 -3.42877
0.814 -3.67088
0.815 -3.27336
0.816 -3.15841
0.817 -3.34232
0.818 -3.94111
0.819 -3.52004
0.82 -3.70211
0.821 -3.46047
0.822 -3.81717
0.823 -3.45681
0.824 -3.66664
0.825 -2.96958
0.826 -2.81439
0.827 -3.23241
0.828 -3.48517
0.829 -3.61979
0.83 -3.81777
0.831 -2.89159
0.832 -3.37768
0.833 -3.23251
0.834 -3.09597
0.835 -3.15057
0.836 -3.29181
0.837 -3.06952
0.838 -3.02594
0.839 -3.30948
0.84 -3.91485
0.841 -3.92013
0.842 -3.55008
0.843 -3.36653
0.844 -3.85616
0.845 -3.19857
0.846 -3.34
0.847 -3.32382
0.848 -3.90165
0.849 -2.85539
0.85 -3.10162
0.851 -3.55694
0.852 -3.02542
0.853 -3.84442
0.854 -3.50169
0.855 -3.75051
0.856 -3.36487
0.857 -3.58479
0.858 -3.26448
0.859 -3.72303
0.86 -3.00358
0.861 -3.33831
0.862 -3.14686
0.863 -2.99618
0.864 -3.43016
0.865 -3.06265
0.866 -3.53343
0.867 -3.82961
0.868 -3.62362
0.869 -3.48223
0.87 -3.45856
0.871 -3.93353
0.872 -3.82978
0.873 -2.95766
0.874 -4.11825
0.875 -3.52398
0.876 -3.54295
0.877 -3.60699
0.878 -3.31325
0.879 -3.30652
0.88 -3.16676
0.881 -3.07744
0.882 -3.985
0.883 -4.1213
0.884 -3.33229
0.885 -3.93716
0.886 -3.36568
0.887 -2.93633
0.888 -3.63612
0.889 -3.95602
0.89 -3.59257
0.891 -3.34622
0.892 -3.16175
0.893 -3.19578
0.894 -4.74468
0.895 -3.47351
0.896 -3.83914
0.897 -3.15227
0.898 -3.88224
0.899 -3.97042
0.9 -3.24227
0.901 -3.85713
0.902 -4.21749
0.903 -3.52389
0.904 -3.97801
0.905 -3.44718
0.906 -3.83038
0.907 -3.209
0.908 -3.92474
0.909 -2.72782
0.91 -3.9931
0.911 -3.1367
0.912 -3.62454
0.913 -4.11769
0.914 -3.70467
0.915 -2.81772
0.917 -3.50784
0.918 -3.54256
0.919 -4.4607
0.92 -3.70784
0.921 -3.4538
0.922 -3.74449
0.923 -3.83225
0.924 -2.99836
0.925 -3.79384
0.926 -4.84352
0.927 -3.14004
0.928 -2.96064
0.929 -3.26181
0.93 -4.50172
0.931 -3.18634
0.932 -3.29072
0.933 -3.31318
0.934 -2.86651
0.935 -3.65538
0.936 -4.64773
0.937 -3.77154
0.938 -3.22354
0.939 -3.66435
0.94 -4.2296
0.941 -4.38529
0.942 -3.17102
0.943 -3.49797
0.944 -4.32109
0.945 -3.22651
0.946 -4.16514
0.947 -5.87004
0.948 -4.07507
0.949 -4.15248
0.95 -3.24789
0.951 -3.4926
0.952 -3.93831
0.953 -3.96393
0.954 -3.93974
0.955 -3.99587
0.956 -4.67312
0.957 -4.42349
0.958 -3.62014
0.959 -3.77455
0.96 -3.57916
0.961 -4.07381
0.962 -4.94866
0.963 -4.22242
0.964 -3.26795
0.965 -3.65271
0.966 -5.03904
0.967 -4.50592
0.968 -4.36052
0.969 -3.58631
0.97 -3.89848
0.971 -4.24106
0.972 -3.57967
0.973 -4.14361
0.974 -4.36433
0.975 -4.53957
0.976 -3.33447
0.977 -4.24906
0.978 -3.53683
0.979 -3.40821
0.98 -4.36553
0.981 -4.94601
0.982 -3.62987
0.983 -4.70975
0.984 -3.05733
0.985 -3.26957
0.986 -2.71379
0.987 -3.98003
0.988 -3.54986
0.989 -4.24405
0.99 -4.87613
0.991 -4.3702
0.992 -4.11801
0.993 -4.07507
0.994 -3.91088
0.995 -3.27923
0.996 -4.61418
0.997 -3.7579
0.998 -3.84086
0.999 -3.99961
1 -4.16457
1.001 -3.86858
1.002 -5.09402
1.003 -3.4198
1.004 -4.63073
1.005 -4.75499
1.006 -5.15987
1.007 -3.36119
1.008 -3.53604
1.009 -4.65549
1.011 -3.24962
1.012 -4.76826
1.013 -3.50479
1.014 -3.85675
1.015 -3.5798
1.016 -3.44639
1.017 -4.15345
1.018 -3.8163
1.02 -4.51627
1.022 -5.53134
1.023 -3.63151
1.024 -3.40239
1.026 -4.59888
1.028 -4.59538
1.029 -4.05286
1.03 -4.1248
1.031 -4.70713
1.032 -3.83989
1.033 -4.04848
1.034 -4.53328
1.035 -3.57047
1.036 -3.68704
1.037 -4.69287
1.038 -3.14178
1.039 -3.95271
1.04 -4.02569
1.041 -5.21939
1.042 -4.65625
1.043 -4.43107
1.044 -5.31709
1.045 -4.99534
1.046 -4.30504
1.047 -3.39356
1.049 -4.1479
1.05 -3.96606
1.051 -3.43645
1.053 -3.45094
1.054 -3.60504
1.055 -4.67155
1.056 -4.51087
1.057 -2.90908
1.058 -4.60445
1.059 -4.26944
1.061 -3.81184
1.062 -5.03669
1.063 -5.14428
1.064 -4.3643
1.065 -3.14828
1.066 -3.18428
1.067 -3.59362
1.069 -3.52471
1.071 -4.13344
1.072 -4.51939
1.077 -3.01048
1.078 -4.47993
1.079 -4.31194
1.08 -4.55846
1.081 -2.76238
1.082 -4.43761
1.083 -5.4936
1.084 -4.45784
1.086 -4.14491
1.087 -4.47457
1.089 -4.86056
1.09 -4.15352
1.091 -2.9369
1.093 -5.20078
1.094 -4.40246
1.095 -3.76228
1.096 -4.93309
1.097 -4.37286
1.098 -4.46876
1.099 -3.48308
1.1 -4.20529
1.101 -4.64371
1.102 -4.03865
1.103 -3.79994
1.105 -4.82719
1.106 -3.77035
1.107 -3.8811
1.108 -3.97449
1.109 -5.2423
1.11 -4.02648
1.111 -4.50735
1.112 -4.32528
1.113 -4.66328
1.114 -3.72966
1.115 -4.36524
1.116 -3.34804
1.117 -3.64936
1.119 -4.86649
1.12 -4.52079
1.122 -3.72581
1.126 -4.66799
1.128 -4.21683
1.129 -4.0627
1.13 -3.85684
1.131 -3.46879
1.132 -3.72947
1.133 -4.50513
1.134 -3.19963
1.135 -4.47486
1.136 -3.88335
1.142 -3.87494
1.143 -4.82683
1.144 -4.5921
1.146 -4.8751
1.148 -5.07376
1.15 -4.31622
1.151 -4.28648
1.152 -4.91561
1.153 -3.83127
1.154 -5.03748
1.155 -3.2033
1.156 -4.14691
1.159 -4.1337
1.161 -3.53401
1.163 -3.21223
1.164 -4.68367
1.167 -4.37114
1.168 -4.9542
1.169 -4.35015
1.171 -5.08101
1.172 -4.68984
1.174 -4.37966
1.175 -3.68783
1.176 -4.63575
1.177 -4.69928
1.178 -4.62365
1.18 -3.89363
1.182 -3.32092
1.183 -3.48794
1.184 -4.33536
1.185 -3.99978
1.187 -4.40091
1.188 -3.81688
1.189 -2.989
1.196 -4.9154
1.198 -5.19278
1.2 -3.87297
1.201 -3.69611
1.203 -2.89693
1.204 -4.21167
1.205 -4.32552
1.206 -3.74526
1.207 -3.66636
1.209 -4.59885
1.21 -3.96551
1.211 -3.2586
1.212 -4.10424
1.216 -5.34254
1.219 -4.58383
1.22 -4.43644
1.222 -4.37778
1.226 -4.22691
1.23 -4.68654
1.231 -4.62203
1.232 -4.51699
1.233 -5.10647
1.234 -4.16295
1.235 -4.48135
1.236 -3.77125
1.238 -4.15474
1.239 -4.87468
1.241 -4.19235
1.245 -3.56016
1.246 -3.78818
1.247 -3.92982
1.252 -5.17948
1.254 -4.25014
1.256 -3.13578
1.257 -4.50825
1.26 -4.25254
1.262 -4.30702
1.264 -4.62863
1.265 -3.2537
1.266 -4.4562
1.268 -4.80861
1.27 -4.72564
1.271 -3.76424
1.274 -4.41099
1.281 -4.46065
1.282 -4.5438
1.283 -4.40414
1.286 -5.08932
1.288 -3.85879
1.289 -4.7527
1.291 -4.58449
1.293 -5.16951
1.295 -3.42725
1.296 -3.91322
1.297 -3.76458
1.302 -4.7975
1.309 -4.34575
1.31 -4.57147
1.311 -3.86574
1.312 -4.236
1.313 -3.23246
1.314 -4.80432
1.317 -3.44584
1.318 -4.60144
1.321 -4.35079
1.322 -4.25113
1.323 -3.58066
1.324 -4.03119
1.325 -4.32371
1.326 -4.23901
1.328 -4.97088
1.332 -3.37595
1.333 -4.11289
1.342 -4.39836
1.345 -4.13851
1.346 -4.13851
1.349 -5.37386
1.35 -3.51914
1.359 -4.56649
1.366 -4.75516
1.374 -4.65309
1.376 -5.07133
1.379 -4.68991
1.382 -3.39402
1.388 -4.62586
1.395 -4.66328
1.405 -4.61591
1.413 -5.1655
1.417 -4.45473
1.421 -5.30472
1.422 -4.81684
1.426 -4.58596
1.434 -4.59413
1.436 -4.00992
1.439 -5.05452
1.447 -3.82944
1.452 -3.63114
1.453 -5.47018
1.454 -4.59568
1.455 -3.72544
1.456 -4.83051
1.457 -3.7707
1.459 -4.57147
1.465 -4.68073
1.476 -4.6209
1.479 -3.60715
1.493 -4.70411
1.499 -4.79121
1.5 -4.26782
1.501 -5.3126
1.518 -5.1109
1.521 -4.28278
1.522 -4.45051
1.537 -4.73097
1.544 -4.82719
1.548 -4.20641
1.554 -4.63222
1.575 -4.3069
1.578 -3.92516
1.581 -3.77773
1.583 -5.04284
1.584 -3.82642
1.585 -4.36939
1.592 -4.28022
1.598 -4.84024
1.616 -4.01032
1.618 -4.61238
1.627 -4.84024
1.658 -4.57154
1.699 -5.19838
1.708 -5.31035
1.725 -4.0084
1.738 -4.68197
1.74 -3.26056
1.741 -3.6892
1.742 -4.62492
1.756 -3.82527
1.779 -3.47926
1.821 -4.63051
1.874 -4.29067
1.887 -5.00926
1.895 -4.47765
1.898 -4.548
1.945 -5.14898
1.947 -4.07483
2.056 -5.26449
2.101 -4.05714
 
 
