0 -2.04062
0.001 -1.59255
0.002 -1.44142
0.003 -1.18725
0.004 -1.08965
0.005 -0.918584
0.006 -0.836541
0.007 -0.702713
0.008 -0.559309
0.009 -0.482753
0.01 -0.356594
0.011 -0.246617
0.012 -0.162195
0.013 -0.0438149
0.014 0.0416985
0.015 0.127318
0.016 0.210943
0.017 0.297159
0.018 0.388044
0.019 0.472862
0.02 0.534562
0.021 0.639657
0.022 0.680163
0.023 0.694026
0.024 0.715939
0.025 0.715979
0.026 0.738638
0.027 0.751923
0.028 0.758608
0.029 0.76939
0.03 0.767994
0.031 0.764694
0.032 0.783484
0.033 0.777317
0.034 0.777984
0.035 0.782643
0.036 0.779502
0.037 0.778033
0.038 0.779801
0.039 0.776953
0.04 0.775675
0.041 0.78702
0.042 0.788638
0.043 0.782168
0.044 0.789351
0.045 0.794288
0.046 0.785641
0.047 0.781856
0.048 0.771857
0.049 0.767173
0.05 0.747929
0.051 0.748853
0.052 0.748519
0.053 0.730249
0.054 0.730321
0.055 0.729477
0.056 0.723227
0.057 0.727809
0.058 0.711762
0.059 0.727521
0.06 0.721981
0.061 0.726238
0.062 0.730037
0.063 0.740004
0.064 0.716611
0.065 0.717452
0.066 0.707735
0.067 0.722804
0.068 0.707381
0.069 0.707682
0.07 0.702886
0.071 0.684902
0.072 0.685537
0.073 0.679253
0.074 0.669421
0.075 0.65093
0.076 0.642958
0.077 0.651718
0.078 0.641341
0.079 0.633517
0.08 0.627246
0.081 0.615378
0.082 0.628882
0.083 0.618806
0.084 0.608228
0.085 0.600651
0.086 0.598424
0.087 0.600061
0.088 0.603707
0.089 0.604223
0.09 0.606957
0.091 0.607656
0.092 0.606612
0.093 0.58588
0.094 0.587334
0.095 0.593731
0.096 0.596319
0.097 0.592555
0.098 0.581311
0.099 0.56864
0.1 0.576436
0.101 0.570827
0.102 0.569553
0.103 0.562764
0.104 0.548416
0.105 0.549766
0.106 0.549148
0.107 0.528679
0.108 0.525576
0.109 0.524975
0.11 0.519628
0.111 0.502207
0.112 0.511042
0.113 0.50882
0.114 0.502155
0.115 0.490862
0.116 0.480421
0.117 0.471585
0.118 0.472115
0.119 0.456
0.12 0.454318
0.121 0.449502
0.122 0.43548
0.123 0.437093
0.124 0.433435
0.125 0.423049
0.126 0.409754
0.127 0.408179
0.128 0.395491
0.129 0.392413
0.13 0.389698
0.131 0.39978
0.132 0.382989
0.133 0.375003
0.134 0.366337
0.135 0.362615
0.136 0.347578
0.137 0.358758
0.138 0.353181
0.139 0.34656
0.14 0.354369
0.141 0.349105
0.142 0.368064
0.143 0.375581
0.144 0.370333
0.145 0.348213
0.146 0.358145
0.147 0.360566
0.148 0.341358
0.149 0.347812
0.15 0.338313
0.151 0.33741
0.152 0.324767
0.153 0.312335
0.154 0.316539
0.155 0.300409
0.156 0.298291
0.157 0.292369
0.158 0.27607
0.159 0.273798
0.16 0.273973
0.161 0.266959
0.162 0.273247
0.163 0.263048
0.164 0.247662
0.165 0.251466
0.166 0.233958
0.167 0.234194
0.168 0.235578
0.169 0.215013
0.17 0.222447
0.171 0.215376
0.172 0.202892
0.173 0.204671
0.174 0.199041
0.175 0.188451
0.176 0.191969
0.177 0.162935
0.178 0.165545
0.179 0.16397
0.18 0.163029
0.181 0.161986
0.182 0.161965
0.183 0.14701
0.184 0.149731
0.185 0.153906
0.186 0.167975
0.187 0.141376
0.188 0.140717
0.189 0.144618
0.19 0.150537
0.191 0.130827
0.192 0.141862
0.193 0.14606
0.194 0.130722
0.195 0.134983
0.196 0.132374
0.197 0.12856
0.198 0.116793
0.199 0.109325
0.2 0.111967
0.201 0.100368
0.202 0.0863313
0.203 0.0926042
0.204 0.0927259
0.205 0.0895885
0.206 0.0897256
0.207 0.0753416
0.208 0.0691481
0.209 0.0536863
0.21 0.0571285
0.211 0.0656735
0.212 0.0484893
0.213 0.0376222
0.214 0.0349267
0.215 0.0448114
0.216 0.0470638
0.217 0.0281718
0.218 0.0229911
0.219 0.0329466
0.22 0.0271028
0.221 0.0216315
0.222 0.0140131
0.223 0.0187945
0.224 0.000748152
0.225 -0.00604862
0.226 -5.03604e-05
0.227 -0.00748109
0.228 0.00460833
0.229 0.00712953
0.23 -0.0122217
0.231 -0.00847375
0.232 -0.00656721
0.233 -0.00727032
0.234 0.00497123
0.235 -0.00184425
0.236 -0.00259733
0.237 -0.00411982
0.238 -0.00723121
0.239 -0.0189454
0.24 -0.0249511
0.241 -0.0189867
0.242 -0.0244633
0.243 -0.0395398
0.244 -0.0374162
0.245 -0.0377351
0.246 -0.0321559
0.247 -0.0579597
0.248 -0.0530488
0.249 -0.0403998
0.25 -0.0558768
0.251 -0.0398243
0.252 -0.0585463
0.253 -0.0653416
0.254 -0.0594696
0.255 -0.062818
0.256 -0.0586984
0.257 -0.0602401
0.258 -0.0794187
0.259 -0.0741035
0.26 -0.0792116
0.261 -0.0991014
0.262 -0.110813
0.263 -0.11369
0.264 -0.112457
0.265 -0.138899
0.266 -0.130375
0.267 -0.1511
0.268 -0.137938
0.269 -0.15158
0.27 -0.14759
0.271 -0.148927
0.272 -0.153943
0.273 -0.165912
0.274 -0.182857
0.275 -0.170815
0.276 -0.182372
0.277 -0.190064
0.278 -0.202071
0.279 -0.198503
0.28 -0.211579
0.281 -0.204559
0.282 -0.209715
0.283 -0.215607
0.284 -0.218939
0.285 -0.211121
0.286 -0.233831
0.287 -0.225822
0.288 -0.234734
0.289 -0.239091
0.29 -0.242737
0.291 -0.24283
0.292 -0.250789
0.293 -0.251894
0.294 -0.243095
0.295 -0.255488
0.296 -0.262698
0.297 -0.269766
0.298 -0.26838
0.299 -0.262832
0.3 -0.286077
0.301 -0.292006
0.302 -0.279229
0.303 -0.282631
0.304 -0.269854
0.305 -0.284142
0.306 -0.290543
0.307 -0.304621
0.308 -0.30814
0.309 -0.31316
0.31 -0.310394
0.311 -0.310627
0.312 -0.326062
0.313 -0.314842
0.314 -0.320186
0.315 -0.335522
0.316 -0.328075
0.317 -0.34079
0.318 -0.328389
0.319 -0.334384
0.32 -0.339564
0.321 -0.324079
0.322 -0.343309
0.323 -0.323986
0.324 -0.326491
0.325 -0.337279
0.326 -0.337973
0.327 -0.350179
0.328 -0.344321
0.329 -0.357129
0.33 -0.359698
0.331 -0.350239
0.332 -0.342012
0.333 -0.352962
0.334 -0.355517
0.335 -0.376635
0.336 -0.38267
0.337 -0.373865
0.338 -0.38068
0.339 -0.39098
0.34 -0.391979
0.341 -0.383586
0.342 -0.403987
0.343 -0.399274
0.344 -0.402982
0.345 -0.418969
0.346 -0.430975
0.347 -0.427995
0.348 -0.423656
0.349 -0.436204
0.35 -0.454269
0.351 -0.438197
0.352 -0.418919
0.353 -0.445165
0.354 -0.453257
0.355 -0.453476
0.356 -0.438139
0.357 -0.456331
0.358 -0.454764
0.359 -0.446578
0.36 -0.461262
0.361 -0.469836
0.362 -0.469829
0.363 -0.481798
0.364 -0.492115
0.365 -0.503726
0.366 -0.503036
0.367 -0.497106
0.368 -0.510124
0.369 -0.516557
0.37 -0.549266
0.371 -0.543226
0.372 -0.531587
0.373 -0.563758
0.374 -0.559377
0.375 -0.577341
0.376 -0.60008
0.377 -0.580982
0.378 -0.583992
0.379 -0.592664
0.38 -0.62211
0.381 -0.623563
0.382 -0.636427
0.383 -0.620861
0.384 -0.639685
0.385 -0.635805
0.386 -0.649912
0.387 -0.632731
0.388 -0.629349
0.389 -0.657359
0.39 -0.64391
0.391 -0.653495
0.392 -0.65099
0.393 -0.662765
0.394 -0.662073
0.395 -0.664226
0.396 -0.661069
0.397 -0.684549
0.398 -0.686142
0.399 -0.712562
0.4 -0.691326
0.401 -0.697188
0.402 -0.711102
0.403 -0.717691
0.404 -0.730618
0.405 -0.737338
0.406 -0.737088
0.407 -0.734637
0.408 -0.739865
0.409 -0.751442
0.41 -0.761447
0.411 -0.750979
0.412 -0.765111
0.413 -0.778538
0.414 -0.753643
0.415 -0.770223
0.416 -0.770497
0.417 -0.781969
0.418 -0.783834
0.419 -0.7872
0.42 -0.787677
0.421 -0.802649
0.422 -0.803002
0.423 -0.817562
0.424 -0.799113
0.425 -0.788964
0.426 -0.806987
0.427 -0.791387
0.428 -0.849321
0.429 -0.810473
0.43 -0.827664
0.431 -0.808499
0.432 -0.820778
0.433 -0.82384
0.434 -0.822581
0.435 -0.829784
0.436 -0.836036
0.437 -0.826826
0.438 -0.855735
0.439 -0.859203
0.44 -0.841283
0.441 -0.837648
0.442 -0.859975
0.443 -0.85299
0.444 -0.85728
0.445 -0.863869
0.446 -0.866177
0.447 -0.857536
0.448 -0.874759
0.449 -0.871051
0.45 -0.90397
0.451 -0.894616
0.452 -0.901918
0.453 -0.904436
0.454 -0.926784
0.455 -0.90818
0.456 -0.91266
0.457 -0.927738
0.458 -0.926212
0.459 -0.941026
0.46 -0.954769
0.461 -0.948254
0.462 -0.9589
0.463 -0.938019
0.464 -0.961456
0.465 -0.962507
0.466 -0.985611
0.467 -0.970385
0.468 -1.01806
0.469 -0.984128
0.47 -0.987606
0.471 -0.991209
0.472 -0.993898
0.473 -0.999988
0.474 -0.996443
0.475 -1.02225
0.476 -1.0256
0.477 -1.03789
0.478 -1.02212
0.479 -1.03958
0.48 -1.02874
0.481 -1.04041
0.482 -1.06055
0.483 -1.05582
0.484 -1.03336
0.485 -1.02864
0.486 -1.06566
0.487 -1.05611
0.488 -1.06173
0.489 -1.06436
0.49 -1.06135
0.491 -1.0792
0.492 -1.09275
0.493 -1.11951
0.494 -1.10887
0.495 -1.10852
0.496 -1.11784
0.497 -1.11598
0.498 -1.14194
0.499 -1.12291
0.5 -1.12657
0.501 -1.13928
0.502 -1.14151
0.503 -1.17978
0.504 -1.19654
0.505 -1.18273
0.506 -1.19618
0.507 -1.20283
0.508 -1.22216
0.509 -1.26658
0.51 -1.26214
0.511 -1.23081
0.512 -1.25724
0.513 -1.27778
0.514 -1.27822
0.515 -1.29284
0.516 -1.31609
0.517 -1.33444
0.518 -1.35135
0.519 -1.34665
0.52 -1.34155
0.521 -1.33484
0.522 -1.38854
0.523 -1.38493
0.524 -1.36669
0.525 -1.4103
0.526 -1.38713
0.527 -1.41994
0.528 -1.44458
0.529 -1.41716
0.53 -1.45218
0.531 -1.48558
0.532 -1.43187
0.533 -1.46039
0.534 -1.45192
0.535 -1.4947
0.536 -1.48826
0.537 -1.50379
0.538 -1.54924
0.539 -1.58957
0.54 -1.59395
0.541 -1.51641
0.542 -1.58936
0.543 -1.57816
0.544 -1.57624
0.545 -1.58585
0.546 -1.58856
0.547 -1.58702
0.548 -1.61807
0.549 -1.63832
0.55 -1.66856
0.551 -1.59495
0.552 -1.68396
0.553 -1.65546
0.554 -1.65178
0.555 -1.70087
0.556 -1.70696
0.557 -1.67535
0.558 -1.6977
0.559 -1.71655
0.56 -1.73541
0.561 -1.65908
0.562 -1.70675
0.563 -1.70935
0.564 -1.75723
0.565 -1.74062
0.566 -1.77062
0.567 -1.78161
0.568 -1.81714
0.569 -1.74268
0.57 -1.80927
0.571 -1.89402
0.572 -1.86829
0.573 -1.81885
0.574 -1.79806
0.575 -1.88447
0.576 -1.87019
0.577 -1.8924
0.578 -1.95735
0.579 -1.91103
0.58 -1.86486
0.581 -1.92265
0.582 -1.93274
0.583 -1.91121
0.584 -1.89511
0.585 -1.88541
0.586 -1.91728
0.587 -1.97682
0.588 -2.0592
0.589 -2.04121
0.59 -1.87128
0.591 -2.0519
0.592 -1.98585
0.593 -1.99492
0.594 -2.01522
0.595 -1.94026
0.596 -2.02312
0.597 -2.03919
0.598 -2.07322
0.599 -2.04839
0.6 -2.02408
0.601 -1.92322
0.602 -2.09192
0.603 -2.12878
0.604 -2.07863
0.605 -2.1889
0.606 -2.01922
0.607 -2.06562
0.608 -1.9806
0.609 -2.1033
0.61 -2.02155
0.611 -2.20831
0.612 -1.96342
0.613 -2.08233
0.614 -2.04174
0.615 -2.16582
0.616 -2.0624
0.617 -2.13062
0.618 -2.02652
0.619 -2.10336
0.62 -2.17503
0.621 -2.09795
0.622 -2.11396
0.623 -2.20643
0.624 -2.0902
0.625 -2.20189
0.626 -2.11862
0.627 -2.18478
0.628 -2.16452
0.629 -2.17832
0.63 -2.09794
0.631 -2.10678
0.632 -2.21711
0.633 -2.12022
0.634 -2.07029
0.635 -2.27959
0.636 -2.2773
0.637 -2.14877
0.638 -2.19691
0.639 -2.20572
0.64 -2.26789
0.641 -2.2224
0.642 -2.10022
0.643 -2.22985
0.644 -2.21971
0.645 -2.39644
0.646 -2.33776
0.647 -2.22198
0.648 -2.23043
0.649 -2.15658
0.65 -2.25274
0.651 -2.18536
0.652 -2.32716
0.653 -2.2762
0.654 -2.20994
0.655 -2.42016
0.656 -2.21432
0.657 -2.1739
0.658 -2.30727
0.659 -2.41813
0.66 -2.38954
0.661 -2.2835
0.662 -2.27155
0.663 -2.26752
0.664 -2.25524
0.665 -2.29505
0.666 -2.2057
0.667 -2.3631
0.668 -2.35734
0.669 -2.41081
0.67 -2.31462
0.671 -2.43193
0.672 -2.27583
0.673 -2.22132
0.674 -2.30775
0.675 -2.33044
0.676 -2.37424
0.677 -2.37197
0.678 -2.43379
0.679 -2.5089
0.68 -2.23734
0.681 -2.36041
0.682 -2.26656
0.683 -2.36836
0.684 -2.15358
0.685 -2.31989
0.686 -2.25443
0.687 -2.47197
0.688 -2.30384
0.689 -2.5333
0.69 -2.44594
0.691 -2.44777
0.692 -2.29836
0.693 -2.64335
0.694 -2.42306
0.695 -2.57456
0.696 -2.40604
0.697 -2.63384
0.698 -2.37588
0.699 -2.45485
0.7 -2.52764
0.701 -2.34894
0.702 -2.67329
0.703 -2.37679
0.704 -2.33272
0.705 -2.43635
0.706 -2.64663
0.707 -2.47025
0.708 -2.30312
0.709 -2.55478
0.71 -2.4625
0.711 -2.44941
0.712 -2.48994
0.713 -2.43224
0.714 -2.50591
0.715 -2.54369
0.716 -2.27763
0.717 -2.37173
0.718 -2.40256
0.719 -2.47101
0.72 -2.40808
0.721 -2.37859
0.722 -2.6599
0.723 -2.58395
0.724 -2.55417
0.725 -2.70632
0.726 -2.57018
0.727 -2.5736
0.728 -2.65253
0.729 -2.37146
0.73 -2.5297
0.731 -2.72708
0.732 -2.57043
0.733 -2.53724
0.734 -2.37393
0.735 -2.47455
0.736 -2.48826
0.737 -2.74676
0.738 -2.84939
0.739 -2.68056
0.74 -2.63748
0.741 -2.71813
0.742 -2.87003
0.743 -2.74009
0.744 -2.45821
0.745 -2.61749
0.746 -2.60315
0.747 -2.30291
0.748 -2.52225
0.749 -2.83304
0.75 -2.74295
0.751 -2.43469
0.752 -2.48832
0.753 -2.88232
0.754 -2.89942
0.755 -2.93314
0.756 -2.43882
0.757 -2.9336
0.758 -2.63296
0.759 -2.65017
0.76 -2.91711
0.761 -2.7063
0.762 -2.78328
0.763 -2.69912
0.764 -2.77209
0.765 -2.83089
0.766 -2.55882
0.767 -2.59295
0.768 -2.77036
0.769 -2.74282
0.77 -3.13037
0.771 -2.53098
0.772 -2.87089
0.773 -2.51036
0.774 -2.83378
0.775 -2.52018
0.776 -2.53824
0.777 -2.69032
0.778 -2.60011
0.779 -2.95542
0.78 -2.99226
0.781 -2.95803
0.782 -3.35895
0.783 -2.56586
0.784 -2.68632
0.785 -2.89446
0.786 -2.5678
0.787 -2.7704
0.788 -2.85565
0.789 -2.93891
0.79 -2.60831
0.791 -2.76946
0.792 -2.55772
0.793 -2.80014
0.794 -2.45422
0.795 -2.71107
0.796 -2.95892
0.797 -3.05337
0.798 -3.1066
0.799 -2.95511
0.8 -2.4344
0.801 -2.76244
0.802 -2.47083
0.803 -3.05653
0.804 -2.99642
0.805 -2.85669
0.806 -2.87275
0.807 -3.00168
0.808 -3.00505
0.809 -2.57302
0.81 -2.68711
0.811 -2.63275
0.812 -2.88455
0.813 -2.83254
0.814 -3.03281
0.815 -2.80863
0.816 -3.08131
0.817 -2.86671
0.818 -2.79901
0.819 -2.69916
0.82 -2.55454
0.821 -2.96783
0.822 -2.87281
0.823 -3.09984
0.824 -2.90378
0.825 -2.77246
0.826 -2.76365
0.827 -2.88617
0.828 -2.78591
0.829 -3.21172
0.83 -3.42255
0.831 -2.54067
0.832 -2.48411
0.833 -3.05142
0.834 -2.48434
0.835 -2.68798
0.836 -2.93282
0.837 -2.72967
0.838 -3.0181
0.839 -3.05414
0.84 -2.6838
0.841 -2.98092
0.842 -3.07717
0.843 -3.04603
0.844 -3.3659
0.845 -2.70781
0.846 -3.51745
0.847 -2.74796
0.848 -3.30702
0.849 -2.82936
0.85 -2.95813
0.851 -3.16162
0.852 -2.83918
0.853 -3.07733
0.854 -3.09059
0.855 -2.89635
0.856 -3.02782
0.857 -3.18439
0.858 -2.98661
0.859 -3.22313
0.86 -2.94172
0.861 -3.4283
0.862 -2.94369
0.863 -2.54747
0.864 -2.91991
0.865 -2.59169
0.866 -2.85433
0.867 -2.59287
0.868 -3.29512
0.869 -3.05697
0.87 -2.90814
0.871 -2.86033
0.872 -2.82241
0.873 -2.72906
0.874 -3.35133
0.875 -3.22639
0.876 -2.57632
0.877 -3.00318
0.878 -3.18562
0.879 -3.30964
0.88 -3.06755
0.881 -2.67037
0.882 -3.06192
0.883 -3.0574
0.884 -2.93323
0.885 -3.38031
0.886 -3.25196
0.887 -2.97919
0.888 -3.05111
0.889 -3.31924
0.89 -3.17526
0.891 -3.12998
0.892 -3.2965
0.893 -3.59621
0.894 -2.82233
0.895 -2.8188
0.896 -3.59821
0.897 -2.87503
0.898 -3.6669
0.899 -2.84276
0.9 -3.19714
0.901 -3.32072
0.902 -3.54171
0.903 -3.55371
0.904 -3.41444
0.905 -2.85601
0.906 -2.95646
0.907 -2.9581
0.908 -3.17911
0.909 -3.42851
0.91 -3.01069
0.911 -2.79323
0.912 -3.09061
0.913 -3.66963
0.914 -2.87119
0.915 -2.90559
0.916 -3.12562
0.917 -2.7438
0.918 -3.22327
0.919 -3.03437
0.92 -3.13416
0.921 -3.46903
0.922 -3.1966
0.923 -3.37889
0.924 -3.30449
0.925 -3.28372
0.926 -3.63133
0.927 -3.47626
0.928 -2.70591
0.929 -2.84386
0.93 -3.94092
0.931 -2.78482
0.932 -2.87243
0.933 -3.14786
0.934 -4.26933
0.935 -3.00279
0.936 -3.53416
0.937 -3.33438
0.938 -3.37747
0.939 -3.60505
0.94 -3.39206
0.941 -2.969
0.942 -3.79243
0.943 -2.991
0.944 -3.73749
0.945 -3.33487
0.946 -3.67482
0.947 -3.24094
0.948 -3.63777
0.949 -3.11498
0.95 -2.74954
0.951 -3.15668
0.952 -3.35614
0.953 -3.24047
0.954 -3.69736
0.955 -3.17061
0.956 -2.65315
0.957 -3.75056
0.958 -3.44902
0.959 -3.07319
0.96 -3.65265
0.961 -3.22798
0.962 -4.57295
0.963 -2.98223
0.964 -4.12345
0.965 -3.06482
0.966 -3.12334
0.967 -3.07401
0.968 -2.92053
0.969 -3.00001
0.97 -3.22115
0.971 -4.04734
0.972 -2.87801
0.973 -3.10736
0.974 -3.73255
0.975 -3.10464
0.976 -3.19159
0.977 -3.86436
0.978 -3.28868
0.979 -3.18304
0.98 -3.47728
0.981 -4.03151
0.982 -3.40402
0.983 -3.30364
0.984 -3.05324
0.985 -4.22821
0.986 -2.64883
0.987 -3.59783
0.988 -3.52174
0.989 -2.91672
0.99 -4.06808
0.991 -3.81746
0.992 -3.61803
0.993 -3.16596
0.994 -3.8155
0.995 -3.3381
0.996 -4.42629
0.997 -3.26595
0.998 -3.66299
0.999 -3.30341
1 -3.61582
1.001 -3.92553
1.002 -3.43615
1.003 -3.37349
1.004 -3.39544
1.005 -4.62635
1.006 -3.17325
1.007 -3.57342
1.008 -3.56546
1.009 -3.51091
1.01 -3.18997
1.011 -2.98061
1.012 -3.10087
1.013 -3.48183
1.014 -3.25935
1.015 -3.46352
1.016 -3.27475
1.017 -3.56092
1.018 -3.80102
1.019 -4.52432
1.02 -3.87489
1.021 -2.6844
1.022 -4.15633
1.023 -3.24388
1.024 -3.30558
1.025 -3.45363
1.026 -4.85413
1.027 -3.37244
1.028 -3.83446
1.029 -3.65429
1.03 -3.52163
1.031 -3.29859
1.032 -3.16239
1.033 -3.72071
1.034 -3.1772
1.035 -3.17637
1.036 -3.99181
1.037 -3.08867
1.038 -3.09607
1.039 -3.5254
1.04 -3.17563
1.041 -3.51566
1.042 -3.51183
1.043 -4.3615
1.044 -5.31709
1.046 -3.15944
1.047 -3.02585
1.048 -3.44146
1.049 -3.97687
1.05 -3.56171
1.051 -3.94399
1.052 -3.45959
1.053 -2.77134
1.054 -3.87703
1.055 -3.13843
1.056 -2.84658
1.057 -3.26962
1.058 -4.12618
1.059 -3.10981
1.06 -4.19608
1.061 -3.7355
1.062 -3.53978
1.063 -4.23275
1.064 -2.85965
1.065 -3.60479
1.066 -3.04471
1.067 -3.49916
1.068 -2.99796
1.069 -3.32608
1.07 -3.78671
1.071 -3.33222
1.072 -3.60878
1.073 -3.14848
1.074 -3.27552
1.075 -3.18726
1.076 -4.14877
1.077 -2.64151
1.078 -3.71269
1.08 -4.41955
1.081 -3.01958
1.082 -3.81434
1.083 -3.8173
1.084 -3.09534
1.086 -3.87501
1.087 -4.47457
1.088 -4.8914
1.089 -4.15583
1.09 -3.95559
1.091 -3.75173
1.092 -3.35873
1.093 -4.45285
1.094 -2.93653
1.095 -3.43981
1.097 -3.28066
1.098 -3.79704
1.099 -3.58749
1.1 -3.38052
1.101 -3.50496
1.103 -3.38307
1.104 -4.06826
1.105 -4.7947
1.106 -3.2955
1.107 -3.64428
1.108 -3.36985
1.109 -4.0501
1.11 -3.15065
1.111 -4.09939
1.112 -4.01721
1.113 -4.15736
1.114 -3.33191
1.115 -4.49043
1.116 -3.25965
1.117 -3.3153
1.118 -3.95259
1.119 -4.81221
1.12 -3.83175
1.121 -3.48407
1.122 -4.44305
1.123 -4.9908
1.124 -4.94357
1.125 -4.45074
1.126 -4.14917
1.127 -3.69856
1.128 -3.52129
1.129 -3.2336
1.13 -3.32556
1.131 -3.69634
1.132 -3.74999
1.133 -4.05761
1.134 -3.67936
1.135 -4.36975
1.136 -3.50668
1.137 -2.9452
1.138 -3.52288
1.139 -3.31283
1.14 -4.30573
1.141 -4.42768
1.142 -3.84804
1.143 -4.05972
1.144 -3.3282
1.146 -3.68847
1.147 -3.21326
1.148 -4.76433
1.149 -3.6638
1.15 -3.64255
1.151 -3.80772
1.152 -4.91561
1.153 -3.83127
1.154 -4.79893
1.155 -3.13853
1.157 -4.10178
1.158 -4.12104
1.159 -4.07506
1.161 -4.25878
1.162 -4.70214
1.163 -3.20878
1.164 -4.10836
1.165 -4.8155
1.166 -3.8496
1.167 -3.17294
1.168 -3.09523
1.169 -3.67406
1.17 -3.4973
1.172 -3.38924
1.173 -4.03607
1.174 -3.12892
1.175 -3.29659
1.176 -3.66478
1.177 -4.90634
1.178 -3.06765
1.179 -4.22164
1.18 -4.07777
1.181 -3.9876
1.182 -5.20334
1.183 -3.46748
1.185 -3.96889
1.186 -5.46379
1.187 -3.46512
1.188 -4.70214
1.189 -2.96992
1.19 -4.12426
1.191 -4.2309
1.192 -3.21117
1.193 -3.41888
1.194 -4.44061
1.195 -5.24987
1.196 -4.23033
1.198 -4.70075
1.199 -3.97335
1.2 -3.08516
1.201 -4.32687
1.202 -3.91804
1.203 -2.88438
1.204 -4.6847
1.205 -3.18954
1.206 -3.95331
1.207 -3.29046
1.209 -5.50863
1.21 -4.086
1.211 -3.2586
1.212 -3.2131
1.213 -3.68641
1.214 -3.85178
1.215 -4.52977
1.216 -3.11494
1.217 -3.6702
1.218 -4.72496
1.22 -4.65116
1.221 -4.43254
1.222 -4.37778
1.223 -4.62055
1.224 -4.33986
1.225 -3.29699
1.226 -4.13763
1.227 -4.31412
1.228 -3.69366
1.229 -3.77176
1.23 -4.68654
1.231 -3.76231
1.232 -4.51699
1.233 -3.38934
1.235 -3.29977
1.236 -4.39282
1.237 -5.11848
1.238 -3.38394
1.239 -4.56898
1.241 -4.19235
1.242 -4.33986
1.245 -3.4897
1.246 -4.5771
1.247 -3.8453
1.248 -4.20198
1.249 -4.11941
1.25 -3.7466
1.251 -4.65879
1.252 -5.6527
1.254 -3.99272
1.256 -3.0756
1.257 -4.06469
1.258 -3.75873
1.259 -4.49758
1.26 -4.4357
1.262 -4.27686
1.263 -4.60958
1.264 -4.52841
1.265 -3.25111
1.266 -4.33404
1.267 -3.63408
1.268 -3.5348
1.269 -4.56127
1.27 -4.72564
1.271 -3.73691
1.272 -4.73132
1.273 -4.95293
1.274 -4.41099
1.276 -3.79397
1.277 -4.97836
1.278 -4.07764
1.279 -4.49729
1.28 -3.92862
1.283 -5.11355
1.284 -3.68305
1.286 -5.08932
1.287 -3.30469
1.288 -3.77555
1.29 -4.52743
1.291 -3.84532
1.293 -5.16951
1.294 -4.94407
1.295 -3.60929
1.296 -4.6178
1.297 -3.71723
1.299 -3.46061
1.3 -3.44125
1.301 -3.88946
1.302 -3.86491
1.306 -5.05255
1.307 -3.24813
1.308 -3.93705
1.309 -4.9154
1.31 -4.49742
1.311 -3.25769
1.312 -4.09098
1.314 -3.91831
1.317 -3.398
1.318 -4.23804
1.319 -5.04258
1.32 -4.27167
1.321 -4.51282
1.322 -4.38105
1.323 -4.75983
1.324 -3.91588
1.325 -4.32371
1.327 -5.22998
1.328 -4.23587
1.33 -4.03947
1.332 -4.37652
1.333 -3.15284
1.335 -4.88188
1.337 -4.87663
1.339 -5.06612
1.342 -4.39836
1.343 -4.81147
1.344 -4.20109
1.345 -4.00626
1.346 -4.0394
1.347 -5.28036
1.348 -4.32399
1.349 -4.89645
1.35 -4.49025
1.352 -4.2773
1.354 -4.85079
1.355 -4.18593
1.357 -4.37603
1.358 -4.86577
1.359 -4.56649
1.361 -3.56681
1.362 -4.27142
1.366 -4.75516
1.368 -4.18523
1.369 -4.86267
1.37 -4.46379
1.371 -4.32846
1.373 -4.21031
1.374 -5.08932
1.381 -3.23019
1.384 -3.87346
1.388 -4.62586
1.393 -4.55114
1.394 -3.34774
1.395 -4.66328
1.398 -4.63442
1.399 -4.31391
1.401 -4.57264
1.405 -3.924
1.407 -4.0643
1.408 -5.06588
1.409 -5.08278
1.412 -4.447
1.42 -3.62038
1.421 -3.94558
1.422 -4.55237
1.424 -3.98896
1.426 -3.31921
1.428 -3.63018
1.43 -4.13085
1.433 -4.03276
1.434 -4.59413
1.435 -4.16656
1.436 -4.22997
1.439 -5.05452
1.442 -3.77723
1.443 -4.45844
1.446 -4.49317
1.447 -3.82944
1.449 -4.07688
1.451 -4.90472
1.452 -4.42426
1.453 -3.69906
1.454 -4.19174
1.455 -4.66834
1.457 -3.7707
1.459 -4.57147
1.465 -3.28008
1.471 -4.52886
1.474 -3.95449
1.475 -3.59336
1.479 -5.114
1.489 -5.12638
1.493 -4.32195
1.494 -4.54303
1.5 -4.26782
1.501 -5.3126
1.503 -4.05176
1.508 -3.56184
1.509 -3.78032
1.51 -4.39783
1.513 -4.27295
1.518 -5.1109
1.522 -3.89715
1.531 -3.17919
1.535 -4.84318
1.537 -4.73097
1.539 -4.23374
1.545 -4.47465
1.546 -4.17668
1.548 -4.16505
1.551 -4.78928
1.553 -3.55017
1.554 -4.63222
1.555 -4.56957
1.559 -4.05169
1.568 -4.86865
1.569 -4.71308
1.57 -4.29476
1.572 -4.39295
1.573 -3.59116
1.578 -3.92516
1.579 -4.26324
1.581 -3.77773
1.583 -5.04284
1.584 -3.7989
1.585 -5.20899
1.586 -5.20403
1.59 -4.94545
1.591 -4.92631
1.592 -4.28022
1.598 -3.95306
1.601 -5.60448
1.604 -3.22902
1.605 -4.27995
1.606 -4.52929
1.609 -4.38316
1.617 -4.6178
1.618 -4.61238
1.624 -4.86888
1.627 -4.84024
1.628 -3.79462
1.638 -3.97823
1.639 -4.58393
1.644 -3.71768
1.647 -4.17727
1.655 -4.08845
1.66 -4.21342
1.696 -5.26833
1.699 -5.405
1.706 -3.71964
1.718 -4.80868
1.72 -4.42482
1.725 -3.98478
1.735 -4.1625
1.74 -3.26056
1.741 -3.6892
1.742 -3.9875
1.746 -4.18686
1.754 -4.91975
1.756 -3.68213
1.758 -3.38734
1.76 -4.27468
1.781 -4.39897
1.786 -4.86354
1.788 -4.24687
1.798 -4.94545
1.821 -4.58992
1.826 -4.85471
1.827 -4.98073
1.832 -4.688
1.873 -4.78466
1.874 -4.29067
1.876 -4.67469
1.883 -3.93518
1.887 -5.00926
1.892 -4.58495
1.898 -4.548
1.899 -4.86785
1.935 -4.21331
1.951 -4.46511
1.954 -4.39464
1.956 -4.57097
1.977 -4.49006
2.007 -4.9076
2.012 -4.43407
2.022 -4.86354
2.074 -4.38405
2.09 -4.52743
2.156 -4.28881
2.21 -4.62618
 
 
