0 -1.78182
0.001 -1.29988
0.002 -1.06656
0.003 -0.871919
0.004 -0.758673
0.005 -0.614352
0.006 -0.515143
0.007 -0.395132
0.008 -0.253956
0.009 -0.163523
0.01 -0.0460914
0.011 0.0465666
0.012 0.14217
0.013 0.256622
0.014 0.343291
0.015 0.414688
0.016 0.514285
0.017 0.595186
0.018 0.692369
0.019 0.768962
0.02 0.840384
0.021 0.936107
0.022 0.977079
0.023 0.991795
0.024 1.01564
0.025 1.02314
0.026 1.04185
0.027 1.05746
0.028 1.06007
0.029 1.06451
0.03 1.06663
0.031 1.06964
0.032 1.08286
0.033 1.07947
0.034 1.08128
0.035 1.08643
0.036 1.08154
0.037 1.07617
0.038 1.08224
0.039 1.07913
0.04 1.08156
0.041 1.08776
0.042 1.08826
0.043 1.09179
0.044 1.08497
0.045 1.08866
0.046 1.08409
0.047 1.08565
0.048 1.06898
0.049 1.06318
0.05 1.05689
0.051 1.04892
0.052 1.04921
0.053 1.0357
0.054 1.03171
0.055 1.02414
0.056 1.02243
0.057 1.02681
0.058 1.01773
0.059 1.02947
0.06 1.02808
0.061 1.03089
0.062 1.03242
0.063 1.03256
0.064 1.02454
0.065 1.01627
0.066 1.01242
0.067 1.02097
0.068 1.00782
0.069 1.00805
0.07 1.00185
0.071 0.988321
0.072 0.983562
0.073 0.97411
0.074 0.969883
0.075 0.959871
0.076 0.949353
0.077 0.952482
0.078 0.939909
0.079 0.934698
0.08 0.926144
0.081 0.919107
0.082 0.922696
0.083 0.914069
0.084 0.908342
0.085 0.900998
0.086 0.897762
0.087 0.900608
0.088 0.898094
0.089 0.905657
0.09 0.908023
0.091 0.902644
0.092 0.904774
0.093 0.89314
0.094 0.889457
0.095 0.895454
0.096 0.894978
0.097 0.893133
0.098 0.880729
0.099 0.87505
0.1 0.876505
0.101 0.872482
0.102 0.866798
0.103 0.861382
0.104 0.852416
0.105 0.847328
0.106 0.844397
0.107 0.833879
0.108 0.831861
0.109 0.824633
0.11 0.821912
0.111 0.806755
0.112 0.805497
0.113 0.808539
0.114 0.79451
0.115 0.786489
0.116 0.777835
0.117 0.773478
0.118 0.770766
0.119 0.75903
0.12 0.758656
0.121 0.754274
0.122 0.737397
0.123 0.738113
0.124 0.733083
0.125 0.722814
0.126 0.717413
0.127 0.713202
0.128 0.697708
0.129 0.697825
0.13 0.6968
0.131 0.700382
0.132 0.684682
0.133 0.677188
0.134 0.670383
0.135 0.655868
0.136 0.6528
0.137 0.657851
0.138 0.651428
0.139 0.651841
0.14 0.654635
0.141 0.653511
0.142 0.671979
0.143 0.674622
0.144 0.674496
0.145 0.659855
0.146 0.656956
0.147 0.665521
0.148 0.647113
0.149 0.650094
0.15 0.630034
0.151 0.633057
0.152 0.622341
0.153 0.613476
0.154 0.612365
0.155 0.605662
0.156 0.600914
0.157 0.591028
0.158 0.578652
0.159 0.57939
0.16 0.578334
0.161 0.567123
0.162 0.570297
0.163 0.564197
0.164 0.545543
0.165 0.55403
0.166 0.541998
0.167 0.532621
0.168 0.540911
0.169 0.532262
0.17 0.517647
0.171 0.514666
0.172 0.510725
0.173 0.49969
0.174 0.498032
0.175 0.488796
0.176 0.48718
0.177 0.464219
0.178 0.466432
0.179 0.462814
0.18 0.454942
0.181 0.464863
0.182 0.460975
0.183 0.457346
0.184 0.449081
0.185 0.449508
0.186 0.457886
0.187 0.449459
0.188 0.448858
0.189 0.443503
0.19 0.44546
0.191 0.432447
0.192 0.44162
0.193 0.439544
0.194 0.438257
0.195 0.439362
0.196 0.433158
0.197 0.435185
0.198 0.418664
0.199 0.412861
0.2 0.417479
0.201 0.404255
0.202 0.395656
0.203 0.389957
0.204 0.392215
0.205 0.393103
0.206 0.386377
0.207 0.374559
0.208 0.374883
0.209 0.358908
0.21 0.362259
0.211 0.35907
0.212 0.348112
0.213 0.342553
0.214 0.345015
0.215 0.33889
0.216 0.336258
0.217 0.325524
0.218 0.321771
0.219 0.331057
0.22 0.323444
0.221 0.32756
0.222 0.312253
0.223 0.317727
0.224 0.291887
0.225 0.294793
0.226 0.299612
0.227 0.291713
0.228 0.300693
0.229 0.300633
0.23 0.285121
0.231 0.29299
0.232 0.294485
0.233 0.295273
0.234 0.306326
0.235 0.294753
0.236 0.30386
0.237 0.292212
0.238 0.2911
0.239 0.282349
0.24 0.287291
0.241 0.272922
0.242 0.274297
0.243 0.26664
0.244 0.258956
0.245 0.268659
0.246 0.27188
0.247 0.252519
0.248 0.245176
0.249 0.256555
0.25 0.24619
0.251 0.247564
0.252 0.237254
0.253 0.234985
0.254 0.232643
0.255 0.24133
0.256 0.237546
0.257 0.245841
0.258 0.220328
0.259 0.226926
0.26 0.218121
0.261 0.212921
0.262 0.188904
0.263 0.190651
0.264 0.181474
0.265 0.155545
0.266 0.170165
0.267 0.166899
0.268 0.154078
0.269 0.151349
0.27 0.150454
0.271 0.156449
0.272 0.143723
0.273 0.133002
0.274 0.126934
0.275 0.133159
0.276 0.123727
0.277 0.113798
0.278 0.102606
0.279 0.105746
0.28 0.0925143
0.281 0.10361
0.282 0.0911861
0.283 0.0860735
0.284 0.0856722
0.285 0.0849242
0.286 0.0798196
0.287 0.0700525
0.288 0.0695354
0.289 0.0601733
0.29 0.0587675
0.291 0.0550822
0.292 0.0478365
0.293 0.0508282
0.294 0.0543392
0.295 0.0384577
0.296 0.0402609
0.297 0.0405666
0.298 0.0343058
0.299 0.0334088
0.3 0.0245056
0.301 0.0176327
0.302 0.0182678
0.303 0.0139746
0.304 0.0267501
0.305 0.019775
0.306 0.00915164
0.307 -0.0070593
0.308 -0.00402844
0.309 -0.00981485
0.31 -0.0145512
0.311 -0.0150449
0.312 -0.0216042
0.313 -0.0123655
0.314 -0.0221081
0.315 -0.0302136
0.316 -0.0303784
0.317 -0.0293312
0.318 -0.0288798
0.319 -0.0321952
0.32 -0.0346625
0.321 -0.0309056
0.322 -0.0419075
0.323 -0.0252211
0.324 -0.0263258
0.325 -0.0420536
0.326 -0.0354409
0.327 -0.047026
0.328 -0.0438942
0.329 -0.0465468
0.33 -0.0505299
0.331 -0.0505403
0.332 -0.0535588
0.333 -0.0523909
0.334 -0.058371
0.335 -0.0737045
0.336 -0.0847734
0.337 -0.0808253
0.338 -0.0762322
0.339 -0.0849497
0.34 -0.0892486
0.341 -0.0810095
0.342 -0.0976862
0.343 -0.101292
0.344 -0.101285
0.345 -0.115198
0.346 -0.124834
0.347 -0.12215
0.348 -0.11952
0.349 -0.125893
0.35 -0.145609
0.351 -0.128174
0.352 -0.120873
0.353 -0.138722
0.354 -0.150762
0.355 -0.146996
0.356 -0.15069
0.357 -0.146216
0.358 -0.159717
0.359 -0.15216
0.36 -0.165213
0.361 -0.173382
0.362 -0.173295
0.363 -0.18579
0.364 -0.190754
0.365 -0.199149
0.366 -0.201016
0.367 -0.207843
0.368 -0.212134
0.369 -0.222638
0.37 -0.236274
0.371 -0.235506
0.372 -0.235796
0.373 -0.258426
0.374 -0.249961
0.375 -0.273863
0.376 -0.280811
0.377 -0.279836
0.378 -0.282416
0.379 -0.288927
0.38 -0.31055
0.381 -0.314589
0.382 -0.321291
0.383 -0.322601
0.384 -0.333793
0.385 -0.319513
0.386 -0.334642
0.387 -0.335136
0.388 -0.330937
0.389 -0.347884
0.39 -0.343311
0.391 -0.340971
0.392 -0.355447
0.393 -0.355384
0.394 -0.36758
0.395 -0.36613
0.396 -0.36311
0.397 -0.377012
0.398 -0.39143
0.399 -0.400853
0.4 -0.396828
0.401 -0.385315
0.402 -0.410699
0.403 -0.415031
0.404 -0.432682
0.405 -0.426102
0.406 -0.441486
0.407 -0.436046
0.408 -0.437422
0.409 -0.451591
0.41 -0.45911
0.411 -0.454056
0.412 -0.470543
0.413 -0.471898
0.414 -0.469391
0.415 -0.474844
0.416 -0.480674
0.417 -0.484622
0.418 -0.484771
0.419 -0.489053
0.42 -0.487149
0.421 -0.486113
0.422 -0.503838
0.423 -0.506435
0.424 -0.503166
0.425 -0.490037
0.426 -0.498407
0.427 -0.502724
0.428 -0.521326
0.429 -0.507625
0.43 -0.516062
0.431 -0.510247
0.432 -0.520903
0.433 -0.505262
0.434 -0.529805
0.435 -0.52111
0.436 -0.522727
0.437 -0.520112
0.438 -0.546343
0.439 -0.553752
0.44 -0.542349
0.441 -0.532057
0.442 -0.549032
0.443 -0.549038
0.444 -0.561462
0.445 -0.556668
0.446 -0.557599
0.447 -0.561147
0.448 -0.566251
0.449 -0.565925
0.45 -0.58875
0.451 -0.583266
0.452 -0.588036
0.453 -0.594253
0.454 -0.611674
0.455 -0.607646
0.456 -0.605321
0.457 -0.624693
0.458 -0.628357
0.459 -0.642031
0.46 -0.64525
0.461 -0.649442
0.462 -0.645415
0.463 -0.64459
0.464 -0.666373
0.465 -0.667636
0.466 -0.67112
0.467 -0.665864
0.468 -0.708661
0.469 -0.67315
0.47 -0.688806
0.471 -0.68092
0.472 -0.693456
0.473 -0.708705
0.474 -0.704956
0.475 -0.718052
0.476 -0.717031
0.477 -0.710057
0.478 -0.732701
0.479 -0.726389
0.48 -0.738295
0.481 -0.751221
0.482 -0.749656
0.483 -0.742678
0.484 -0.747424
0.485 -0.739192
0.486 -0.759149
0.487 -0.758553
0.488 -0.749219
0.489 -0.774745
0.49 -0.766519
0.491 -0.779768
0.492 -0.790437
0.493 -0.805139
0.494 -0.79968
0.495 -0.80308
0.496 -0.823237
0.497 -0.819723
0.498 -0.843818
0.499 -0.833575
0.5 -0.84767
0.501 -0.844088
0.502 -0.878723
0.503 -0.886785
0.504 -0.910931
0.505 -0.888719
0.506 -0.893589
0.507 -0.911728
0.508 -0.934536
0.509 -0.959866
0.51 -0.95737
0.511 -0.95375
0.512 -0.977162
0.513 -0.973546
0.514 -0.985603
0.515 -0.992692
0.516 -1.00824
0.517 -1.03704
0.518 -1.03733
0.519 -1.04807
0.52 -1.03845
0.521 -1.03948
0.522 -1.0638
0.523 -1.06745
0.524 -1.05657
0.525 -1.09689
0.526 -1.07526
0.527 -1.12164
0.528 -1.13786
0.529 -1.12063
0.53 -1.15982
0.531 -1.16326
0.532 -1.15995
0.533 -1.17412
0.534 -1.17602
0.535 -1.20103
0.536 -1.19648
0.537 -1.20643
0.538 -1.23296
0.539 -1.25335
0.54 -1.28997
0.541 -1.22989
0.542 -1.2932
0.543 -1.29434
0.544 -1.29784
0.545 -1.25487
0.546 -1.32841
0.547 -1.32072
0.548 -1.32188
0.549 -1.31464
0.55 -1.36872
0.551 -1.32269
0.552 -1.32754
0.553 -1.35022
0.554 -1.35585
0.555 -1.38965
0.556 -1.40953
0.557 -1.39863
0.558 -1.42848
0.559 -1.43453
0.56 -1.43594
0.561 -1.38465
0.562 -1.40827
0.563 -1.41307
0.564 -1.44501
0.565 -1.50553
0.566 -1.47072
0.567 -1.48518
0.568 -1.49717
0.569 -1.47678
0.57 -1.53801
0.571 -1.51753
0.572 -1.51537
0.573 -1.56724
0.574 -1.53002
0.575 -1.49584
0.576 -1.57519
0.577 -1.55146
0.578 -1.64724
0.579 -1.57417
0.58 -1.57226
0.581 -1.56965
0.582 -1.6446
0.583 -1.59849
0.584 -1.62717
0.585 -1.57347
0.586 -1.62553
0.587 -1.62372
0.588 -1.76991
0.589 -1.68351
0.59 -1.64772
0.591 -1.72231
0.592 -1.68089
0.593 -1.74687
0.594 -1.6939
0.595 -1.66849
0.596 -1.74347
0.597 -1.7694
0.598 -1.76602
0.599 -1.70424
0.6 -1.75015
0.601 -1.67305
0.602 -1.7857
0.603 -1.69122
0.604 -1.72018
0.605 -1.79594
0.606 -1.75455
0.607 -1.79998
0.608 -1.72878
0.609 -1.80972
0.61 -1.70626
0.611 -1.78775
0.612 -1.77549
0.613 -1.76026
0.614 -1.82784
0.615 -1.87444
0.616 -1.78703
0.617 -1.8208
0.618 -1.82716
0.619 -1.78988
0.62 -1.82778
0.621 -1.74686
0.622 -1.80385
0.623 -1.88051
0.624 -1.80542
0.625 -1.91605
0.626 -1.79902
0.627 -1.84375
0.628 -1.8154
0.629 -1.8862
0.63 -1.80394
0.631 -1.85493
0.632 -1.94291
0.633 -1.82558
0.634 -1.8143
0.635 -1.9066
0.636 -1.93652
0.637 -1.85258
0.638 -1.88648
0.639 -1.83291
0.64 -1.90225
0.641 -1.92167
0.642 -1.77412
0.643 -1.92265
0.644 -1.97499
0.645 -1.97743
0.646 -2.01427
0.647 -1.97752
0.648 -1.95314
0.649 -1.9448
0.65 -1.96089
0.651 -1.85016
0.652 -2.04499
0.653 -2.01154
0.654 -1.8941
0.655 -2.01719
0.656 -1.92048
0.657 -1.91288
0.658 -2.00436
0.659 -2.02264
0.66 -2.10401
0.661 -1.95384
0.662 -1.99859
0.663 -2.06187
0.664 -1.93276
0.665 -1.98302
0.666 -1.97437
0.667 -1.99145
0.668 -2.08486
0.669 -2.05736
0.67 -2.07766
0.671 -2.03882
0.672 -1.99511
0.673 -1.9251
0.674 -1.97201
0.675 -2.00233
0.676 -2.05983
0.677 -2.07909
0.678 -2.14158
0.679 -2.12302
0.68 -2.05491
0.681 -2.01327
0.682 -1.93419
0.683 -2.07402
0.684 -1.96623
0.685 -2.00878
0.686 -2.02415
0.687 -2.13514
0.688 -2.0917
0.689 -2.08992
0.69 -2.02455
0.691 -2.04708
0.692 -2.11224
0.693 -2.23125
0.694 -2.08591
0.695 -2.31407
0.696 -2.10306
0.697 -2.22413
0.698 -2.17358
0.699 -2.23674
0.7 -2.13443
0.701 -2.04918
0.702 -2.2915
0.703 -2.12534
0.704 -1.99973
0.705 -2.15224
0.706 -2.2732
0.707 -2.18796
0.708 -2.02804
0.709 -2.22669
0.71 -2.2314
0.711 -2.01942
0.712 -2.16671
0.713 -2.20701
0.714 -2.22864
0.715 -2.20057
0.716 -2.11138
0.717 -2.03146
0.718 -2.1796
0.719 -2.23923
0.72 -2.15571
0.721 -2.22665
0.722 -2.45544
0.723 -2.36588
0.724 -2.21444
0.725 -2.23334
0.726 -2.24716
0.727 -2.21761
0.728 -2.30033
0.729 -2.06573
0.73 -2.32343
0.731 -2.28174
0.732 -2.3163
0.733 -2.20958
0.734 -2.17927
0.735 -2.2387
0.736 -2.24977
0.737 -2.24493
0.738 -2.47383
0.739 -2.2707
0.74 -2.32938
0.741 -2.33227
0.742 -2.38076
0.743 -2.44969
0.744 -2.12796
0.745 -2.29541
0.746 -2.26104
0.747 -2.03975
0.748 -2.24344
0.749 -2.60064
0.75 -2.37826
0.751 -2.18307
0.752 -2.22611
0.753 -2.49725
0.754 -2.33211
0.755 -2.39394
0.756 -2.20318
0.757 -2.43684
0.758 -2.33428
0.759 -2.29721
0.76 -2.52925
0.761 -2.34166
0.762 -2.53188
0.763 -2.27849
0.764 -2.50584
0.765 -2.49594
0.766 -2.23299
0.767 -2.32288
0.768 -2.33545
0.769 -2.6091
0.77 -2.48558
0.771 -2.42206
0.772 -2.39614
0.773 -2.20115
0.774 -2.43349
0.775 -2.39418
0.776 -2.34556
0.777 -2.45204
0.778 -2.34908
0.779 -2.45838
0.78 -2.4672
0.781 -2.69895
0.782 -2.63024
0.783 -2.33415
0.784 -2.24498
0.785 -2.34139
0.786 -2.1876
0.787 -2.46447
0.788 -2.52628
0.789 -2.67708
0.79 -2.4121
0.791 -2.49121
0.792 -2.36099
0.793 -2.42205
0.794 -2.24516
0.795 -2.31555
0.796 -2.67433
0.797 -2.68452
0.798 -2.5156
0.799 -2.60932
0.8 -2.17255
0.801 -2.59804
0.802 -2.34392
0.803 -2.68231
0.804 -2.62609
0.805 -2.53036
0.806 -2.47549
0.807 -2.75919
0.808 -2.58684
0.809 -2.44133
0.81 -2.39702
0.811 -2.53086
0.812 -2.4871
0.813 -2.63516
0.814 -2.83529
0.815 -2.63358
0.816 -2.6484
0.817 -2.49825
0.818 -2.35941
0.819 -2.52266
0.82 -2.48304
0.821 -2.7034
0.822 -2.69414
0.823 -2.77403
0.824 -2.68161
0.825 -2.41618
0.826 -2.40276
0.827 -2.46844
0.828 -2.62815
0.829 -2.60607
0.83 -2.81017
0.831 -2.26197
0.832 -2.41276
0.833 -2.66098
0.834 -2.35782
0.835 -2.57834
0.836 -2.46876
0.837 -2.36141
0.838 -2.59184
0.839 -2.72142
0.84 -2.56115
0.841 -2.68322
0.842 -2.73881
0.843 -2.76791
0.844 -2.72748
0.845 -2.4245
0.846 -2.73632
0.847 -2.49414
0.848 -2.58661
0.849 -2.36973
0.85 -2.62082
0.851 -2.707
0.852 -2.62879
0.853 -2.78121
0.854 -2.77414
0.855 -2.62657
0.856 -2.82328
0.857 -2.6467
0.858 -2.81803
0.859 -2.76627
0.86 -2.79198
0.861 -2.58416
0.862 -2.45001
0.863 -2.38256
0.864 -2.76223
0.865 -2.55641
0.866 -2.66681
0.867 -2.44161
0.868 -2.45591
0.869 -2.80923
0.87 -2.71244
0.871 -2.76597
0.872 -2.54678
0.873 -2.51469
0.874 -2.96083
0.875 -2.87183
0.876 -2.44342
0.877 -2.7943
0.878 -2.79095
0.879 -2.7771
0.88 -2.90166
0.881 -2.55654
0.882 -2.85478
0.883 -2.67257
0.884 -2.5394
0.885 -2.99146
0.886 -2.82686
0.887 -2.56586
0.888 -2.83167
0.889 -3.05868
0.89 -2.59141
0.891 -2.90836
0.892 -2.56472
0.893 -2.93776
0.894 -2.69883
0.895 -2.517
0.896 -2.89739
0.897 -2.7986
0.898 -2.9303
0.899 -2.54365
0.9 -2.67831
0.901 -2.59554
0.902 -3.09252
0.903 -2.73611
0.904 -2.75014
0.905 -2.75669
0.906 -2.83469
0.907 -2.9117
0.908 -2.7416
0.909 -2.57839
0.91 -2.83827
0.911 -2.45975
0.912 -2.88521
0.913 -3.2555
0.914 -2.76186
0.915 -2.73559
0.916 -2.86418
0.917 -2.48944
0.918 -2.72501
0.919 -2.75918
0.92 -2.87235
0.921 -3.0164
0.922 -2.74045
0.923 -3.02158
0.924 -2.92558
0.925 -2.88692
0.926 -2.96998
0.927 -2.95184
0.928 -2.59499
0.929 -2.6295
0.93 -3.50357
0.931 -2.60499
0.932 -2.83839
0.933 -2.51172
0.934 -2.71534
0.935 -2.97767
0.936 -2.90639
0.937 -2.81849
0.938 -2.81451
0.939 -2.8239
0.94 -2.93052
0.941 -2.72458
0.942 -2.6225
0.943 -2.72962
0.944 -2.83945
0.945 -2.87096
0.946 -3.24274
0.947 -3.12596
0.948 -3.53922
0.949 -3.05415
0.95 -2.67292
0.951 -2.94868
0.952 -2.80273
0.953 -3.07205
0.954 -3.17934
0.955 -2.89374
0.956 -2.56705
0.957 -2.97863
0.958 -2.76863
0.959 -2.93449
0.96 -3.20031
0.961 -3.09606
0.962 -3.22208
0.963 -2.8203
0.964 -3.10144
0.965 -2.86124
0.966 -3.06618
0.967 -3.00821
0.968 -2.75802
0.969 -2.81484
0.97 -3.04738
0.971 -3.32367
0.972 -2.71215
0.973 -2.77131
0.974 -3.37239
0.975 -2.82563
0.976 -2.75783
0.977 -3.46618
0.978 -3.13322
0.979 -2.85488
0.98 -3.36179
0.981 -3.17771
0.982 -3.02529
0.983 -3.22089
0.984 -3.00487
0.985 -2.93349
0.986 -2.52078
0.987 -3.31344
0.988 -3.12952
0.989 -2.77078
0.99 -3.86396
0.991 -3.4692
0.992 -3.41714
0.993 -3.03623
0.994 -3.35514
0.995 -2.92705
0.996 -3.71217
0.997 -3.07478
0.998 -3.21064
0.999 -3.16386
1 -2.76072
1.001 -3.76946
1.002 -2.83921
1.003 -3.2355
1.004 -3.22049
1.005 -3.90105
1.006 -2.82065
1.007 -3.03731
1.008 -3.01988
1.009 -3.16876
1.01 -2.88503
1.011 -2.98061
1.012 -3.04969
1.013 -2.76931
1.014 -3.11088
1.015 -3.0742
1.016 -3.21541
1.017 -2.95256
1.018 -3.253
1.019 -3.11068
1.02 -3.65903
1.021 -2.62712
1.022 -3.5302
1.023 -3.18084
1.024 -3.22998
1.025 -3.4181
1.026 -4.16227
1.027 -3.32125
1.028 -3.23359
1.029 -3.26958
1.03 -3.28726
1.031 -3.20277
1.032 -3.03655
1.033 -3.56528
1.034 -2.96035
1.035 -2.82246
1.036 -3.19775
1.037 -2.78211
1.038 -3.07908
1.039 -3.43596
1.04 -3.12721
1.041 -3.36557
1.042 -3.279
1.043 -3.32148
1.044 -3.21054
1.045 -4.99534
1.046 -2.86637
1.047 -2.99745
1.048 -3.31474
1.049 -3.67528
1.05 -3.52769
1.051 -3.24667
1.052 -3.34487
1.053 -2.68373
1.054 -3.41905
1.055 -2.85154
1.056 -2.69516
1.057 -2.66453
1.058 -3.52623
1.059 -2.70148
1.06 -4.02484
1.061 -3.34075
1.062 -3.43608
1.063 -3.73604
1.064 -2.71015
1.065 -3.06347
1.066 -2.81916
1.067 -3.26354
1.068 -2.99439
1.069 -3.28395
1.07 -3.56007
1.071 -3.13189
1.072 -3.5536
1.073 -3.111
1.074 -3.16231
1.075 -3.09002
1.076 -3.6794
1.077 -2.49883
1.078 -3.64417
1.079 -3.24233
1.08 -3.08691
1.081 -2.69424
1.082 -3.13964
1.083 -3.75266
1.084 -2.7756
1.085 -4.51607
1.086 -3.73723
1.087 -3.50358
1.088 -4.2218
1.089 -3.17348
1.09 -3.75101
1.091 -2.85708
1.092 -3.0232
1.093 -3.03563
1.094 -2.9041
1.095 -3.40316
1.096 -3.41088
1.097 -3.14845
1.098 -3.61659
1.099 -3.10502
1.1 -3.33708
1.101 -3.41447
1.102 -3.75724
1.103 -3.06486
1.104 -3.185
1.105 -4.01998
1.106 -3.01474
1.107 -3.26227
1.108 -3.27282
1.109 -3.88001
1.11 -3.14928
1.111 -3.11337
1.112 -3.72651
1.113 -4.01281
1.114 -2.97228
1.115 -3.11979
1.116 -3.10704
1.117 -3.16117
1.118 -3.95259
1.119 -4.33007
1.12 -3.43903
1.121 -3.21267
1.122 -3.62456
1.123 -4.27449
1.124 -3.9044
1.125 -4.13475
1.126 -3.73779
1.127 -3.27819
1.128 -3.39037
1.129 -3.14282
1.13 -3.23371
1.131 -3.24019
1.132 -3.37295
1.133 -3.71113
1.134 -3.08709
1.135 -3.6614
1.136 -3.29853
1.137 -2.78884
1.138 -3.37568
1.139 -3.05775
1.14 -4.00706
1.141 -3.84113
1.142 -3.78766
1.143 -3.78913
1.144 -3.20792
1.145 -3.14227
1.146 -3.51859
1.147 -3.20589
1.148 -3.96812
1.149 -3.6638
1.15 -3.55453
1.151 -3.64619
1.152 -4.41717
1.153 -3.51466
1.154 -3.71486
1.155 -3.13194
1.156 -3.24383
1.157 -3.96135
1.158 -4.12104
1.159 -4.01354
1.16 -3.94175
1.161 -3.43077
1.162 -4.66717
1.163 -3.18057
1.164 -3.26373
1.165 -4.8155
1.166 -3.83345
1.167 -3.11979
1.168 -3.05043
1.169 -3.47479
1.17 -3.46818
1.171 -3.48801
1.172 -3.28644
1.173 -4.03607
1.174 -2.88442
1.175 -3.2289
1.176 -3.62747
1.177 -3.98091
1.178 -3.0285
1.179 -3.98998
1.18 -3.06193
1.181 -3.41798
1.182 -3.29241
1.183 -3.30483
1.184 -4.33536
1.185 -3.78462
1.186 -3.81602
1.187 -3.05242
1.188 -3.54125
1.189 -2.95651
1.19 -3.94769
1.191 -3.23649
1.192 -3.1411
1.193 -3.40837
1.194 -4.44061
1.195 -5.24987
1.196 -4.23033
1.197 -4.11254
1.198 -3.22141
1.199 -3.97335
1.2 -3.08516
1.201 -3.29656
1.202 -3.6194
1.203 -2.86019
1.204 -3.23445
1.205 -3.18128
1.206 -3.46755
1.207 -3.27548
1.208 -3.69982
1.209 -4.54843
1.21 -3.96551
1.211 -3.2586
1.212 -3.2131
1.213 -3.64542
1.214 -3.85178
1.215 -4.14031
1.216 -3.11082
1.217 -3.27846
1.218 -4.0916
1.219 -4.12162
1.22 -4.22963
1.221 -3.70374
1.222 -3.94817
1.223 -4.62055
1.224 -4.02512
1.225 -3.2286
1.226 -4.13763
1.227 -4.18823
1.228 -3.68159
1.229 -3.52966
1.23 -3.57654
1.231 -3.63115
1.232 -4.03293
1.233 -3.38109
1.234 -4.16295
1.235 -2.76879
1.236 -3.19808
1.237 -3.43244
1.238 -3.34087
1.239 -3.19547
1.24 -4.08644
1.241 -4.01898
1.242 -4.27816
1.243 -3.35323
1.244 -4.36353
1.245 -3.05594
1.246 -3.67388
1.247 -3.76484
1.248 -4.02961
1.249 -3.81305
1.25 -3.7466
1.251 -4.10817
1.252 -4.58635
1.254 -3.429
1.256 -3.04795
1.257 -4.06469
1.258 -3.48537
1.259 -3.61026
1.26 -3.81771
1.261 -3.68473
1.262 -3.11683
1.263 -4.60958
1.264 -4.27461
1.265 -3.23016
1.266 -4.22842
1.267 -3.5365
1.268 -3.5348
1.269 -3.3721
1.27 -3.68745
1.271 -3.58559
1.272 -4.20572
1.273 -3.81004
1.274 -4.06514
1.276 -3.60086
1.277 -3.36821
1.278 -3.51079
1.279 -4.49729
1.28 -3.91728
1.281 -4.21829
1.282 -4.5438
1.283 -4.1995
1.284 -3.60674
1.285 -3.40044
1.286 -4.46353
1.287 -3.2886
1.288 -3.17378
1.289 -3.94522
1.29 -4.52743
1.291 -3.77259
1.293 -4.5713
1.294 -4.17841
1.295 -3.41206
1.296 -3.83497
1.297 -3.49281
1.298 -4.08998
1.299 -3.45067
1.3 -3.42428
1.301 -3.83458
1.302 -3.81694
1.305 -3.58732
1.306 -5.05255
1.307 -2.98307
1.308 -3.93705
1.309 -3.09574
1.31 -4.49742
1.311 -3.20774
1.312 -4.09098
1.313 -3.05502
1.314 -3.91831
1.315 -4.93175
1.316 -4.93493
1.317 -3.31246
1.318 -3.50124
1.319 -4.81234
1.32 -3.54999
1.321 -4.12326
1.322 -3.81459
1.323 -3.55282
1.324 -3.75721
1.325 -4.25536
1.326 -3.76646
1.327 -4.5621
1.328 -3.90062
1.329 -5.03573
1.33 -4.03947
1.331 -3.18053
1.332 -3.28422
1.333 -3.13283
1.335 -3.22842
1.337 -3.77398
1.338 -3.92925
1.339 -5.06612
1.34 -3.87902
1.342 -4.39836
1.343 -4.0263
1.344 -4.20109
1.345 -4.00626
1.346 -3.99122
1.347 -4.32672
1.348 -4.32399
1.349 -4.34617
1.35 -3.4674
1.352 -4.2773
1.354 -4.85079
1.355 -4.04857
1.357 -4.37603
1.358 -4.10708
1.359 -3.7142
1.36 -4.74622
1.361 -3.5034
1.362 -3.78444
1.363 -4.82498
1.365 -3.36027
1.366 -4.28927
1.368 -3.98833
1.369 -4.86267
1.37 -3.32598
1.371 -3.77132
1.373 -4.21031
1.374 -4.65309
1.376 -4.71456
1.379 -4.41356
1.381 -3.23019
1.382 -3.09752
1.384 -3.87346
1.385 -5.73607
1.387 -inf
1.388 -4.62586
1.389 -4.04392
1.393 -4.55114
1.394 -3.34774
1.395 -4.66328
1.396 -4.17498
1.397 -5.26364
1.398 -4.63442
1.399 -4.11609
1.401 -3.89555
1.403 -4.93719
1.404 -4.67414
1.405 -3.924
1.406 -4.86364
1.407 -4.0643
1.408 -4.79062
1.409 -3.58412
1.411 -4.09653
1.412 -3.81866
1.413 -5.1655
1.417 -4.45473
1.418 -4.67199
1.419 -3.6703
1.42 -3.54777
1.421 -3.94558
1.422 -4.55237
1.423 -3.41223
1.424 -3.98896
1.426 -3.31921
1.428 -3.63018
1.429 -3.64628
1.43 -4.13085
1.431 -4.86364
1.433 -4.03276
1.434 -3.72926
1.435 -3.41901
1.436 -3.45417
1.438 -4.78199
1.439 -5.05452
1.441 -4.73451
1.442 -3.68942
1.443 -4.45844
1.446 -4.49317
1.447 -3.82944
1.449 -3.57866
1.451 -4.32984
1.452 -3.59091
1.453 -3.69176
1.454 -4.19174
1.455 -3.33442
1.456 -4.83051
1.457 -3.65656
1.459 -4.23782
1.46 -4.79725
1.463 -4.59609
1.464 -5.16498
1.465 -3.28008
1.468 -4.81824
1.469 -4.20024
1.47 -4.5834
1.471 -4.52886
1.474 -3.95449
1.475 -3.37761
1.476 -4.6209
1.477 -4.62517
1.479 -3.60715
1.488 -4.97218
1.489 -5.12638
1.493 -4.32195
1.494 -4.12246
1.497 -4.8182
1.499 -4.79121
1.5 -4.26782
1.501 -5.3126
1.503 -4.05176
1.504 -4.60425
1.507 -5.27299
1.508 -3.56184
1.509 -3.74182
1.51 -4.39783
1.511 -4.77447
1.513 -4.27295
1.516 -4.39354
1.518 -4.29633
1.521 -4.28278
1.522 -3.79005
1.524 -3.62461
1.528 -3.97169
1.53 -4.37806
1.531 -3.17919
1.535 -4.84318
1.537 -4.73097
1.538 -4.51612
1.539 -4.23374
1.544 -4.82719
1.545 -4.47465
1.546 -4.17668
1.548 -3.88421
1.549 -4.53023
1.55 -4.04562
1.551 -4.78928
1.553 -3.54166
1.554 -3.76413
1.555 -4.56957
1.557 -4.73081
1.558 -4.09397
1.559 -4.05169
1.568 -4.86865
1.569 -4.71308
1.57 -4.29476
1.572 -4.39295
1.573 -3.53284
1.575 -4.3069
1.577 -4.41429
1.578 -3.92516
1.579 -4.26324
1.581 -3.77773
1.583 -5.04284
1.584 -3.7989
1.585 -4.27466
1.586 -4.49913
1.59 -3.72993
1.591 -4.92631
1.592 -4.28022
1.594 -5.33212
1.598 -3.95306
1.6 -5.15613
1.601 -4.62122
1.603 -4.16291
1.604 -3.22902
1.605 -4.27995
1.606 -4.52929
1.607 -6.36374
1.609 -3.23363
1.611 -4.75473
1.616 -3.89827
1.617 -4.6178
1.618 -4.61238
1.621 -4.35802
1.622 -5.0025
1.624 -4.86888
1.625 -3.47984
1.626 -4.50368
1.627 -4.84024
1.628 -3.79462
1.636 -4.81346
1.638 -3.97823
1.639 -4.58393
1.644 -3.71768
1.647 -4.15478
1.648 -3.6012
1.651 -4.11402
1.654 -4.69384
1.655 -3.65773
1.658 -4.57154
1.66 -4.21342
1.666 -4.90924
1.67 -4.85618
1.674 -5.00606
1.68 -4.83886
1.686 -4.21935
1.69 -4.95937
1.692 -5.01548
1.693 -4.06554
1.696 -3.99153
1.699 -4.98849
1.706 -3.71964
1.708 -5.31035
1.713 -4.54015
1.718 -4.80868
1.719 -4.9899
1.72 -4.42482
1.725 -3.98478
1.735 -4.1625
1.738 -4.68197
1.739 -4.6886
1.74 -3.26056
1.741 -3.6892
1.742 -3.9875
1.746 -3.7328
1.754 -4.91975
1.756 -3.68213
1.758 -3.38734
1.76 -4.27468
1.762 -4.83759
1.765 -4.5792
1.767 -4.0765
1.777 -4.72969
1.779 -3.47422
1.781 -4.39897
1.786 -4.86354
1.787 -3.74509
1.788 -4.24687
1.791 -3.91408
1.798 -4.94545
1.805 -4.6425
1.812 -4.49715
1.821 -4.37679
1.826 -4.85471
1.827 -4.98073
1.83 -5.19552
1.832 -4.688
1.834 -3.80244
1.867 -3.25635
1.873 -4.78466
1.874 -4.29067
1.876 -4.67469
1.883 -3.80003
1.887 -5.00926
1.892 -4.58495
1.895 -4.27626
1.898 -4.07262
1.899 -4.86785
1.919 -4.65544
1.933 -4.65943
1.935 -4.21331
1.936 -4.44124
1.945 -5.14898
1.947 -4.07483
1.951 -4.46511
1.954 -4.39464
1.956 -4.57097
1.977 -4.49006
1.979 -4.27846
1.996 -5.01574
2.007 -4.9076
2.012 -4.43407
2.022 -4.86354
2.029 -5.2258
2.03 -4.13075
2.048 -5.17663
2.056 -5.26449
2.074 -4.38405
2.08 -4.29981
2.09 -4.52743
2.098 -4.68435
2.101 -4.05714
2.102 -4.41487
2.106 -4.53244
2.144 -5.16895
2.156 -4.28881
2.21 -4.62618
2.305 -5.41225
2.329 -4.75672
2.356 -5.25662
2.409 -4.90402
 
 
