0.002 -3.34429
0.003 -2.76718
0.004 -2.92007
0.005 -2.5874
0.006 -2.7158
0.007 -2.5262
0.008 -2.27919
0.009 -1.95425
0.01 -2.01687
0.011 -2.03647
0.012 -2.09012
0.013 -1.71379
0.014 -1.58021
0.015 -1.59766
0.016 -1.55129
0.017 -1.39727
0.018 -1.39542
0.019 -1.19228
0.02 -1.04543
0.021 -1.15768
0.022 -1.02687
0.023 -0.982285
0.024 -1.06301
0.025 -0.953643
0.026 -0.943065
0.027 -0.98671
0.028 -0.9359
0.029 -0.943394
0.03 -0.886494
0.031 -1.04242
0.032 -0.929899
0.033 -0.919771
0.034 -0.918213
0.035 -0.906316
0.036 -0.975175
0.037 -0.914344
0.038 -0.874103
0.039 -0.877924
0.04 -0.920759
0.041 -0.885942
0.042 -0.97336
0.043 -0.940559
0.044 -0.901893
0.045 -0.882336
0.046 -0.877166
0.047 -0.92362
0.048 -0.933215
0.049 -0.944974
0.05 -0.94919
0.051 -0.992941
0.052 -0.912496
0.053 -1.01288
0.054 -1.02415
0.055 -0.944002
0.056 -0.937375
0.057 -0.99009
0.058 -1.01022
0.059 -0.965143
0.06 -1.01575
0.061 -0.949197
0.062 -0.955843
0.063 -0.908488
0.064 -0.955443
0.065 -0.956525
0.066 -0.962198
0.067 -0.990747
0.068 -1.01328
0.069 -1.04169
0.07 -1.00006
0.071 -0.964044
0.072 -0.96595
0.073 -1.02521
0.074 -1.08644
0.075 -1.02404
0.076 -1.06627
0.077 -1.04186
0.078 -1.04198
0.079 -1.05637
0.08 -1.0801
0.081 -1.12212
0.082 -1.11965
0.083 -1.08221
0.084 -1.05353
0.085 -1.11282
0.086 -1.11251
0.087 -1.09125
0.088 -1.09487
0.089 -1.18472
0.09 -1.0929
0.091 -1.07831
0.092 -1.0387
0.093 -1.14601
0.094 -1.06927
0.095 -1.12991
0.096 -1.11118
0.097 -1.03204
0.098 -1.13219
0.099 -1.09994
0.1 -1.11318
0.101 -1.08826
0.102 -1.11123
0.103 -1.12459
0.104 -1.16496
0.105 -1.13973
0.106 -1.18546
0.107 -1.1848
0.108 -1.16648
0.109 -1.18562
0.11 -1.18968
0.111 -1.16258
0.112 -1.18444
0.113 -1.15224
0.114 -1.21819
0.115 -1.17216
0.116 -1.18626
0.117 -1.22614
0.118 -1.17941
0.119 -1.19652
0.12 -1.213
0.121 -1.21021
0.122 -1.22898
0.123 -1.19535
0.124 -1.29552
0.125 -1.31772
0.126 -1.22795
0.127 -1.238
0.128 -1.2929
0.129 -1.34228
0.13 -1.3144
0.131 -1.2675
0.132 -1.29388
0.133 -1.28276
0.134 -1.29148
0.135 -1.29456
0.136 -1.34892
0.137 -1.29886
0.138 -1.2586
0.139 -1.34429
0.14 -1.33286
0.141 -1.40135
0.142 -1.37026
0.143 -1.33785
0.144 -1.33149
0.145 -1.36834
0.146 -1.33607
0.147 -1.41572
0.148 -1.38344
0.149 -1.31071
0.15 -1.45402
0.151 -1.43344
0.152 -1.39326
0.153 -1.43072
0.154 -1.41104
0.155 -1.47061
0.156 -1.38724
0.157 -1.37667
0.158 -1.3819
0.159 -1.39382
0.16 -1.51434
0.161 -1.4638
0.162 -1.38103
0.163 -1.42772
0.164 -1.43311
0.165 -1.42404
0.166 -1.46676
0.167 -1.49989
0.168 -1.49555
0.169 -1.46901
0.17 -1.46702
0.171 -1.43441
0.172 -1.55759
0.173 -1.50029
0.174 -1.55902
0.175 -1.58182
0.176 -1.48309
0.177 -1.56649
0.178 -1.51785
0.179 -1.47294
0.18 -1.56151
0.181 -1.54895
0.182 -1.60547
0.183 -1.54167
0.184 -1.53542
0.185 -1.60886
0.186 -1.51727
0.187 -1.61332
0.188 -1.57108
0.189 -1.54713
0.19 -1.50992
0.191 -1.6267
0.192 -1.59332
0.193 -1.5524
0.194 -1.63843
0.195 -1.62086
0.196 -1.60446
0.197 -1.55827
0.198 -1.54671
0.199 -1.64498
0.2 -1.53691
0.201 -1.63603
0.202 -1.64799
0.203 -1.66672
0.204 -1.64074
0.205 -1.48788
0.206 -1.53261
0.207 -1.57882
0.208 -1.67544
0.209 -1.70246
0.21 -1.59317
0.211 -1.7234
0.212 -1.54725
0.213 -1.67399
0.214 -1.65487
0.215 -1.58133
0.216 -1.67394
0.217 -1.68208
0.218 -1.65276
0.219 -1.61943
0.22 -1.72269
0.221 -1.65692
0.222 -1.64782
0.223 -1.69109
0.224 -1.64862
0.225 -1.68377
0.226 -1.66462
0.227 -1.66033
0.228 -1.77226
0.229 -1.66604
0.23 -1.65344
0.231 -1.70117
0.232 -1.745
0.233 -1.67127
0.234 -1.68621
0.235 -1.7102
0.236 -1.80194
0.237 -1.64566
0.238 -1.71138
0.239 -1.59383
0.24 -1.65805
0.241 -1.75036
0.242 -1.79951
0.243 -1.74841
0.244 -1.70979
0.245 -1.78112
0.246 -1.62221
0.247 -1.79944
0.248 -1.78198
0.249 -1.68819
0.25 -1.6283
0.251 -1.74331
0.252 -1.72253
0.253 -1.81684
0.254 -1.85129
0.255 -1.76039
0.256 -1.81305
0.257 -1.73356
0.258 -1.83878
0.259 -1.72557
0.26 -1.76553
0.261 -1.8111
0.262 -1.85538
0.263 -1.7251
0.264 -1.86776
0.265 -1.88011
0.266 -1.81016
0.267 -1.86962
0.268 -1.76464
0.269 -1.88966
0.27 -1.91503
0.271 -1.75797
0.272 -1.91996
0.273 -1.92902
0.274 -2.02348
0.275 -1.95404
0.276 -1.88142
0.277 -1.82891
0.278 -1.96135
0.279 -1.96991
0.28 -1.82615
0.281 -1.99655
0.282 -1.94985
0.283 -1.94025
0.284 -2.00364
0.285 -2.0076
0.286 -1.9441
0.287 -2.01859
0.288 -2.00972
0.289 -2.14627
0.29 -1.98485
0.291 -2.06012
0.292 -1.99893
0.293 -2.00259
0.294 -1.968
0.295 -1.9372
0.296 -1.91086
0.297 -1.92884
0.298 -1.85652
0.299 -1.85742
0.3 -2.01327
0.301 -1.96417
0.302 -2.02809
0.303 -2.11646
0.304 -1.99996
0.305 -2.03903
0.306 -2.13281
0.307 -2.06222
0.308 -2.03969
0.309 -2.08116
0.31 -1.98307
0.311 -2.0892
0.312 -2.12208
0.313 -1.99506
0.314 -2.03277
0.315 -1.99807
0.316 -2.0336
0.317 -2.06948
0.318 -2.09758
0.319 -2.00455
0.32 -2.04349
0.321 -2.03366
0.322 -1.93328
0.323 -2.05558
0.324 -1.95446
0.325 -1.98866
0.326 -2.06471
0.327 -1.98537
0.328 -2.00869
0.329 -2.1032
0.33 -2.03528
0.331 -2.04128
0.332 -2.03404
0.333 -2.00854
0.334 -2.01676
0.335 -2.05779
0.336 -2.12766
0.337 -2.06632
0.338 -2.1326
0.339 -2.10394
0.34 -2.20419
0.341 -2.05137
0.342 -2.09507
0.343 -2.0712
0.344 -2.0102
0.345 -2.24396
0.346 -2.0913
0.347 -2.14911
0.348 -2.0905
0.349 -2.15024
0.35 -2.13137
0.351 -2.10581
0.352 -2.07155
0.353 -2.16509
0.354 -2.20989
0.355 -2.24038
0.356 -2.2258
0.357 -2.17151
0.358 -2.10929
0.359 -2.16028
0.36 -2.14281
0.361 -2.22335
0.362 -2.19046
0.363 -2.19402
0.364 -2.09441
0.365 -2.16435
0.366 -2.2267
0.367 -2.20024
0.368 -2.15344
0.369 -2.2186
0.37 -2.29057
0.371 -2.2112
0.372 -2.18396
0.373 -2.27551
0.374 -2.33818
0.375 -2.22058
0.376 -2.37264
0.377 -2.37221
0.378 -2.30192
0.379 -2.18286
0.38 -2.23798
0.381 -2.28463
0.382 -2.37569
0.383 -2.14974
0.384 -2.32894
0.385 -2.28561
0.386 -2.3905
0.387 -2.3076
0.388 -2.30068
0.389 -2.27923
0.39 -2.25576
0.391 -2.41263
0.392 -2.48975
0.393 -2.44753
0.394 -2.36801
0.395 -2.43521
0.396 -2.27416
0.397 -2.35748
0.398 -2.48511
0.399 -2.37634
0.4 -2.44946
0.401 -2.47932
0.402 -2.40074
0.403 -2.61116
0.404 -2.59046
0.405 -2.42613
0.406 -2.48775
0.407 -2.48958
0.408 -2.40525
0.409 -2.36178
0.41 -2.40642
0.411 -2.43079
0.412 -2.49157
0.413 -2.46423
0.414 -2.41103
0.415 -2.47275
0.416 -2.45467
0.417 -2.57855
0.418 -2.43117
0.419 -2.37527
0.42 -2.52304
0.421 -2.54558
0.422 -2.52925
0.423 -2.49882
0.424 -2.62807
0.425 -2.40403
0.426 -2.47423
0.427 -2.60376
0.428 -2.48887
0.429 -2.58322
0.43 -2.60238
0.431 -2.53773
0.432 -2.44387
0.433 -2.45684
0.434 -2.73916
0.435 -2.48874
0.436 -2.44646
0.437 -2.40132
0.438 -2.64963
0.439 -2.63501
0.44 -2.65443
0.441 -2.50145
0.442 -2.52921
0.443 -2.40996
0.444 -2.51534
0.445 -2.49316
0.446 -2.50738
0.447 -2.46756
0.448 -2.55848
0.449 -2.53486
0.45 -2.59973
0.451 -2.5574
0.452 -2.49264
0.453 -2.51406
0.454 -2.81315
0.455 -2.65822
0.456 -2.58113
0.457 -2.55137
0.458 -2.58734
0.459 -2.64537
0.46 -2.517
0.461 -2.54416
0.462 -2.7464
0.463 -2.53477
0.464 -2.79183
0.465 -2.69512
0.466 -2.54473
0.467 -2.57558
0.468 -2.71294
0.469 -2.63265
0.47 -2.64031
0.471 -2.66822
0.472 -2.75952
0.473 -2.71839
0.474 -2.73451
0.475 -2.81846
0.476 -2.49893
0.477 -2.81842
0.478 -2.68578
0.479 -2.58318
0.48 -2.73656
0.481 -2.69838
0.482 -2.95607
0.483 -2.75355
0.484 -2.76421
0.485 -2.79687
0.486 -2.87249
0.487 -2.68433
0.488 -2.91118
0.489 -2.85276
0.49 -2.8293
0.491 -2.72714
0.492 -2.79657
0.493 -2.92527
0.494 -2.7779
0.495 -2.73489
0.496 -2.98489
0.497 -2.88138
0.498 -2.89235
0.499 -2.7527
0.5 -2.85168
0.501 -2.84659
0.502 -2.83138
0.503 -2.92861
0.504 -2.94878
0.505 -2.96726
0.506 -3.1874
0.507 -3.1065
0.508 -2.79318
0.509 -3.09364
0.51 -3.03226
0.511 -3.03701
0.512 -3.05543
0.513 -3.19605
0.514 -3.16913
0.515 -3.15431
0.516 -3.05128
0.517 -3.07354
0.518 -3.12228
0.519 -2.99503
0.52 -3.10715
0.521 -3.11304
0.522 -3.24717
0.523 -3.09622
0.524 -3.23902
0.525 -3.16228
0.526 -3.24363
0.527 -3.43677
0.528 -3.212
0.529 -3.33242
0.53 -3.20155
0.531 -3.42997
0.532 -3.01642
0.533 -3.36722
0.534 -3.2495
0.535 -3.31041
0.536 -3.19503
0.537 -3.19645
0.538 -3.22784
0.539 -3.10352
0.54 -3.2779
0.541 -3.44429
0.542 -3.31316
0.543 -3.35291
0.544 -2.93208
0.545 -3.13767
0.546 -3.04845
0.547 -3.47502
0.548 -3.46338
0.549 -3.40788
0.55 -3.31048
0.551 -3.6274
0.552 -3.7874
0.553 -3.73283
0.554 -3.41682
0.555 -3.5202
0.556 -3.41099
0.557 -3.09223
0.558 -3.22964
0.559 -3.75129
0.56 -3.42834
0.561 -2.96124
0.562 -3.50413
0.563 -3.34562
0.564 -3.97053
0.565 -3.40306
0.566 -3.85199
0.567 -3.60132
0.568 -3.66616
0.569 -3.56534
0.57 -3.71831
0.571 -4.25974
0.572 -3.5695
0.573 -3.61671
0.574 -3.92911
0.575 -3.65997
0.576 -3.5676
0.577 -3.40822
0.578 -3.67414
0.579 -3.83878
0.58 -3.75723
0.581 -3.69209
0.582 -3.32709
0.583 -3.56333
0.584 -3.70077
0.585 -3.43149
0.586 -3.46963
0.587 -3.96126
0.588 -4.35246
0.589 -3.52755
0.59 -3.65215
0.591 -3.89312
0.592 -3.7662
0.593 -3.91222
0.594 -3.73809
0.595 -3.363
0.596 -4.00693
0.597 -4.39301
0.598 -4.29824
0.599 -4.10818
0.6 -4.21195
0.601 -4.16796
0.602 -4.76452
0.603 -3.85717
0.604 -4.5046
0.605 -4.85955
0.606 -4.02479
0.607 -3.96279
0.608 -3.71159
0.609 -3.32047
0.61 -4.04382
0.611 -3.88781
0.612 -3.41696
0.613 -3.80921
0.614 -3.62051
0.615 -3.88611
0.616 -4.1858
0.617 -3.80625
0.618 -3.9093
0.619 -3.72494
0.62 -3.76805
0.621 -4.63797
0.622 -4.24339
0.623 -3.93205
0.624 -5.29486
0.625 -3.74516
0.626 -4.65185
0.627 -4.376
0.628 -4.21758
0.629 -3.8786
0.63 -4.20246
0.631 -3.65112
0.632 -3.89077
0.633 -3.36661
0.634 -4.43621
0.635 -4.52626
0.636 -4.73433
0.637 -4.48057
0.638 -3.99932
0.64 -4.53974
0.641 -5.36319
0.642 -3.33003
0.644 -4.6206
0.645 -4.39347
0.646 -4.44342
0.647 -4.13559
0.648 -3.76601
0.649 -3.88425
0.65 -4.79578
0.651 -4.51196
0.652 -4.26951
0.653 -5.0661
0.654 -4.7074
0.655 -4.43984
0.656 -3.18673
0.657 -3.55903
0.658 -3.86799
0.659 -4.20651
0.66 -4.38023
0.661 -3.58136
0.662 -4.15117
0.663 -4.59831
0.664 -3.48422
0.665 -4.0854
0.666 -4.1722
0.667 -3.51198
0.668 -3.67527
0.669 -5.50819
0.67 -3.72248
0.671 -3.98141
0.672 -4.22205
0.673 -4.6793
0.674 -4.31642
0.675 -4.97503
0.677 -4.70217
0.678 -4.27364
0.679 -4.81688
0.68 -3.51391
0.681 -4.88866
0.682 -4.29281
0.683 -4.7866
0.684 -2.91756
0.685 -5.01954
0.686 -4.10324
0.687 -4.50533
0.688 -3.86052
0.689 -4.50559
0.69 -4.19369
0.691 -5.26872
0.692 -4.02072
0.693 -5.42402
0.695 -5.61322
0.696 -3.91859
0.697 -4.07808
0.698 -4.33972
0.699 -4.36736
0.701 -5.62764
0.702 -4.14433
0.703 -4.48418
0.704 -3.74503
0.705 -4.71481
0.706 -4.44649
0.708 -4.10894
0.709 -3.79281
0.711 -3.77241
0.712 -4.58126
0.713 -4.33157
0.714 -3.90062
0.717 -4.13505
0.718 -3.10208
0.719 -5.27821
0.72 -5.41961
0.721 -4.24021
0.722 -4.82932
0.725 -5.62011
0.726 -4.38962
0.727 -6.57713
0.728 -3.92322
0.73 -4.3535
0.731 -4.91838
0.733 -3.93905
0.735 -3.47675
0.736 -4.59877
0.738 -4.07495
0.74 -4.74889
0.741 -4.16749
0.742 -3.75078
0.744 -4.6981
0.745 -3.97654
0.747 -5.23161
0.748 -4.91818
0.749 -4.39449
0.75 -4.61285
0.751 -5.3966
0.755 -4.89354
0.758 -4.33254
0.759 -3.28327
0.76 -4.87896
0.761 -4.64195
0.762 -5.07653
0.763 -4.6981
0.764 -4.43414
0.765 -4.09959
0.766 -4.41173
0.767 -4.37595
0.768 -4.74889
0.769 -4.03049
0.771 -4.03119
0.773 -3.66056
0.775 -4.075
0.776 -4.38992
0.777 -4.12182
0.778 -3.63337
0.781 -4.24417
0.783 -4.26318
0.784 -5.3019
0.785 -4.88442
0.786 -4.13645
0.787 -5.83419
0.788 -4.08286
0.789 -4.16548
0.79 -4.77997
0.793 -5.03748
0.795 -4.0164
0.796 -4.37873
0.801 -4.44408
0.803 -4.87514
0.804 -3.55372
0.808 -4.53834
0.809 -4.84953
0.81 -4.53888
0.811 -4.42539
0.812 -3.86018
0.814 -4.15821
0.815 -4.23188
0.817 -4.27073
0.828 -4.53491
0.833 -3.63724
0.837 -4.77997
0.838 -4.03133
0.84 -4.67358
0.844 -4.53888
0.845 -4.32429
0.847 -3.47684
0.85 -4.1837
0.851 -4.88866
0.853 -4.87896
0.858 -4.39228
0.859 -4.72579
0.863 -4.68778
0.866 -5.37479
0.869 -5.1148
0.88 -4.79542
0.881 -4.61035
0.888 -4.2589
0.89 -4.85111
0.892 -3.58172
0.893 -4.84953
0.895 -3.72054
0.906 -3.9567
0.914 -4.35175
0.915 -5.56139
0.917 -4.54581
0.918 -4.44904
0.919 -5.02371
0.927 -4.13519
0.938 -3.90451
0.939 -5.03467
0.943 -4.20656
0.969 -3.95999
0.978 -3.53683
0.985 -5.00926
0.992 -4.56504
1.024 -3.4207
1.03 -4.6687
1.047 -5.10895
1.071 -4.22708
1.087 -5.21862
1.12 -4.52079
1.134 -4.51066
1.153 -4.99123
1.154 -5.03748
1.176 -4.63575
1.183 -3.48794
1.204 -5.28129
1.247 -4.075
1.256 -5.21862
1.257 -4.50825
1.318 -4.60144
1.324 -4.03119
1.333 -4.11289
1.434 -4.59413
1.479 -5.114
1.741 -3.6892
1.874 -4.29067
1.887 -5.00926
 
 
