-1.000000000000000000000000 0.000000000000000000000000 0.000000000000000000000000 0.009523809523809523809524
0.000000000000000000000000 -1.000000000000000000000000 0.000000000000000000000000 0.009523809523809523809524
0.000000000000000000000000 0.000000000000000000000000 -1.000000000000000000000000 0.009523809523809523809524
0.000000000000000000000000 0.000000000000000000000000 1.000000000000000000000000 0.009523809523809523809524
0.000000000000000000000000 1.000000000000000000000000 0.000000000000000000000000 0.009523809523809523809524
0.000000000000000000000000 -0.888073833977115262160765 -0.459700843380983060977634 0.028571428571428571428571
0.000000000000000000000000 -0.888073833977115262160765 0.459700843380983060977634 0.028571428571428571428571
0.000000000000000000000000 0.888073833977115262160765 -0.459700843380983060977634 0.028571428571428571428571
0.000000000000000000000000 0.888073833977115262160765 0.459700843380983060977634 0.028571428571428571428571
0.000000000000000000000000 -0.459700843380983060977634 -0.888073833977115262160765 0.028571428571428571428571
0.000000000000000000000000 -0.459700843380983060977634 0.888073833977115262160765 0.028571428571428571428571
0.000000000000000000000000 0.459700843380983060977634 -0.888073833977115262160765 0.028571428571428571428571
0.000000000000000000000000 0.459700843380983060977634 0.888073833977115262160765 0.028571428571428571428571
1.000000000000000000000000 0.000000000000000000000000 0.000000000000000000000000 0.009523809523809523809524
-0.577350269189625764509149 -0.577350269189625764509149 -0.577350269189625764509149 0.032142857142857142857143
-0.577350269189625764509149 -0.577350269189625764509149 0.577350269189625764509149 0.032142857142857142857143
-0.577350269189625764509149 0.577350269189625764509149 -0.577350269189625764509149 0.032142857142857142857143
-0.577350269189625764509149 0.577350269189625764509149 0.577350269189625764509149 0.032142857142857142857143
0.577350269189625764509149 -0.577350269189625764509149 -0.577350269189625764509149 0.032142857142857142857143
0.577350269189625764509149 -0.577350269189625764509149 0.577350269189625764509149 0.032142857142857142857143
0.577350269189625764509149 0.577350269189625764509149 -0.577350269189625764509149 0.032142857142857142857143
0.577350269189625764509149 0.577350269189625764509149 0.577350269189625764509149 0.032142857142857142857143
-0.888073833977115262160765 0.000000000000000000000000 -0.459700843380983060977634 0.028571428571428571428571
-0.888073833977115262160765 0.000000000000000000000000 0.459700843380983060977634 0.028571428571428571428571
-0.888073833977115262160765 -0.459700843380983060977634 0.000000000000000000000000 0.028571428571428571428571
-0.888073833977115262160765 0.459700843380983060977634 0.000000000000000000000000 0.028571428571428571428571
0.888073833977115262160765 0.000000000000000000000000 -0.459700843380983060977634 0.028571428571428571428571
0.888073833977115262160765 0.000000000000000000000000 0.459700843380983060977634 0.028571428571428571428571
0.888073833977115262160765 -0.459700843380983060977634 0.000000000000000000000000 0.028571428571428571428571
0.888073833977115262160765 0.459700843380983060977634 0.000000000000000000000000 0.028571428571428571428571
-0.459700843380983060977634 0.000000000000000000000000 -0.888073833977115262160765 0.028571428571428571428571
-0.459700843380983060977634 0.000000000000000000000000 0.888073833977115262160765 0.028571428571428571428571
-0.459700843380983060977634 -0.888073833977115262160765 0.000000000000000000000000 0.028571428571428571428571
-0.459700843380983060977634 0.888073833977115262160765 0.000000000000000000000000 0.028571428571428571428571
0.459700843380983060977634 0.000000000000000000000000 -0.888073833977115262160765 0.028571428571428571428571
0.459700843380983060977634 0.000000000000000000000000 0.888073833977115262160765 0.028571428571428571428571
0.459700843380983060977634 -0.888073833977115262160765 0.000000000000000000000000 0.028571428571428571428571
0.459700843380983060977634 0.888073833977115262160765 0.000000000000000000000000 0.028571428571428571428571
