0.003 -1.94046
0.004 -1.55612
0.005 -1.33361
0.006 -1.2134
0.007 -1.09307
0.008 -0.98012
0.009 -0.878397
0.01 -0.790757
0.011 -0.653578
0.012 -0.533093
0.013 -0.405564
0.014 -0.288298
0.015 -0.204341
0.016 -0.124805
0.017 -0.0518528
0.018 0.017525
0.019 0.0862101
0.02 0.124278
0.021 0.158925
0.022 0.183759
0.023 0.185795
0.024 0.232636
0.025 0.234021
0.026 0.237676
0.027 0.249099
0.028 0.257539
0.029 0.248995
0.03 0.261288
0.031 0.274062
0.032 0.28011
0.033 0.267049
0.034 0.261757
0.035 0.254516
0.036 0.245523
0.037 0.239481
0.038 0.238167
0.039 0.244958
0.04 0.250164
0.041 0.255595
0.042 0.254152
0.043 0.258001
0.044 0.252683
0.045 0.250102
0.046 0.229434
0.047 0.22833
0.048 0.216794
0.049 0.230159
0.05 0.218454
0.051 0.227534
0.052 0.219971
0.053 0.229121
0.054 0.199878
0.055 0.221593
0.056 0.223052
0.057 0.201294
0.058 0.189882
0.059 0.190557
0.06 0.19568
0.061 0.180383
0.062 0.183947
0.063 0.17661
0.064 0.177427
0.065 0.154195
0.066 0.161864
0.067 0.141985
0.068 0.14726
0.069 0.133145
0.07 0.158118
0.071 0.119484
0.072 0.120604
0.073 0.11345
0.074 0.0986434
0.075 0.0936716
0.076 0.0994373
0.077 0.0909286
0.078 0.0926493
0.079 0.0932982
0.08 0.0879514
0.081 0.0862275
0.082 0.0797006
0.083 0.0808079
0.084 0.0782178
0.085 0.075495
0.086 0.0874397
0.087 0.0606679
0.088 0.0595749
0.089 0.0576029
0.09 0.0563351
0.091 0.0618843
0.092 0.0398362
0.093 0.0321988
0.094 0.0203035
0.095 0.0288686
0.096 0.0146801
0.097 0.033608
0.098 0.0299225
0.099 0.0275606
0.1 0.0110769
0.101 0.0137332
0.102 -0.00536994
0.103 0.000291986
0.104 -0.0124225
0.105 -0.00718196
0.106 -0.0135017
0.107 -0.0222498
0.108 -0.00879299
0.109 -0.0189127
0.11 -0.0256971
0.111 -0.00973458
0.112 -0.0327335
0.113 -0.0267459
0.114 -0.0341103
0.115 -0.0523151
0.116 -0.0540687
0.117 -0.0777016
0.118 -0.0600056
0.119 -0.0717712
0.12 -0.100959
0.121 -0.0948605
0.122 -0.0775251
0.123 -0.105265
0.124 -0.10542
0.125 -0.0985387
0.126 -0.110204
0.127 -0.127867
0.128 -0.112883
0.129 -0.146709
0.13 -0.115133
0.131 -0.129764
0.132 -0.122929
0.133 -0.110545
0.134 -0.112632
0.135 -0.0926902
0.136 -0.0724838
0.137 -0.0744715
0.138 -0.0653359
0.139 -0.0554309
0.14 -0.0652715
0.141 -0.071319
0.142 -0.0874343
0.143 -0.0798719
0.144 -0.0764616
0.145 -0.0841561
0.146 -0.092402
0.147 -0.098538
0.148 -0.0729269
0.149 -0.0921126
0.15 -0.0997914
0.151 -0.116822
0.152 -0.137589
0.153 -0.121158
0.154 -0.152377
0.155 -0.157701
0.156 -0.15584
0.157 -0.171536
0.158 -0.149861
0.159 -0.174358
0.16 -0.207884
0.161 -0.187256
0.162 -0.205922
0.163 -0.197203
0.164 -0.220947
0.165 -0.21801
0.166 -0.208988
0.167 -0.22719
0.168 -0.238227
0.169 -0.217988
0.17 -0.241181
0.171 -0.23322
0.172 -0.229399
0.173 -0.224424
0.174 -0.235662
0.175 -0.261832
0.176 -0.237234
0.177 -0.254401
0.178 -0.248653
0.179 -0.232896
0.18 -0.244804
0.181 -0.250641
0.182 -0.240543
0.183 -0.222801
0.184 -0.228466
0.185 -0.249699
0.186 -0.256666
0.187 -0.241413
0.188 -0.260394
0.189 -0.252001
0.19 -0.267248
0.191 -0.252061
0.192 -0.280515
0.193 -0.249957
0.194 -0.252007
0.195 -0.272791
0.196 -0.273625
0.197 -0.257962
0.198 -0.268027
0.199 -0.26962
0.2 -0.268664
0.201 -0.281853
0.202 -0.266372
0.203 -0.272473
0.204 -0.292517
0.205 -0.302684
0.206 -0.30431
0.207 -0.294344
0.208 -0.322491
0.209 -0.313863
0.21 -0.318205
0.211 -0.32837
0.212 -0.347368
0.213 -0.316251
0.214 -0.345472
0.215 -0.346696
0.216 -0.320261
0.217 -0.341139
0.218 -0.350977
0.219 -0.36283
0.22 -0.364927
0.221 -0.34704
0.222 -0.373386
0.223 -0.366033
0.224 -0.3799
0.225 -0.392174
0.226 -0.384449
0.227 -0.389737
0.228 -0.389635
0.229 -0.363612
0.23 -0.407044
0.231 -0.366307
0.232 -0.392583
0.233 -0.399795
0.234 -0.411913
0.235 -0.43194
0.236 -0.403921
0.237 -0.407146
0.238 -0.405822
0.239 -0.410552
0.24 -0.411844
0.241 -0.425621
0.242 -0.448912
0.243 -0.441059
0.244 -0.467345
0.245 -0.46946
0.246 -0.460078
0.247 -0.40606
0.248 -0.411037
0.249 -0.41464
0.25 -0.446062
0.251 -0.394353
0.252 -0.400474
0.253 -0.400486
0.254 -0.404256
0.255 -0.409543
0.256 -0.395901
0.257 -0.382671
0.258 -0.419036
0.259 -0.402438
0.26 -0.419022
0.261 -0.434419
0.262 -0.415598
0.263 -0.418502
0.264 -0.426551
0.265 -0.448293
0.266 -0.441012
0.267 -0.431779
0.268 -0.44253
0.269 -0.435647
0.27 -0.462972
0.271 -0.501481
0.272 -0.468094
0.273 -0.463381
0.274 -0.481717
0.275 -0.473518
0.276 -0.487422
0.277 -0.512795
0.278 -0.463077
0.279 -0.487718
0.28 -0.506203
0.281 -0.485298
0.282 -0.51224
0.283 -0.517223
0.284 -0.500813
0.285 -0.487701
0.286 -0.505292
0.287 -0.516017
0.288 -0.517045
0.289 -0.508171
0.29 -0.534762
0.291 -0.52164
0.292 -0.509586
0.293 -0.482857
0.294 -0.517741
0.295 -0.503478
0.296 -0.519625
0.297 -0.489523
0.298 -0.514584
0.299 -0.530446
0.3 -0.54356
0.301 -0.500295
0.302 -0.511133
0.303 -0.523762
0.304 -0.521921
0.305 -0.531372
0.306 -0.507642
0.307 -0.523566
0.308 -0.569812
0.309 -0.561017
0.31 -0.541848
0.311 -0.580954
0.312 -0.568663
0.313 -0.558229
0.314 -0.588196
0.315 -0.555137
0.316 -0.547645
0.317 -0.569657
0.318 -0.554509
0.319 -0.553694
0.32 -0.567404
0.321 -0.60229
0.322 -0.583336
0.323 -0.607767
0.324 -0.623092
0.325 -0.579864
0.326 -0.613839
0.327 -0.594955
0.328 -0.612823
0.329 -0.599199
0.33 -0.598706
0.331 -0.619938
0.332 -0.611617
0.333 -0.600949
0.334 -0.612377
0.335 -0.60923
0.336 -0.613886
0.337 -0.587417
0.338 -0.589915
0.339 -0.600145
0.34 -0.63874
0.341 -0.643147
0.342 -0.628459
0.343 -0.622903
0.344 -0.649793
0.345 -0.649826
0.346 -0.652294
0.347 -0.631328
0.348 -0.637131
0.349 -0.656741
0.35 -0.62947
0.351 -0.6611
0.352 -0.653342
0.353 -0.661988
0.354 -0.676777
0.355 -0.668155
0.356 -0.710063
0.357 -0.7035
0.358 -0.736082
0.359 -0.679074
0.36 -0.694611
0.361 -0.680899
0.362 -0.700689
0.363 -0.681251
0.364 -0.686829
0.365 -0.713715
0.366 -0.705552
0.367 -0.731469
0.368 -0.695235
0.369 -0.72106
0.37 -0.72515
0.371 -0.718018
0.372 -0.731409
0.373 -0.691947
0.374 -0.731086
0.375 -0.706455
0.376 -0.706549
0.377 -0.749876
0.378 -0.776418
0.379 -0.739048
0.38 -0.72839
0.381 -0.75383
0.382 -0.776471
0.383 -0.762421
0.384 -0.772101
0.385 -0.769686
0.386 -0.777921
0.387 -0.758126
0.388 -0.776276
0.389 -0.777868
0.39 -0.732928
0.391 -0.781052
0.392 -0.804115
0.393 -0.798494
0.394 -0.797836
0.395 -0.765588
0.396 -0.769355
0.397 -0.809896
0.398 -0.767657
0.399 -0.789258
0.4 -0.825791
0.401 -0.78619
0.402 -0.830138
0.403 -0.792736
0.404 -0.847329
0.405 -0.818394
0.406 -0.805162
0.407 -0.845218
0.408 -0.891676
0.409 -0.841316
0.41 -0.84838
0.411 -0.822074
0.412 -0.831226
0.413 -0.83559
0.414 -0.872394
0.415 -0.868067
0.416 -0.86961
0.417 -0.917994
0.418 -0.854518
0.419 -0.877844
0.42 -0.878337
0.421 -0.880355
0.422 -0.876382
0.423 -0.861011
0.424 -0.867174
0.425 -0.897813
0.426 -0.884969
0.427 -0.899195
0.428 -0.85618
0.429 -0.856783
0.43 -0.833255
0.431 -0.836433
0.432 -0.874263
0.433 -0.813992
0.434 -0.869474
0.435 -0.870576
0.436 -0.820337
0.437 -0.866433
0.438 -0.859442
0.439 -0.908668
0.44 -0.843428
0.441 -0.833558
0.442 -0.898036
0.443 -0.887875
0.444 -0.874509
0.445 -0.877314
0.446 -0.870303
0.447 -0.878895
0.448 -0.892251
0.449 -0.892022
0.45 -0.929743
0.451 -0.936809
0.452 -0.899484
0.453 -0.928928
0.454 -0.921146
0.455 -0.949489
0.456 -0.921126
0.457 -0.955645
0.458 -0.913849
0.459 -0.924637
0.46 -0.936284
0.461 -0.944764
0.462 -0.937389
0.463 -0.927624
0.464 -0.943184
0.465 -0.92546
0.466 -0.912017
0.467 -0.920926
0.468 -0.948116
0.469 -0.907411
0.47 -0.942484
0.471 -0.98767
0.472 -0.94937
0.473 -0.959442
0.474 -0.926222
0.475 -0.966926
0.476 -0.944235
0.477 -0.950739
0.478 -0.97511
0.479 -0.96235
0.48 -0.948641
0.481 -0.996089
0.482 -0.941303
0.483 -0.991326
0.484 -0.968822
0.485 -0.998361
0.486 -1.04092
0.487 -0.962543
0.488 -1.03158
0.489 -1.06065
0.49 -1.03802
0.491 -1.04216
0.492 -1.06236
0.493 -1.02746
0.494 -1.03823
0.495 -0.995441
0.496 -1.03782
0.497 -1.05345
0.498 -1.05164
0.499 -1.04531
0.5 -1.07352
0.501 -1.01509
0.502 -1.09144
0.503 -1.06518
0.504 -1.09239
0.505 -1.07053
0.506 -1.06865
0.507 -1.11568
0.508 -1.11164
0.509 -1.07502
0.51 -1.0861
0.511 -1.10852
0.512 -1.107
0.513 -1.10961
0.514 -1.10256
0.515 -1.11405
0.516 -1.10573
0.517 -1.10289
0.518 -1.10194
0.519 -1.13487
0.52 -1.09881
0.521 -1.07197
0.522 -1.09416
0.523 -1.08395
0.524 -1.08263
0.525 -1.11755
0.526 -1.16521
0.527 -1.0841
0.528 -1.10435
0.529 -1.09425
0.53 -1.12474
0.531 -1.1166
0.532 -1.15732
0.533 -1.13229
0.534 -1.16235
0.535 -1.17102
0.536 -1.10611
0.537 -1.17552
0.538 -1.11004
0.539 -1.13402
0.54 -1.17217
0.541 -1.19388
0.542 -1.18151
0.543 -1.19456
0.544 -1.19376
0.545 -1.17646
0.546 -1.17754
0.547 -1.15911
0.548 -1.19865
0.549 -1.18548
0.55 -1.24018
0.551 -1.1948
0.552 -1.21389
0.553 -1.26105
0.554 -1.21427
0.555 -1.23975
0.556 -1.24232
0.557 -1.19986
0.558 -1.25154
0.559 -1.2676
0.56 -1.23416
0.561 -1.25898
0.562 -1.2246
0.563 -1.20208
0.564 -1.21947
0.565 -1.23815
0.566 -1.20928
0.567 -1.24706
0.568 -1.20858
0.569 -1.1937
0.57 -1.20707
0.571 -1.23374
0.572 -1.23754
0.573 -1.2389
0.574 -1.26456
0.575 -1.16068
0.576 -1.20303
0.577 -1.23891
0.578 -1.28398
0.579 -1.22446
0.58 -1.21405
0.581 -1.21931
0.582 -1.2858
0.583 -1.1966
0.584 -1.24742
0.585 -1.27786
0.586 -1.24487
0.587 -1.18831
0.588 -1.25424
0.589 -1.24577
0.59 -1.19501
0.591 -1.22077
0.592 -1.20058
0.593 -1.26123
0.594 -1.27076
0.595 -1.25514
0.596 -1.28333
0.597 -1.19714
0.598 -1.24885
0.599 -1.25647
0.6 -1.24776
0.601 -1.26506
0.602 -1.20242
0.603 -1.25525
0.604 -1.21191
0.605 -1.21297
0.606 -1.22943
0.607 -1.28864
0.608 -1.19152
0.609 -1.28855
0.61 -1.23275
0.611 -1.27019
0.612 -1.28522
0.613 -1.26156
0.614 -1.28495
0.615 -1.26732
0.616 -1.31839
0.617 -1.29192
0.618 -1.23384
0.619 -1.29539
0.62 -1.302
0.621 -1.28156
0.622 -1.22048
0.623 -1.30555
0.624 -1.24097
0.625 -1.29029
0.626 -1.2721
0.627 -1.37375
0.628 -1.28268
0.629 -1.3271
0.63 -1.28718
0.631 -1.28541
0.632 -1.26018
0.633 -1.33631
0.634 -1.39146
0.635 -1.2912
0.636 -1.31774
0.637 -1.37022
0.638 -1.33044
0.639 -1.38456
0.64 -1.36164
0.641 -1.39485
0.642 -1.41156
0.643 -1.38081
0.644 -1.37758
0.645 -1.40948
0.646 -1.39337
0.647 -1.36835
0.648 -1.43353
0.649 -1.40734
0.65 -1.378
0.651 -1.4582
0.652 -1.38212
0.653 -1.33591
0.654 -1.3983
0.655 -1.41291
0.656 -1.4196
0.657 -1.42513
0.658 -1.44532
0.659 -1.41373
0.66 -1.40393
0.661 -1.40065
0.662 -1.47242
0.663 -1.44679
0.664 -1.4744
0.665 -1.41817
0.666 -1.5145
0.667 -1.4183
0.668 -1.4817
0.669 -1.52404
0.67 -1.51542
0.671 -1.47504
0.672 -1.51548
0.673 -1.4892
0.674 -1.45073
0.675 -1.52262
0.676 -1.43085
0.677 -1.45787
0.678 -1.58408
0.679 -1.42993
0.68 -1.53182
0.681 -1.43529
0.682 -1.41638
0.683 -1.56673
0.684 -1.54794
0.685 -1.49594
0.686 -1.50175
0.687 -1.52271
0.688 -1.53149
0.689 -1.53639
0.69 -1.55303
0.691 -1.51942
0.692 -1.52224
0.693 -1.50997
0.694 -1.57952
0.695 -1.63182
0.696 -1.52487
0.697 -1.538
0.698 -1.62355
0.699 -1.59933
0.7 -1.50747
0.701 -1.5476
0.702 -1.5629
0.703 -1.60189
0.704 -1.56666
0.705 -1.56384
0.706 -1.56071
0.707 -1.71748
0.708 -1.61299
0.709 -1.63941
0.71 -1.62646
0.711 -1.58264
0.712 -1.73296
0.713 -1.54106
0.714 -1.61661
0.715 -1.71368
0.716 -1.51499
0.717 -1.59993
0.718 -1.60517
0.719 -1.64536
0.72 -1.70301
0.721 -1.63513
0.722 -1.66109
0.723 -1.65843
0.724 -1.63144
0.725 -1.65971
0.726 -1.61726
0.727 -1.69196
0.728 -1.68812
0.729 -1.64379
0.73 -1.79374
0.731 -1.67893
0.732 -1.62598
0.733 -1.64701
0.734 -1.73942
0.735 -1.69934
0.736 -1.74762
0.737 -1.70699
0.738 -1.65945
0.739 -1.79436
0.74 -1.63197
0.741 -1.76928
0.742 -1.75164
0.743 -1.6327
0.744 -1.77813
0.745 -1.77278
0.746 -1.81825
0.747 -1.80135
0.748 -1.79451
0.749 -1.7986
0.75 -1.7293
0.751 -1.70565
0.752 -1.73765
0.753 -1.73277
0.754 -1.828
0.755 -1.74218
0.756 -1.79992
0.757 -1.76407
0.758 -1.7521
0.759 -1.69187
0.76 -1.82812
0.761 -1.89273
0.762 -1.78232
0.763 -1.68733
0.764 -1.71901
0.765 -2.08146
0.766 -1.94868
0.767 -1.86105
0.768 -1.85406
0.769 -1.81562
0.77 -1.78094
0.771 -1.8818
0.772 -1.88211
0.773 -1.85632
0.774 -1.7906
0.775 -1.74909
0.776 -1.85887
0.777 -1.79869
0.778 -1.7037
0.779 -1.97264
0.78 -1.71902
0.781 -1.80506
0.782 -1.89397
0.783 -1.87274
0.784 -1.77513
0.785 -1.809
0.786 -1.86325
0.787 -1.78617
0.788 -1.91033
0.789 -1.88107
0.79 -1.70984
0.791 -1.8386
0.792 -1.89048
0.793 -1.82914
0.794 -1.94344
0.795 -1.77728
0.796 -1.87551
0.797 -1.86008
0.798 -1.90494
0.799 -1.95385
0.8 -1.96665
0.801 -2.02342
0.802 -1.93741
0.803 -2.02711
0.804 -1.90449
0.805 -1.85352
0.806 -2.05157
0.807 -2.05075
0.808 -1.99284
0.809 -1.88596
0.81 -1.79026
0.811 -1.95897
0.812 -1.79281
0.813 -1.84919
0.814 -1.87776
0.815 -1.85538
0.816 -1.98293
0.817 -1.96191
0.818 -1.93046
0.819 -1.91249
0.82 -1.97577
0.821 -1.91594
0.822 -2.01764
0.823 -2.10821
0.824 -1.92772
0.825 -2.02147
0.826 -1.94976
0.827 -1.96001
0.828 -1.92834
0.829 -1.85557
0.83 -1.8042
0.831 -1.8334
0.832 -1.78701
0.833 -2.02496
0.834 -1.95637
0.835 -1.81667
0.836 -1.93593
0.837 -1.83227
0.838 -2.08838
0.839 -1.93517
0.84 -2.05648
0.841 -1.91158
0.842 -1.84114
0.843 -1.97306
0.844 -1.98689
0.845 -2.08629
0.846 -1.94947
0.847 -1.97825
0.848 -2.02935
0.849 -1.98731
0.85 -2.03157
0.851 -2.07898
0.852 -1.913
0.853 -2.24854
0.854 -2.16607
0.855 -2.03394
0.856 -1.98373
0.857 -1.96425
0.858 -2.11173
0.859 -1.81457
0.86 -2.12102
0.861 -1.96837
0.862 -2.04988
0.863 -1.99857
0.864 -1.94133
0.865 -1.98178
0.866 -2.14448
0.867 -2.04785
0.868 -2.06437
0.869 -2.06741
0.87 -2.1615
0.871 -2.00443
0.872 -2.30507
0.873 -1.96007
0.874 -2.10762
0.875 -2.07436
0.876 -2.34167
0.877 -1.95127
0.878 -2.11408
0.879 -1.87194
0.88 -1.97597
0.881 -2.07138
0.882 -2.05979
0.883 -2.36827
0.884 -2.1158
0.885 -2.1507
0.886 -2.10546
0.887 -2.10503
0.888 -1.97359
0.889 -2.00753
0.89 -1.85655
0.891 -2.00352
0.892 -1.95684
0.893 -1.90109
0.894 -2.04101
0.895 -2.06708
0.896 -2.12006
0.897 -2.01331
0.898 -2.06254
0.899 -2.00621
0.9 -1.98199
0.901 -2.04481
0.902 -2.06792
0.903 -2.03928
0.904 -1.94877
0.905 -2.14965
0.906 -2.01901
0.907 -2.10273
0.908 -2.10362
0.909 -1.88821
0.91 -2.06074
0.911 -2.24333
0.912 -2.03499
0.913 -2.09425
0.914 -2.05608
0.915 -2.11384
0.916 -1.97666
0.917 -2.26584
0.918 -2.18253
0.919 -2.32429
0.92 -2.145
0.921 -2.11714
0.922 -1.96192
0.923 -2.24567
0.924 -2.23103
0.925 -2.11507
0.926 -2.12994
0.927 -2.09133
0.928 -2.29903
0.929 -1.98687
0.93 -2.32423
0.931 -2.09272
0.932 -2.22959
0.933 -1.90899
0.934 -1.99296
0.935 -2.02486
0.936 -2.0807
0.937 -2.13727
0.938 -2.01308
0.939 -1.97349
0.94 -2.44237
0.941 -2.12393
0.942 -2.06674
0.943 -2.21727
0.944 -2.211
0.945 -2.0048
0.946 -2.07651
0.947 -2.50405
0.948 -2.16205
0.949 -2.12007
0.95 -2.06444
0.951 -2.15334
0.952 -2.07185
0.953 -2.21158
0.954 -2.3356
0.955 -2.1992
0.956 -2.24424
0.957 -2.10782
0.958 -2.27572
0.959 -2.11221
0.96 -2.08517
0.961 -2.50186
0.962 -2.08186
0.963 -1.96963
0.964 -2.27831
0.965 -2.26823
0.966 -2.29693
0.967 -2.07392
0.968 -2.01353
0.969 -2.17094
0.97 -2.18374
0.971 -2.18979
0.972 -2.17262
0.973 -2.35405
0.974 -2.01307
0.975 -2.04255
0.976 -2.38997
0.977 -2.01882
0.978 -2.04825
0.979 -2.02126
0.98 -2.14392
0.981 -2.14662
0.982 -1.98005
0.983 -2.20307
0.984 -2.39509
0.985 -2.17797
0.986 -2.23774
0.987 -2.19763
0.988 -2.28117
0.989 -2.25797
0.99 -2.29492
0.991 -1.9661
0.992 -2.09551
0.993 -2.04782
0.994 -2.24669
0.995 -2.29962
0.996 -2.20514
0.997 -2.36945
0.998 -2.08783
0.999 -2.32437
1 -2.17363
1.001 -2.05178
1.002 -2.33832
1.003 -2.11522
1.004 -2.23209
1.005 -2.0435
1.006 -2.50319
1.007 -2.12503
1.008 -2.35065
1.009 -2.16824
1.01 -2.24807
1.011 -2.16211
1.012 -2.06447
1.013 -2.28459
1.014 -2.13828
1.015 -2.3687
1.016 -1.93097
1.017 -2.01452
1.018 -2.18189
1.019 -1.82872
1.02 -2.17297
1.021 -2.15372
1.022 -2.1969
1.023 -2.17969
1.024 -2.00528
1.025 -2.35541
1.026 -2.14821
1.027 -2.32243
1.028 -2.08902
1.029 -2.07211
1.03 -2.24539
1.031 -2.25626
1.032 -2.03192
1.033 -2.18437
1.034 -2.26354
1.035 -1.96229
1.036 -2.19068
1.037 -2.30771
1.038 -2.43022
1.039 -2.18019
1.04 -2.21131
1.041 -2.11138
1.042 -2.22445
1.043 -2.10378
1.044 -2.24654
1.045 -2.07259
1.046 -2.19134
1.047 -2.42593
1.048 -2.27001
1.049 -2.05915
1.05 -2.27093
1.051 -2.09987
1.052 -2.35297
1.053 -2.19392
1.054 -2.30957
1.055 -2.17551
1.056 -2.09151
1.057 -2.19128
1.058 -2.01325
1.059 -2.27565
1.06 -2.17741
1.061 -2.14897
1.062 -2.19816
1.063 -2.40171
1.064 -2.20987
1.065 -2.33419
1.066 -2.23603
1.067 -2.10722
1.068 -2.11341
1.069 -2.18885
1.07 -2.61525
1.071 -2.10215
1.072 -2.15315
1.073 -2.33631
1.074 -2.12664
1.075 -2.22088
1.076 -2.32319
1.077 -2.13347
1.078 -2.36327
1.079 -2.30381
1.08 -2.15205
1.081 -2.19035
1.082 -2.29627
1.083 -2.32911
1.084 -2.42593
1.085 -2.44875
1.086 -2.24056
1.087 -2.33815
1.088 -2.2563
1.089 -2.09207
1.09 -2.25175
1.091 -2.22343
1.092 -2.23427
1.093 -2.18379
1.094 -2.20556
1.095 -2.25322
1.096 -2.02931
1.097 -2.16823
1.098 -2.17372
1.099 -2.24274
1.1 -2.26562
1.101 -2.21058
1.102 -2.147
1.103 -2.03129
1.104 -2.36278
1.105 -2.33581
1.106 -2.31265
1.107 -2.42645
1.108 -2.28939
1.109 -2.46062
1.11 -2.4713
1.111 -2.14494
1.112 -2.43365
1.113 -2.44835
1.114 -2.19156
1.115 -2.03513
1.116 -2.21316
1.117 -2.53857
1.118 -2.29502
1.119 -2.4315
1.12 -2.41525
1.121 -2.28671
1.122 -2.41508
1.123 -2.35826
1.124 -2.18597
1.125 -2.06176
1.126 -2.38254
1.127 -2.56146
1.128 -2.33307
1.129 -2.32434
1.13 -2.26861
1.131 -2.43892
1.132 -2.24698
1.133 -2.02908
1.134 -2.46146
1.135 -2.17777
1.136 -2.21476
1.137 -1.9778
1.138 -2.3287
1.139 -2.56946
1.14 -2.39492
1.141 -2.50445
1.142 -2.13916
1.143 -2.39763
1.144 -2.26237
1.145 -2.18701
1.146 -2.50178
1.147 -2.26643
1.148 -2.50079
1.149 -2.72778
1.15 -2.35063
1.151 -2.18379
1.152 -2.43794
1.153 -2.73675
1.154 -2.37275
1.155 -2.19875
1.156 -2.39093
1.157 -2.32034
1.158 -2.17751
1.159 -2.49818
1.16 -2.16645
1.161 -2.30658
1.162 -2.36064
1.163 -2.0939
1.164 -2.31363
1.165 -2.3544
1.166 -2.27575
1.167 -2.37981
1.168 -2.28771
1.169 -2.32317
1.17 -2.26451
1.171 -2.23916
1.172 -2.19798
1.173 -2.53087
1.174 -2.83696
1.175 -2.05687
1.176 -2.57347
1.177 -2.12426
1.178 -2.41948
1.179 -2.26538
1.18 -2.47101
1.181 -2.08741
1.182 -2.52074
1.183 -2.29641
1.184 -2.2467
1.185 -2.37713
1.186 -2.3456
1.187 -2.24077
1.188 -2.45864
1.189 -2.4437
1.19 -2.55935
1.191 -2.47112
1.192 -2.42391
1.193 -2.33987
1.194 -2.21249
1.195 -2.33811
1.196 -2.38565
1.197 -2.25865
1.198 -2.33842
1.199 -2.48608
1.2 -2.25107
1.201 -2.27237
1.202 -2.27735
1.203 -2.34698
1.204 -2.541
1.205 -2.4663
1.206 -2.28646
1.207 -2.29962
1.208 -2.42501
1.209 -2.04039
1.21 -2.44831
1.211 -2.13839
1.212 -2.69098
1.213 -2.39156
1.214 -2.27593
1.215 -2.36808
1.216 -2.2939
1.217 -2.27187
1.218 -2.2253
1.219 -2.28169
1.22 -2.42301
1.221 -2.26582
1.222 -2.2899
1.223 -2.59384
1.224 -2.44553
1.225 -2.81866
1.226 -2.09876
1.227 -2.64225
1.228 -2.1291
1.229 -2.49071
1.23 -2.37811
1.231 -2.41665
1.232 -2.28218
1.233 -2.86219
1.234 -2.35078
1.235 -2.5377
1.236 -2.21243
1.237 -2.31925
1.238 -2.65953
1.239 -2.4993
1.24 -2.74333
1.241 -2.69517
1.242 -2.23686
1.243 -2.33682
1.244 -2.27963
1.245 -2.18925
1.246 -2.70416
1.247 -2.70363
1.248 -2.35247
1.249 -2.41054
1.25 -2.49179
1.251 -2.2686
1.252 -2.46738
1.253 -2.25365
1.254 -2.51106
1.255 -2.95474
1.256 -2.13648
1.257 -2.44339
1.258 -2.68795
1.259 -2.47862
1.26 -2.30664
1.261 -2.72875
1.262 -2.53781
1.263 -2.30744
1.264 -2.26183
1.265 -2.44839
1.266 -1.99738
1.267 -2.54352
1.268 -2.43478
1.269 -2.1894
1.27 -2.21017
1.271 -2.28554
1.272 -2.40164
1.273 -2.6602
1.274 -2.48114
1.275 -2.28532
1.276 -2.1444
1.277 -2.44818
1.278 -2.3033
1.279 -2.21178
1.28 -2.56198
1.281 -2.24474
1.282 -2.56666
1.283 -2.41506
1.284 -2.57221
1.285 -2.40894
1.286 -2.32485
1.287 -2.68135
1.288 -2.52817
1.289 -2.23917
1.29 -2.3892
1.291 -2.30178
1.292 -2.74724
1.293 -2.35086
1.294 -2.22651
1.295 -2.18675
1.296 -2.40075
1.297 -2.84725
1.298 -2.4509
1.299 -2.42019
1.3 -2.40779
1.301 -2.68517
1.302 -2.65449
1.303 -2.58497
1.304 -2.21716
1.305 -2.44324
1.306 -2.52715
1.307 -2.42901
1.308 -2.82158
1.309 -2.27664
1.31 -2.39216
1.311 -2.56694
1.312 -2.45438
1.313 -2.26012
1.314 -2.33996
1.315 -2.25831
1.316 -2.23185
1.317 -2.64765
1.318 -2.39653
1.319 -2.3071
1.32 -2.43543
1.321 -2.45763
1.322 -2.45147
1.323 -2.40687
1.324 -2.33245
1.325 -2.19854
1.326 -3.06176
1.327 -2.3196
1.328 -2.47046
1.329 -2.17571
1.33 -2.4394
1.331 -2.35068
1.332 -2.77263
1.333 -2.61593
1.334 -2.38214
1.335 -2.4966
1.336 -2.86652
1.337 -2.27225
1.338 -2.38192
1.339 -2.28944
1.34 -2.73583
1.341 -2.3919
1.342 -2.256
1.343 -2.35533
1.344 -2.43619
1.345 -2.36548
1.346 -2.57459
1.347 -2.45579
1.348 -2.55854
1.349 -2.73313
1.35 -2.43914
1.351 -2.76464
1.352 -2.80008
1.353 -2.53975
1.354 -2.07834
1.355 -2.72062
1.356 -3.05287
1.357 -2.42659
1.358 -2.62097
1.359 -2.43644
1.36 -2.68578
1.361 -2.33051
1.362 -2.19754
1.363 -2.45439
1.364 -2.46407
1.365 -2.3495
1.366 -2.6647
1.367 -2.44394
1.368 -2.36832
1.369 -2.43118
1.37 -2.54995
1.371 -2.37268
1.372 -2.54753
1.373 -2.55503
1.374 -2.1097
1.375 -2.47856
1.376 -2.67456
1.377 -2.1082
1.378 -2.59391
1.379 -2.17059
1.38 -2.66985
1.381 -2.26009
1.382 -2.73074
1.383 -2.24855
1.384 -3.11518
1.385 -2.46559
1.386 -2.37676
1.387 -2.67564
1.388 -2.43923
1.389 -2.20566
1.39 -2.63905
1.391 -2.32214
1.392 -3.13312
1.393 -2.59436
1.394 -2.53261
1.395 -2.66809
1.396 -2.55451
1.397 -3.01582
1.398 -2.62977
1.399 -2.62639
1.4 -2.74647
1.401 -2.79355
1.402 -2.72339
1.403 -2.59739
1.404 -2.39834
1.405 -2.31778
1.406 -2.61346
1.407 -2.2303
1.408 -2.83016
1.409 -2.47332
1.41 -2.70778
1.411 -2.44799
1.412 -2.33062
1.413 -2.45363
1.414 -2.45104
1.415 -2.75379
1.416 -2.29854
1.417 -2.63022
1.418 -2.3561
1.419 -2.87566
1.42 -2.37912
1.421 -2.42446
1.422 -2.31869
1.423 -2.48613
1.424 -2.52143
1.425 -2.33393
1.426 -2.46885
1.427 -2.3122
1.428 -2.62924
1.429 -2.93904
1.43 -2.42294
1.431 -2.33479
1.432 -2.77529
1.433 -2.19236
1.434 -2.42609
1.435 -2.57863
1.436 -2.17378
1.437 -2.39829
1.438 -2.55579
1.439 -2.66854
1.44 -2.75686
1.441 -2.40778
1.442 -2.51378
1.443 -2.28087
1.444 -2.62608
1.445 -2.46599
1.446 -2.44803
1.447 -2.15126
1.448 -2.58916
1.449 -2.4103
1.45 -2.88549
1.451 -2.44786
1.452 -2.46855
1.453 -2.50621
1.454 -2.59463
1.455 -2.75117
1.456 -2.48223
1.457 -2.60119
1.458 -2.68951
1.459 -2.79154
1.46 -2.80794
1.461 -2.42372
1.462 -2.85647
1.463 -2.42134
1.464 -2.56955
1.465 -2.39783
1.466 -2.34482
1.467 -2.36108
1.468 -3.21586
1.469 -2.92291
1.47 -2.43277
1.471 -2.90652
1.472 -2.66885
1.473 -2.35192
1.474 -2.61176
1.475 -3.09242
1.476 -2.83642
1.477 -3.04878
1.478 -2.5752
1.479 -2.47848
1.48 -2.34789
1.481 -2.34192
1.482 -2.33823
1.483 -2.46161
1.484 -2.31035
1.485 -2.51108
1.486 -2.49543
1.487 -2.78426
1.488 -2.45391
1.489 -2.42078
1.49 -2.55307
1.491 -2.56425
1.492 -2.33661
1.493 -2.42539
1.494 -2.4519
1.495 -2.46131
1.496 -2.60677
1.497 -2.82891
1.498 -2.80785
1.499 -2.34731
1.5 -2.58036
1.501 -2.62025
1.502 -2.55089
1.503 -2.60646
1.504 -2.50679
1.505 -2.43315
1.506 -2.40923
1.507 -2.91479
1.508 -3.35703
1.509 -2.68967
1.51 -2.85333
1.511 -2.91229
1.512 -2.65263
1.513 -2.44207
1.514 -2.62691
1.515 -2.77895
1.516 -2.36092
1.517 -2.70476
1.518 -2.71134
1.519 -2.69983
1.52 -2.55572
1.521 -3.06534
1.522 -2.31045
1.523 -2.51782
1.524 -2.415
1.525 -3.01742
1.526 -2.51429
1.527 -2.38939
1.528 -2.66917
1.529 -2.35083
1.53 -2.81141
1.531 -2.97245
1.532 -2.6733
1.533 -2.50071
1.534 -2.55459
1.535 -2.41861
1.536 -2.4472
1.537 -2.593
1.538 -2.42467
1.539 -2.45122
1.54 -2.51397
1.541 -2.50742
1.542 -2.67452
1.543 -2.51676
1.544 -2.65439
1.545 -2.67343
1.546 -3.06397
1.547 -2.59695
1.548 -2.60765
1.549 -2.4671
1.55 -2.39158
1.551 -2.71944
1.552 -2.65746
1.553 -2.33173
1.554 -2.65751
1.555 -2.89498
1.556 -2.41372
1.557 -2.53244
1.558 -2.45429
1.559 -2.97343
1.56 -2.37368
1.561 -2.41744
1.562 -2.83293
1.563 -2.86136
1.564 -2.36376
1.565 -2.65652
1.566 -2.51769
1.567 -4.08278
1.568 -3.73842
1.569 -2.75988
1.57 -2.82059
1.571 -2.54567
1.572 -2.33993
1.573 -2.69311
1.574 -3.32977
1.575 -2.61805
1.576 -2.84228
1.577 -2.72802
1.578 -2.8587
1.579 -2.80988
1.58 -2.69573
1.581 -2.44911
1.582 -2.43467
1.583 -2.38628
1.584 -2.50672
1.585 -3.1663
1.586 -2.1356
1.587 -2.3096
1.588 -2.59239
1.589 -2.72861
1.59 -2.8602
1.591 -2.51537
1.592 -2.88154
1.593 -2.73129
1.594 -2.73655
1.595 -2.73161
1.596 -2.33983
1.597 -2.81392
1.598 -2.66029
1.599 -2.90712
1.6 -2.40245
1.601 -2.49003
1.602 -2.19201
1.603 -2.67605
1.604 -2.87247
1.605 -2.59489
1.606 -2.77808
1.607 -2.54635
1.608 -2.77946
1.609 -3.04242
1.61 -3.01227
1.611 -2.70397
1.612 -2.40156
1.613 -2.92336
1.614 -2.7023
1.615 -2.53736
1.616 -2.48704
1.617 -2.63525
1.618 -2.85261
1.619 -2.46238
1.62 -2.50735
1.621 -2.88004
1.622 -3.72447
1.623 -2.64418
1.624 -3.02442
1.625 -2.51368
1.626 -2.23517
1.627 -2.45558
1.628 -2.84041
1.629 -2.86293
1.63 -2.78246
1.631 -2.60799
1.632 -3.05505
1.633 -2.55926
1.634 -2.53426
1.635 -2.73993
1.636 -2.88607
1.637 -2.61568
1.638 -2.51583
1.639 -2.47647
1.64 -2.549
1.641 -2.56779
1.642 -2.49744
1.643 -2.38604
1.644 -2.74894
1.645 -3.00099
1.646 -2.44083
1.647 -2.83642
1.648 -2.48465
1.649 -2.39962
1.65 -2.62603
1.651 -2.72082
1.652 -2.23863
1.653 -2.52804
1.654 -2.64934
1.655 -3.69387
1.656 -2.70122
1.657 -2.31492
1.658 -3.20315
1.659 -2.49038
1.66 -2.69935
1.661 -2.38434
1.662 -2.46461
1.663 -2.65169
1.664 -2.92724
1.665 -2.75555
1.666 -2.20704
1.667 -2.81717
1.668 -2.33903
1.669 -3.28866
1.67 -2.65919
1.671 -2.49305
1.672 -2.67771
1.673 -2.32358
1.674 -2.5302
1.675 -2.48502
1.676 -3.99006
1.677 -3.25728
1.678 -2.8496
1.679 -2.51242
1.68 -2.32715
1.681 -2.6386
1.682 -2.48325
1.683 -2.89096
1.684 -2.80205
1.685 -3.06541
1.686 -2.70484
1.687 -2.64363
1.688 -2.67404
1.689 -2.44876
1.69 -2.74658
1.691 -3.09178
1.692 -2.75164
1.693 -2.72294
1.694 -2.88201
1.695 -2.53197
1.696 -2.44765
1.697 -2.67548
1.698 -2.41243
1.699 -2.56676
1.7 -2.66881
1.701 -2.42703
1.702 -2.85621
1.703 -2.5168
1.704 -2.84246
1.705 -2.89738
1.706 -2.8646
1.707 -3.50071
1.708 -2.68203
1.709 -2.88381
1.71 -2.79471
1.711 -2.58411
1.712 -2.40688
1.713 -2.45098
1.714 -3.02886
1.715 -2.74119
1.716 -2.85742
1.717 -2.7042
1.718 -2.73294
1.719 -2.84703
1.72 -2.88993
1.721 -2.54688
1.722 -2.38882
1.723 -2.91515
1.724 -2.4427
1.725 -2.76876
1.726 -2.62406
1.727 -2.78421
1.728 -2.57855
1.729 -2.71075
1.73 -2.7152
1.731 -2.74263
1.732 -2.78933
1.733 -2.63282
1.734 -2.50064
1.735 -2.51035
1.736 -2.91295
1.737 -2.57536
1.738 -2.77086
1.739 -2.51001
1.74 -2.7642
1.741 -2.65559
1.742 -3.1212
1.743 -2.57022
1.744 -2.74767
1.745 -2.59692
1.746 -2.7117
1.747 -2.48044
1.748 -2.56263
1.749 -2.5575
1.75 -2.26272
1.751 -2.67049
1.752 -2.64875
1.753 -2.90109
1.754 -2.82919
1.755 -3.37303
1.756 -2.50027
1.757 -2.63742
1.758 -3.04925
1.759 -2.40361
1.76 -2.46855
1.761 -2.35851
1.762 -2.65816
1.763 -2.4396
1.764 -2.64445
1.765 -3.09424
1.766 -2.83571
1.767 -2.6315
1.768 -3.00109
1.769 -2.66876
1.77 -2.86261
1.771 -2.51262
1.772 -2.53065
1.773 -2.80453
1.774 -2.61712
1.775 -4.13378
1.776 -2.29236
1.777 -3.04086
1.778 -2.74282
1.779 -3.16441
1.78 -2.66586
1.781 -2.67423
1.782 -2.67982
1.783 -2.61313
1.784 -2.60011
1.785 -2.51587
1.786 -2.85661
1.787 -2.48137
1.788 -2.71806
1.789 -2.80673
1.79 -2.60878
1.791 -2.74794
1.792 -2.41732
1.793 -2.65734
1.794 -2.31493
1.795 -2.66283
1.796 -2.66033
1.797 -2.75332
1.798 -2.80058
1.799 -2.80989
1.8 -2.37978
1.801 -2.77776
1.802 -3.14709
1.803 -2.92802
1.804 -3.09966
1.805 -2.61158
1.806 -2.40114
1.807 -2.84135
1.808 -2.31874
1.809 -2.65257
1.81 -2.7664
1.811 -2.78527
1.812 -2.38031
1.813 -2.50716
1.814 -2.77005
1.815 -2.85937
1.816 -2.93881
1.817 -2.90732
1.818 -2.7137
1.819 -2.70363
1.82 -2.94252
1.821 -2.48269
1.822 -3.299
1.823 -3.14229
1.824 -3.05191
1.825 -2.59431
1.826 -2.73634
1.827 -3.01877
1.828 -2.35358
1.829 -3.12507
1.83 -3.23211
1.831 -2.82476
1.832 -2.31273
1.833 -2.49394
1.834 -3.18134
1.835 -2.4533
1.836 -2.50559
1.837 -3.21346
1.838 -2.90853
1.839 -3.28238
1.84 -2.65295
1.841 -2.54308
1.842 -2.45032
1.843 -2.66838
1.844 -2.8206
1.845 -2.50083
1.846 -2.60022
1.847 -2.58529
1.848 -3.08732
1.849 -2.38672
1.85 -2.75133
1.851 -2.64303
1.852 -2.84824
1.853 -2.7904
1.854 -3.62496
1.855 -2.9334
1.856 -2.89623
1.857 -2.71847
1.858 -2.27666
1.859 -2.87956
1.86 -3.19059
1.861 -2.66013
1.862 -2.74721
1.863 -2.4871
1.864 -2.55339
1.865 -2.96245
1.866 -3.11538
1.867 -2.7844
1.868 -2.80484
1.869 -3.26132
1.87 -2.71932
1.871 -3.01614
1.872 -2.58313
1.873 -2.86767
1.874 -2.89179
1.875 -2.80463
1.876 -2.88647
1.877 -2.73426
1.878 -2.68488
1.879 -2.42121
1.88 -2.56534
1.881 -2.8997
1.882 -3.22782
1.883 -3.13059
1.884 -2.65758
1.885 -3.05708
1.886 -2.48095
1.887 -2.84638
1.888 -2.75542
1.889 -2.7754
1.89 -2.42012
1.891 -2.97749
1.892 -2.77232
1.893 -2.6476
1.894 -2.62864
1.895 -3.97434
1.896 -2.6687
1.897 -2.68846
1.898 -2.96957
1.899 -3.77272
1.9 -2.39864
1.901 -2.52912
1.902 -2.32029
1.903 -3.23949
1.904 -2.48897
1.905 -2.26026
1.906 -2.49015
1.907 -2.85212
1.908 -2.67645
1.909 -2.55806
1.91 -2.40891
1.911 -2.6775
1.912 -2.47305
1.913 -2.5462
1.914 -2.80596
1.915 -2.86033
1.916 -4.34378
1.917 -3.37195
1.918 -2.53957
1.919 -2.69761
1.92 -2.77681
1.921 -2.45416
1.922 -2.46933
1.923 -2.70981
1.924 -2.68875
1.925 -2.4375
1.926 -2.84694
1.927 -2.4289
1.928 -3.27358
1.929 -2.80459
1.93 -3.08572
1.931 -2.61045
1.932 -2.91352
1.933 -2.6305
1.934 -2.77469
1.935 -2.65505
1.936 -3.30476
1.937 -2.72788
1.938 -2.57347
1.939 -3.18877
1.94 -2.48904
1.941 -3.15874
1.942 -2.61444
1.943 -2.76565
1.944 -2.4094
1.945 -2.68022
1.946 -3.23176
1.947 -2.52665
1.948 -2.87455
1.949 -3.08671
1.95 -2.66144
1.951 -2.43688
1.952 -2.4824
1.953 -2.6353
1.954 -2.72114
1.955 -2.6045
1.956 -2.48475
1.957 -3.01233
1.958 -2.48849
1.959 -3.0429
1.96 -2.80253
1.961 -2.52138
1.962 -2.59075
1.963 -2.87386
1.964 -3.96224
1.965 -2.67761
1.966 -2.87065
1.967 -3.17692
1.968 -2.68737
1.969 -2.82804
1.97 -2.5434
1.971 -2.68206
1.972 -2.97512
1.973 -2.9628
1.974 -2.30378
1.975 -2.80771
1.976 -3.26344
1.977 -2.90045
1.978 -2.50133
1.979 -2.5268
1.98 -2.97066
1.981 -2.76723
1.982 -3.18126
1.983 -2.54282
1.984 -3.12958
1.985 -2.65866
1.986 -2.56792
1.987 -2.87552
1.988 -2.694
1.989 -3.00827
1.99 -2.6483
1.991 -2.90964
1.992 -3.04825
1.993 -2.62917
1.994 -2.68888
1.995 -3.07845
1.996 -3.34959
1.997 -2.52355
1.998 -2.67337
1.999 -3.04589
2 -2.36911
2.001 -2.70835
2.002 -2.7943
2.003 -2.66189
2.004 -2.5705
2.005 -2.87672
2.006 -2.44869
2.007 -2.27391
2.008 -3.10419
2.009 -2.61448
2.01 -2.86537
2.011 -2.69589
2.012 -3.66815
2.013 -2.9997
2.014 -2.60168
2.015 -2.60085
2.016 -2.59942
2.017 -2.82676
2.018 -2.68909
2.019 -2.56613
2.02 -2.88744
2.021 -2.66796
2.022 -2.83629
2.023 -2.48481
2.024 -2.70637
2.025 -3.48678
2.026 -2.89213
2.027 -2.73606
2.028 -2.68909
2.029 -2.71059
2.03 -2.7742
2.031 -3.85165
2.032 -2.63252
2.033 -2.39749
2.034 -2.98882
2.035 -2.60408
2.036 -2.57276
2.037 -2.74361
2.038 -3.49937
2.039 -3.16949
2.04 -2.81049
2.041 -2.67442
2.042 -3.23632
2.043 -2.72373
2.044 -3.04638
2.045 -2.62186
2.046 -3.02198
2.047 -2.54925
2.048 -2.52104
2.049 -2.97623
2.05 -2.59079
2.051 -2.8847
2.052 -2.93512
2.053 -3.1004
2.054 -2.6689
2.055 -2.38683
2.056 -3.42111
2.057 -2.66989
2.058 -2.77288
2.059 -2.53758
2.06 -3.0352
2.061 -2.77602
2.062 -2.42317
2.063 -3.17484
2.064 -2.68687
2.065 -2.73366
2.066 -2.61407
2.067 -2.81513
2.068 -2.95081
2.069 -4.44728
2.07 -2.74361
2.071 -3.08271
2.072 -2.69314
2.073 -5.41918
2.074 -2.63382
2.075 -2.66654
2.076 -3.24102
2.077 -2.44104
2.078 -2.89077
2.079 -3.76262
2.08 -2.96697
2.081 -3.07169
2.082 -3.03706
2.083 -2.5719
2.084 -2.67864
2.085 -3.38139
2.086 -2.9814
2.087 -2.87707
2.088 -2.58692
2.089 -2.53834
2.09 -2.33099
2.091 -2.78742
2.092 -2.82374
2.093 -3.10925
2.094 -2.82149
2.095 -2.84513
2.096 -2.50225
2.097 -3.33046
2.098 -2.87727
2.099 -2.42662
2.1 -2.66543
2.101 -4.18695
2.102 -2.79336
2.103 -3.31976
2.104 -2.45081
2.105 -2.98198
2.106 -2.70126
2.107 -2.84677
2.108 -3.34779
2.109 -2.91637
2.11 -3.09106
2.111 -2.8142
2.112 -3.28134
2.113 -2.91377
2.114 -4.00243
2.115 -2.84041
2.116 -2.97305
2.117 -2.51597
2.118 -2.8259
2.119 -3.13984
2.12 -2.8595
2.121 -2.91817
2.122 -2.89864
2.123 -3.07265
2.124 -2.38832
2.125 -2.78837
2.126 -2.77878
2.127 -2.70971
2.128 -2.83752
2.129 -3.07452
2.13 -3.45214
2.131 -3.16943
2.132 -3.47945
2.133 -3.00342
2.134 -2.45293
2.135 -2.57463
2.136 -2.64583
2.137 -2.50606
2.138 -2.89067
2.139 -3.26539
2.14 -3.18945
2.141 -2.89404
2.142 -3.20194
2.143 -2.72185
2.144 -4.06954
2.145 -2.7066
2.146 -3.11931
2.147 -2.64858
2.148 -3.38269
2.149 -3.00691
2.15 -2.82869
2.151 -3.06865
2.152 -2.53155
2.153 -2.45374
2.154 -2.38018
2.155 -2.82924
2.156 -3.72695
2.157 -2.80329
2.158 -4.6736
2.159 -2.85931
2.16 -2.7881
2.161 -2.65822
2.162 -3.35059
2.163 -2.77474
2.164 -2.87146
2.165 -2.98678
2.166 -2.70762
2.167 -2.46941
2.168 -2.75095
2.169 -2.65065
2.17 -2.50036
2.171 -3.17388
2.172 -2.95873
2.173 -2.84483
2.174 -2.86773
2.175 -2.91669
2.176 -2.54729
2.177 -2.79002
2.178 -2.53851
2.179 -2.80577
2.18 -2.58755
2.181 -2.9964
2.182 -2.30345
2.183 -2.63362
2.184 -2.87152
2.185 -2.78265
2.186 -2.66608
2.187 -2.56196
2.188 -3.19701
2.189 -2.66016
2.19 -2.69875
2.191 -3.87006
2.192 -2.81479
2.193 -3.30855
2.194 -3.37333
2.195 -2.78537
2.196 -3.86704
2.197 -2.76155
2.198 -2.63895
2.199 -2.47301
2.2 -2.51783
2.201 -3.21508
2.202 -2.92292
2.203 -2.65452
2.204 -2.31349
2.205 -2.595
2.206 -3.16579
2.207 -2.8106
2.208 -2.6809
2.209 -2.77315
2.21 -3.84638
2.211 -2.8538
2.212 -2.8039
2.213 -2.84909
2.214 -3.84948
2.215 -3.3424
2.216 -2.74746
2.217 -3.40435
2.218 -4.53322
2.219 -2.90255
2.22 -3.12042
2.221 -4.414
2.222 -2.86572
2.223 -2.84728
2.224 -2.89122
2.225 -3.38256
2.226 -2.58073
2.227 -2.77362
2.228 -2.87286
2.229 -3.0125
2.23 -2.74245
2.231 -2.84062
2.232 -2.49393
2.233 -2.49697
2.234 -3.49473
2.235 -2.78648
2.236 -2.58212
2.237 -2.65166
2.238 -2.62966
2.239 -2.72381
2.24 -2.44912
2.241 -2.58287
2.242 -2.98844
2.243 -3.26238
2.244 -2.93248
2.245 -2.93354
2.246 -2.66146
2.247 -2.83318
2.248 -2.4837
2.249 -2.64883
2.25 -4.53228
2.251 -3.08031
2.252 -2.65345
2.253 -2.93298
2.254 -2.90953
2.255 -5.7135
2.256 -2.7063
2.257 -2.72977
2.258 -3.47546
2.259 -2.54378
2.26 -2.8234
2.261 -2.69707
2.262 -2.52881
2.263 -4.37298
2.264 -3.11432
2.265 -2.62134
2.266 -2.58663
2.267 -2.87446
2.268 -2.74764
2.269 -4.3354
2.27 -3.06826
2.271 -2.78622
2.272 -3.22856
2.273 -2.78752
2.274 -3.32384
2.275 -2.6967
2.276 -2.32981
2.277 -3.00396
2.278 -2.86671
2.279 -2.3858
2.28 -2.97017
2.281 -2.66257
2.282 -2.60132
2.283 -2.62892
2.284 -2.84968
2.285 -3.62746
2.286 -2.42653
2.287 -3.22952
2.288 -2.64913
2.289 -2.43905
2.29 -3.28614
2.291 -2.66821
2.292 -2.55555
2.293 -2.59717
2.294 -2.48074
2.295 -2.76474
2.296 -2.81873
2.297 -4.12551
2.298 -2.69472
2.299 -4.68489
2.3 -2.699
2.301 -3.63865
2.302 -2.68734
2.303 -3.40678
2.304 -2.88846
2.305 -2.99522
2.306 -3.12623
2.307 -2.43868
2.308 -2.47323
2.309 -3.47365
2.31 -2.60842
2.311 -2.51868
2.312 -4.20257
2.313 -2.73453
2.314 -2.91575
2.315 -2.622
2.316 -2.84229
2.317 -2.57017
2.318 -3.21113
2.319 -2.63108
2.32 -4.28005
2.321 -2.89465
2.322 -2.77693
2.323 -2.70419
2.324 -2.79297
2.325 -3.0942
2.326 -2.65503
2.327 -2.95398
2.328 -4.06317
2.329 -2.93002
2.33 -3.05138
2.331 -2.99738
2.332 -2.62369
2.333 -2.34695
2.334 -2.72174
2.335 -2.85381
2.336 -2.80627
2.337 -3.18964
2.338 -3.17276
2.339 -2.88209
2.34 -3.02243
2.341 -2.71659
2.342 -4.62869
2.343 -2.48576
2.344 -2.6985
2.345 -3.25543
2.346 -2.54136
2.347 -2.91238
2.348 -2.70873
2.349 -3.41885
2.35 -2.76738
2.351 -2.72213
2.352 -2.67034
2.353 -2.68154
2.354 -2.71307
2.355 -4.06227
2.356 -2.77506
2.357 -2.3759
2.358 -2.81672
2.359 -4.71793
2.36 -2.64965
2.361 -2.56603
2.362 -2.46463
2.363 -3.20239
2.364 -3.22531
2.365 -3.31697
2.366 -3.05874
2.367 -2.8207
2.368 -3.32346
2.369 -2.65708
2.37 -2.50392
2.371 -2.72745
2.372 -2.79874
2.373 -2.92083
2.374 -2.80571
2.375 -2.8776
2.376 -2.68175
2.377 -2.85835
2.378 -3.40991
2.379 -2.77975
2.38 -2.92585
2.381 -2.80121
2.382 -2.78749
2.383 -2.94733
2.384 -2.838
2.385 -2.64978
2.386 -2.68867
2.387 -2.75036
2.388 -2.43621
2.389 -2.60189
2.39 -2.99114
2.391 -2.6309
2.392 -2.81265
2.393 -2.24291
2.394 -2.82139
2.395 -2.91909
2.396 -2.5668
2.397 -3.33829
2.398 -4.11485
2.399 -3.01815
2.4 -2.83359
2.401 -3.3784
2.402 -3.07762
2.403 -2.61618
2.404 -2.62667
2.405 -2.93926
2.406 -2.64242
2.407 -2.84249
2.408 -2.78175
2.409 -4.51141
2.41 -2.88554
2.411 -3.86005
2.412 -2.785
2.413 -2.66028
2.414 -2.69448
2.415 -2.95146
2.416 -2.8209
2.417 -2.60357
2.418 -2.6285
2.419 -2.85649
2.42 -2.86599
2.421 -2.4692
2.422 -3.00571
2.423 -2.77147
2.424 -2.74152
2.425 -2.78526
2.426 -2.94584
2.427 -2.71641
2.428 -3.80295
2.429 -2.50971
2.43 -2.496
2.431 -3.23335
2.432 -2.2065
2.433 -2.53328
2.434 -2.91682
2.435 -2.90198
2.436 -2.84653
2.437 -2.70895
2.438 -3.46214
2.439 -3.23321
2.44 -2.8075
2.441 -3.15194
2.442 -2.89998
2.443 -2.91731
2.444 -2.73842
2.445 -4.18927
2.446 -2.88966
2.447 -2.73142
2.448 -2.78894
2.449 -2.80217
2.45 -4.22375
2.451 -2.97959
2.452 -3.3591
2.453 -3.34852
2.454 -4.0887
2.455 -2.87004
2.457 -3.69865
2.458 -4.92584
2.459 -3.06173
2.46 -2.83341
2.461 -2.92586
2.462 -4.57987
2.463 -2.95369
2.464 -3.45339
2.465 -3.0041
2.466 -3.15713
2.467 -2.79076
2.468 -3.64171
2.469 -2.4772
2.47 -2.84545
2.471 -2.51816
2.472 -2.81584
2.473 -2.70575
2.474 -3.03365
2.475 -2.70164
2.476 -3.20807
2.477 -2.52141
2.478 -2.85826
2.479 -2.89727
2.48 -2.71244
2.481 -2.93092
2.482 -2.87171
2.483 -3.24687
2.484 -3.00701
2.485 -2.92712
2.486 -2.36694
2.487 -2.75209
2.488 -2.68766
2.489 -2.9853
2.49 -2.70212
2.491 -2.91489
2.492 -2.7442
2.493 -2.96277
2.494 -2.74566
2.495 -2.77178
2.496 -4.18513
2.497 -2.74131
2.498 -2.90012
2.499 -3.15655
2.5 -2.68721
2.501 -2.68313
2.502 -2.69868
2.503 -2.87966
2.504 -2.94786
2.505 -2.99577
2.506 -3.78186
2.507 -3.78387
2.508 -2.81991
2.509 -3.36674
2.51 -2.6843
2.511 -4.31092
2.512 -2.85519
2.513 -2.9583
2.514 -3.16571
2.515 -3.08177
2.516 -3.50499
2.517 -2.74541
2.518 -3.19041
2.519 -4.62881
2.52 -2.91736
2.521 -2.88776
2.522 -2.97158
2.523 -2.79377
2.524 -2.47193
2.525 -3.40866
2.526 -2.6834
2.527 -3.12042
2.529 -3.01614
2.53 -2.71424
2.531 -3.6446
2.532 -2.92382
2.533 -3.47493
2.534 -3.10303
2.535 -3.1479
2.536 -2.74635
2.537 -3.26416
2.538 -2.8927
2.539 -3.11417
2.54 -3.22421
2.541 -3.05811
2.542 -2.60615
2.543 -3.18506
2.544 -2.92668
2.545 -2.73037
2.546 -4.39757
2.547 -3.34042
2.548 -4.44857
2.549 -3.22246
2.55 -2.99295
2.551 -3.40916
2.552 -3.11424
2.553 -2.85827
2.554 -3.03291
2.555 -3.47405
2.556 -3.39363
2.557 -2.53761
2.558 -3.22101
2.559 -2.79353
2.56 -4.03466
2.561 -4.44896
2.562 -3.29445
2.563 -3.25708
2.564 -4.38798
2.565 -3.16295
2.566 -2.75319
2.567 -3.04887
2.568 -2.93348
2.569 -3.00707
2.571 -4.61068
2.572 -5.09117
2.573 -2.91308
2.574 -4.58314
2.575 -2.54415
2.576 -4.47211
2.577 -2.91993
2.578 -3.29516
2.579 -3.11145
2.58 -2.70322
2.581 -3.8143
2.582 -2.83438
2.583 -2.73439
2.584 -2.5264
2.585 -3.22753
2.586 -2.46646
2.587 -2.41201
2.588 -2.63981
2.589 -5.12129
2.59 -2.9616
2.591 -2.71708
2.592 -2.5119
2.593 -4.07927
2.594 -3.409
2.595 -3.27778
2.596 -2.90028
2.597 -3.3813
2.599 -2.91151
2.6 -3.21934
2.601 -3.14153
2.602 -3.24972
2.603 -3.35501
2.604 -2.89482
2.605 -2.69938
2.606 -3.00528
2.607 -2.80357
2.608 -2.92697
2.609 -2.55909
2.61 -3.16854
2.611 -3.46041
2.612 -3.22007
2.613 -2.80608
2.614 -3.32039
2.615 -2.55495
2.616 -3.66997
2.617 -4.61742
2.618 -2.84147
2.619 -3.35478
2.62 -2.82255
2.621 -3.94311
2.622 -2.81802
2.623 -2.74241
2.625 -4.57838
2.626 -3.68006
2.627 -3.00859
2.628 -3.26125
2.629 -2.8679
2.63 -3.19247
2.631 -2.94713
2.632 -2.6612
2.633 -2.94035
2.634 -2.63363
2.635 -4.75431
2.636 -2.98779
2.637 -3.17965
2.638 -3.25654
2.639 -2.94791
2.64 -3.04449
2.641 -2.65296
2.642 -2.97428
2.643 -3.56975
2.644 -2.97463
2.645 -3.27446
2.646 -2.49404
2.647 -3.21724
2.648 -2.71906
2.649 -3.21452
2.65 -2.7873
2.651 -4.18299
2.652 -2.7536
2.653 -2.60889
2.654 -2.66067
2.655 -2.68887
2.656 -2.60015
2.657 -2.89335
2.658 -2.89584
2.659 -2.90864
2.66 -2.92378
2.661 -4.46218
2.662 -2.67024
2.663 -3.26022
2.664 -3.18739
2.665 -3.21469
2.666 -2.83765
2.667 -2.78136
2.668 -3.02495
2.669 -3.07223
2.67 -3.14866
2.671 -3.23438
2.672 -4.41053
2.673 -2.79507
2.674 -3.42008
2.675 -2.49232
2.676 -2.48204
2.677 -3.66916
2.678 -2.92562
2.679 -2.65931
2.68 -3.37473
2.681 -2.76694
2.682 -2.8513
2.683 -3.03167
2.684 -2.67378
2.685 -3.282
2.686 -2.87764
2.687 -2.56914
2.688 -3.13671
2.689 -2.85077
2.69 -2.6706
2.691 -2.80089
2.692 -4.33514
2.693 -3.54543
2.694 -2.8649
2.695 -4.35617
2.696 -2.98742
2.697 -3.14567
2.698 -2.95222
2.699 -4.37325
2.7 -3.00769
2.701 -3.26433
2.702 -2.83567
2.703 -2.86316
2.704 -3.1682
2.705 -2.79042
2.706 -3.32507
2.707 -2.55586
2.708 -2.81083
2.709 -2.98554
2.71 -3.1896
2.711 -4.25951
2.712 -2.72559
2.713 -2.94579
2.714 -2.90774
2.715 -2.88894
2.716 -2.7199
2.717 -2.98982
2.718 -3.29224
2.719 -3.184
2.72 -2.88295
2.721 -3.82861
2.722 -3.93118
2.723 -2.74584
2.724 -2.66345
2.725 -2.61423
2.726 -3.3749
2.727 -3.31229
2.728 -2.76661
2.729 -2.85672
2.73 -3.21692
2.731 -3.21104
2.732 -2.79915
2.733 -2.70481
2.734 -2.60804
2.735 -2.74187
2.737 -2.67164
2.738 -2.48467
2.739 -3.06193
2.74 -2.99182
2.741 -2.8294
2.742 -3.20685
2.743 -3.00982
2.744 -3.54098
2.745 -3.19634
2.746 -2.62222
2.747 -3.25947
2.748 -3.21868
2.749 -2.8601
2.75 -2.95752
2.751 -3.25569
2.752 -3.04504
2.753 -3.00142
2.754 -3.08198
2.755 -2.57801
2.756 -2.69416
2.757 -4.44928
2.758 -2.7566
2.759 -3.0571
2.76 -4.78867
2.761 -2.58973
2.762 -2.73218
2.763 -3.2917
2.764 -3.32971
2.765 -4.95715
2.766 -4.57932
2.767 -3.01814
2.768 -3.01513
2.769 -2.99678
2.77 -3.04959
2.771 -2.84112
2.772 -2.75925
2.773 -2.58563
2.774 -3.20689
2.775 -2.77021
2.776 -2.88606
2.777 -2.80283
2.778 -2.60396
2.779 -3.21472
2.78 -2.81901
2.781 -2.52947
2.782 -3.34662
2.783 -4.93615
2.784 -2.74304
2.785 -3.01695
2.786 -3.32623
2.787 -2.71875
2.788 -2.82127
2.789 -2.75508
2.79 -3.06354
2.791 -2.59769
2.792 -2.99803
2.793 -2.79288
2.794 -3.23673
2.795 -3.50807
2.796 -2.90035
2.797 -3.21046
2.798 -2.72093
2.799 -3.04457
2.8 -3.30421
2.801 -2.88313
2.802 -2.84648
2.803 -3.34093
2.804 -2.62484
2.805 -4.28493
2.806 -2.78806
2.807 -2.66351
2.808 -2.98155
2.809 -2.79792
2.81 -2.6632
2.811 -2.73212
2.812 -3.14909
2.813 -3.06078
2.814 -3.36378
2.815 -2.7393
2.816 -2.74401
2.817 -2.98564
2.818 -2.45035
2.819 -3.00622
2.82 -3.41517
2.821 -3.1989
2.822 -3.45263
2.823 -2.7616
2.824 -2.99701
2.825 -2.6783
2.826 -4.53163
2.827 -3.27715
2.828 -2.83173
2.829 -2.93883
2.83 -3.8995
2.831 -2.92498
2.832 -4.33319
2.833 -4.1059
2.834 -2.83694
2.835 -3.15484
2.836 -2.85319
2.837 -2.93777
2.838 -2.47301
2.839 -3.61788
2.84 -3.39559
2.841 -3.41851
2.842 -2.81011
2.844 -4.38345
2.845 -3.15265
2.846 -2.67775
2.847 -3.54109
2.848 -2.95555
2.849 -3.00465
2.85 -3.31006
2.851 -2.76385
2.852 -4.25013
2.853 -2.70368
2.854 -2.53561
2.856 -2.82594
2.857 -3.42821
2.859 -2.81683
2.86 -2.65975
2.861 -2.94576
2.862 -3.00403
2.863 -3.02138
2.864 -3.19206
2.865 -2.89907
2.866 -2.92606
2.867 -4.05821
2.868 -3.08905
2.869 -2.67063
2.87 -2.92153
2.871 -2.9812
2.872 -2.64783
2.873 -3.0138
2.874 -2.92265
2.875 -4.63148
2.876 -2.76524
2.877 -2.69413
2.878 -3.91285
2.879 -2.94362
2.88 -4.37391
2.881 -2.57945
2.882 -2.6045
2.883 -2.88435
2.884 -2.69452
2.885 -2.76608
2.886 -2.65519
2.887 -3.39548
2.888 -4.48201
2.889 -2.82104
2.89 -2.94665
2.891 -3.32402
2.892 -2.69189
2.893 -3.34125
2.894 -3.39441
2.895 -3.43283
2.896 -2.82618
2.897 -3.3624
2.898 -3.01938
2.899 -2.78332
2.9 -3.40307
2.901 -3.10683
2.902 -2.46069
2.903 -3.0535
2.904 -5.29174
2.905 -2.95012
2.906 -2.47396
2.907 -2.96511
2.908 -2.82729
2.909 -2.44711
2.91 -2.95894
2.911 -3.24616
2.912 -3.20948
2.913 -4.44626
2.914 -4.29808
2.915 -4.7311
2.916 -3.29033
2.917 -3.077
2.918 -2.72911
2.919 -3.05396
2.92 -3.28317
2.921 -2.63661
2.922 -2.76575
2.923 -2.46172
2.924 -2.67603
2.925 -3.52096
2.926 -2.90529
2.927 -2.78222
2.928 -3.37401
2.929 -3.36487
2.93 -2.98481
2.931 -2.75699
2.932 -2.95991
2.933 -2.59405
2.934 -3.1374
2.935 -2.96626
2.936 -2.45224
2.937 -2.91333
2.938 -4.63291
2.939 -2.69649
2.94 -3.2686
2.941 -3.20072
2.942 -3.07672
2.943 -3.74238
2.944 -2.49655
2.945 -3.00489
2.946 -2.93431
2.947 -2.56692
2.948 -2.70434
2.949 -3.23359
2.95 -2.97152
2.951 -2.70408
2.952 -3.08365
2.953 -2.79901
2.954 -2.84869
2.955 -3.25207
2.956 -2.64899
2.957 -2.87309
2.958 -2.94435
2.959 -3.1805
2.96 -2.8382
2.961 -2.54491
2.962 -2.79256
2.963 -5.30261
2.964 -2.95191
2.965 -3.03921
2.966 -3.21233
2.967 -2.96265
2.968 -2.65996
2.969 -3.24226
2.97 -4.68927
2.971 -3.13945
2.972 -2.67904
2.973 -3.28048
2.974 -2.38638
2.975 -2.80781
2.976 -3.90889
2.977 -3.17779
2.978 -2.93474
2.979 -2.91945
2.98 -3.08693
2.981 -2.7966
2.982 -2.57337
2.983 -2.57777
2.984 -2.92385
2.985 -3.23622
2.986 -4.52779
2.987 -3.25703
2.988 -2.84701
2.989 -4.48912
2.99 -2.86411
2.991 -2.99141
2.992 -3.37397
2.993 -2.56231
2.994 -2.93629
2.995 -2.77648
2.996 -3.18837
2.997 -3.29248
2.998 -3.03165
2.999 -3.21895
3 -3.03314
3.001 -4.69066
3.002 -4.56969
3.003 -2.90099
3.004 -2.87098
3.005 -2.7206
3.006 -3.10832
3.007 -2.85993
3.009 -3.12567
3.01 -2.81272
3.011 -2.59341
3.012 -3.18023
3.013 -3.43648
3.014 -2.81047
3.015 -3.20177
3.016 -2.61267
3.017 -3.0836
3.019 -2.8889
3.02 -3.20419
3.021 -3.04368
3.022 -2.91925
3.023 -2.40911
3.024 -2.71709
3.025 -2.63933
3.026 -2.91435
3.027 -3.00227
3.028 -2.86464
3.029 -2.81782
3.03 -2.59404
3.031 -2.69627
3.032 -3.41384
3.033 -2.64065
3.034 -2.71772
3.035 -3.00515
3.036 -2.55249
3.037 -2.38433
3.038 -2.9943
3.039 -2.91201
3.04 -2.84557
3.041 -3.05869
3.042 -2.95176
3.043 -3.24955
3.044 -3.83614
3.045 -2.89757
3.046 -3.92265
3.047 -3.13439
3.048 -2.49572
3.049 -2.6057
3.05 -2.90382
3.051 -4.38627
3.052 -2.61609
3.053 -3.24321
3.054 -2.69554
3.055 -2.89382
3.056 -2.78518
3.057 -4.04785
3.058 -2.80641
3.059 -3.13081
3.06 -2.7217
3.061 -4.45055
3.062 -2.78853
3.063 -3.06412
3.064 -3.29868
3.065 -2.65148
3.066 -3.94499
3.067 -2.79134
3.068 -4.64333
3.069 -2.68446
3.07 -3.05732
3.071 -2.64471
3.072 -3.01926
3.073 -2.7271
3.074 -3.15264
3.075 -3.00001
3.076 -3.08734
3.077 -2.9057
3.078 -2.38001
3.079 -3.37452
3.08 -4.42056
3.081 -4.78784
3.082 -2.85356
3.084 -2.81937
3.085 -2.61142
3.086 -3.05078
3.087 -2.71907
3.088 -3.30294
3.089 -3.17094
3.09 -2.56175
3.091 -3.22658
3.092 -2.71138
3.093 -2.7487
3.094 -3.25463
3.095 -3.2436
3.096 -3.35733
3.097 -3.32781
3.098 -2.81847
3.099 -2.98661
3.101 -3.27108
3.102 -3.09583
3.103 -2.91106
3.104 -3.21054
3.105 -3.02364
3.106 -3.24948
3.107 -2.80881
3.108 -2.85685
3.109 -3.24949
3.11 -4.26755
3.111 -2.84154
3.112 -2.57769
3.113 -3.38096
3.114 -3.25517
3.116 -3.68836
3.117 -2.44655
3.118 -4.19706
3.119 -2.94582
3.12 -3.38757
3.121 -3.37481
3.122 -3.23344
3.123 -2.90304
3.124 -3.06874
3.125 -2.52418
3.126 -3.38865
3.127 -2.30187
3.128 -2.47037
3.129 -2.81985
3.13 -2.96561
3.131 -2.98351
3.132 -2.63333
3.134 -2.57299
3.135 -2.58573
3.136 -4.10794
3.137 -2.96011
3.138 -3.39682
3.14 -4.61467
3.141 -2.83248
3.142 -2.87675
3.143 -4.01101
3.145 -3.06605
3.146 -2.83034
3.147 -3.1932
3.148 -3.11791
3.149 -2.50684
3.15 -2.9873
3.151 -2.74443
3.152 -2.94405
3.153 -4.63011
3.154 -3.17118
3.155 -3.38494
3.156 -2.82645
3.157 -2.51096
3.158 -2.74874
3.159 -3.06096
3.16 -4.63685
3.161 -4.74317
3.162 -2.93996
3.163 -2.93498
3.164 -3.03332
3.165 -2.91337
3.166 -2.86151
3.167 -5.07326
3.168 -3.05901
3.169 -2.41566
3.17 -3.06265
3.171 -3.01433
3.172 -3.04865
3.173 -5.37112
3.174 -2.8353
3.175 -2.66809
3.176 -3.16811
3.177 -3.1043
3.178 -2.90872
3.179 -3.26635
3.18 -2.60321
3.181 -2.74699
3.182 -2.96998
3.183 -2.97116
3.184 -3.28498
3.185 -3.23108
3.186 -2.96229
3.187 -2.65794
3.188 -3.04538
3.189 -3.22491
3.19 -4.72039
3.191 -2.6656
3.192 -3.01088
3.193 -2.95269
3.194 -2.86542
3.195 -2.76766
3.196 -2.69825
3.197 -2.44851
3.198 -3.36803
3.199 -2.93195
3.2 -2.9548
3.201 -3.24004
3.202 -2.83
3.203 -2.84991
3.204 -2.98226
3.205 -2.6805
3.206 -3.16915
3.207 -2.84904
3.208 -2.96963
3.209 -2.95823
3.21 -2.80473
3.211 -3.93907
3.212 -3.13716
3.213 -3.01906
3.214 -3.09919
3.215 -2.96365
3.216 -2.69387
3.217 -3.1157
3.218 -2.53403
3.219 -3.52693
3.22 -2.86228
3.221 -2.53507
3.222 -3.04971
3.223 -4.30739
3.224 -5.42489
3.225 -3.41092
3.226 -2.50324
3.227 -3.21968
3.228 -2.50479
3.229 -2.9181
3.23 -2.79155
3.231 -3.17653
3.232 -3.359
3.233 -2.98398
3.234 -3.62084
3.236 -3.05522
3.239 -2.83339
3.24 -2.78929
3.241 -4.04894
3.242 -2.92345
3.243 -3.00833
3.244 -3.24726
3.245 -3.21202
3.246 -4.85742
3.247 -2.86352
3.248 -2.84594
3.249 -2.67822
3.25 -2.92184
3.251 -3.81024
3.252 -2.6792
3.253 -3.42102
3.254 -3.54594
3.257 -2.58961
3.258 -3.4313
3.259 -3.07092
3.26 -2.95057
3.262 -2.72993
3.263 -2.87607
3.264 -5.33114
3.266 -3.72303
3.267 -3.47601
3.268 -3.00419
3.269 -3.12571
3.27 -3.54697
3.272 -2.5369
3.273 -3.47623
3.274 -2.88836
3.275 -3.43862
3.276 -2.63668
3.277 -3.21054
3.278 -2.81527
3.279 -3.66972
3.28 -3.04528
3.281 -3.20078
3.283 -4.9798
3.284 -3.31129
3.285 -3.27306
3.286 -2.94762
3.287 -2.99564
3.289 -3.01716
3.29 -2.95281
3.291 -2.85261
3.292 -2.81351
3.293 -2.87463
3.294 -3.27296
3.295 -2.88525
3.296 -2.84983
3.297 -2.97802
3.298 -4.80627
3.299 -2.54206
3.3 -3.34668
3.301 -3.19936
3.302 -2.73877
3.303 -3.22325
3.304 -3.20522
3.305 -3.07029
3.306 -2.81145
3.307 -3.36912
3.308 -4.83569
3.309 -4.95627
3.31 -2.8921
3.311 -4.94693
3.312 -2.75845
3.313 -2.93981
3.314 -2.54964
3.315 -3.19172
3.316 -3.0242
3.317 -3.99176
3.318 -2.71476
3.319 -3.10906
3.32 -3.62486
3.321 -2.58315
3.322 -3.21374
3.323 -2.94823
3.324 -3.35974
3.325 -4.70957
3.326 -3.04773
3.327 -2.81908
3.328 -2.96879
3.329 -4.52325
3.33 -3.55775
3.331 -3.05827
3.332 -2.93349
3.333 -3.19601
3.334 -2.93603
3.335 -3.04541
3.336 -2.80148
3.337 -3.12695
3.338 -3.19761
3.339 -2.91325
3.34 -3.37459
3.341 -3.22723
3.342 -2.82275
3.343 -4.45708
3.344 -2.89719
3.345 -3.278
3.346 -2.84132
3.347 -3.09332
3.348 -2.94011
3.349 -4.04505
3.35 -2.50509
3.351 -2.95671
3.352 -2.80795
3.353 -4.2384
3.354 -2.99613
3.355 -4.26557
3.356 -2.90494
3.357 -4.00124
3.358 -2.87335
3.359 -3.39571
3.36 -3.45177
3.361 -4.42253
3.362 -3.256
3.363 -3.23732
3.364 -3.14006
3.366 -4.55874
3.367 -2.89569
3.368 -3.17744
3.369 -2.93928
3.37 -2.58301
3.371 -5.46897
3.372 -3.21633
3.373 -3.25117
3.374 -2.81819
3.375 -3.40535
3.376 -3.21068
3.377 -2.78381
3.378 -3.05089
3.379 -3.07232
3.38 -3.27765
3.381 -2.86625
3.382 -3.93657
3.383 -4.28303
3.384 -3.37901
3.385 -2.76067
3.386 -4.52161
3.387 -2.85371
3.388 -4.71002
3.389 -3.243
3.39 -2.70415
3.391 -3.51083
3.392 -2.82812
3.393 -3.00666
3.394 -4.54727
3.395 -2.93337
3.396 -3.35545
3.397 -4.37215
3.398 -3.33059
3.399 -4.52841
3.4 -3.01148
3.401 -2.63376
3.402 -3.10756
3.403 -2.79723
3.404 -3.1945
3.405 -3.208
3.406 -4.42296
3.407 -4.31144
3.408 -3.50542
3.409 -2.95024
3.41 -4.86652
3.411 -4.54113
3.412 -3.242
3.413 -2.92714
3.414 -2.8551
3.415 -3.24062
3.416 -3.84147
3.418 -2.81744
3.419 -2.68816
3.421 -2.69154
3.422 -2.84393
3.423 -2.65587
3.425 -2.62228
3.426 -3.24846
3.427 -3.02558
3.428 -2.98316
3.429 -3.24069
3.43 -2.89291
3.431 -2.71352
3.432 -3.62374
3.433 -3.36451
3.434 -4.81092
3.435 -3.10497
3.436 -3.23249
3.437 -3.25741
3.438 -3.18779
3.439 -3.21638
3.44 -3.30153
3.441 -3.04691
3.442 -2.60526
3.443 -2.76212
3.444 -3.28658
3.445 -2.7309
3.446 -3.1048
3.447 -4.15967
3.448 -4.1309
3.449 -4.14246
3.45 -3.2086
3.451 -2.5532
3.452 -3.57283
3.453 -3.40534
3.454 -4.88207
3.455 -3.74352
3.456 -3.32415
3.457 -4.13671
3.458 -4.55018
3.459 -4.95715
3.46 -4.96791
3.461 -3.30708
3.462 -3.29903
3.463 -2.74999
3.464 -4.94249
3.465 -3.41226
3.466 -2.64256
3.467 -3.20636
3.468 -2.98961
3.469 -2.99192
3.47 -3.19874
3.471 -3.24342
3.472 -4.13905
3.473 -2.65627
3.474 -3.56256
3.475 -3.32691
3.476 -2.78318
3.477 -2.85718
3.478 -2.66386
3.479 -3.24463
3.48 -4.5162
3.481 -2.90382
3.482 -2.79038
3.483 -3.11693
3.484 -3.18629
3.485 -2.54086
3.486 -3.19635
3.487 -4.4237
3.488 -2.99042
3.489 -2.77072
3.49 -4.00278
3.491 -2.90694
3.492 -2.8635
3.493 -2.7717
3.494 -4.32752
3.495 -3.03161
3.496 -3.7498
3.497 -2.8665
3.498 -2.97108
3.499 -2.78286
3.5 -2.61888
3.501 -3.08422
3.502 -3.47354
3.503 -3.8422
3.504 -2.93016
3.505 -3.2275
3.506 -4.73812
3.507 -2.76325
3.508 -4.73812
3.509 -3.20701
3.51 -3.66277
3.511 -3.49906
3.512 -3.68576
3.513 -3.04304
3.514 -2.84802
3.515 -4.93174
3.516 -3.26126
3.517 -2.9701
3.518 -2.91436
3.519 -3.26804
3.521 -4.83217
3.522 -3.09006
3.523 -3.23291
3.524 -5.13782
3.525 -3.24894
3.526 -5.13238
3.527 -3.05639
3.528 -3.30507
3.529 -3.96826
3.53 -3.02274
3.531 -2.94767
3.532 -3.9488
3.533 -3.2371
3.534 -2.96483
3.535 -4.28762
3.536 -3.21434
3.537 -2.86274
3.538 -2.93646
3.539 -4.0659
3.541 -3.2025
3.542 -3.59426
3.543 -2.86135
3.544 -3.26678
3.545 -3.23263
3.546 -2.48336
3.547 -3.05791
3.551 -3.63727
3.552 -3.22517
3.553 -3.29347
3.554 -2.76822
3.555 -4.92708
3.556 -2.99322
3.557 -3.19082
3.558 -2.77084
3.559 -3.95547
3.56 -3.76781
3.561 -5.3407
3.562 -3.28764
3.563 -2.71424
3.564 -3.2941
3.566 -2.93623
3.567 -4.51259
3.568 -2.40769
3.569 -2.94369
3.57 -2.81653
3.571 -2.86656
3.572 -3.83751
3.573 -3.03322
3.574 -3.15898
3.575 -3.85226
3.576 -2.90568
3.577 -4.09498
3.578 -3.24137
3.579 -3.25285
3.582 -3.75832
3.583 -3.87579
3.584 -5.06698
3.585 -4.74292
3.586 -4.10748
3.587 -2.75388
3.589 -3.57203
3.59 -3.21155
3.591 -2.82944
3.592 -5.30847
3.593 -5.03841
3.594 -2.64774
3.596 -4.30591
3.597 -3.56412
3.598 -3.24249
3.599 -4.65199
3.6 -2.89556
3.601 -3.63937
3.602 -3.72144
3.603 -3.99538
3.604 -3.90795
3.605 -2.58686
3.606 -4.62729
3.607 -2.90487
3.608 -3.2318
3.609 -3.28449
3.61 -2.85062
3.611 -2.86879
3.612 -4.1064
3.613 -3.61562
3.614 -2.63243
3.616 -3.30546
3.617 -5.31162
3.618 -5.28081
3.619 -2.94004
3.62 -3.26248
3.621 -3.03745
3.622 -3.45404
3.623 -3.05044
3.624 -2.77148
3.625 -3.03503
3.627 -4.18763
3.628 -2.74684
3.629 -2.61233
3.631 -2.70484
3.632 -2.96337
3.634 -3.09148
3.635 -3.15333
3.636 -3.35256
3.638 -2.87544
3.639 -3.00859
3.64 -3.10054
3.641 -4.2657
3.642 -3.77937
3.644 -4.39012
3.645 -3.27266
3.646 -4.92661
3.647 -4.58426
3.648 -3.24754
3.649 -4.63155
3.65 -2.99507
3.651 -4.39629
3.652 -3.07105
3.653 -2.7651
3.654 -3.36742
3.655 -2.79286
3.656 -3.36103
3.657 -2.93628
3.658 -2.93439
3.659 -3.50759
3.66 -2.84633
3.661 -3.29096
3.662 -3.14561
3.663 -3.64576
3.665 -3.82445
3.667 -5.58867
3.668 -2.96778
3.669 -3.64536
3.67 -3.3388
3.671 -2.90722
3.673 -2.88263
3.674 -2.93782
3.675 -2.95591
3.676 -3.59334
3.677 -2.85332
3.678 -3.27116
3.679 -3.33106
3.68 -5.29294
3.681 -3.12304
3.682 -4.77044
3.683 -2.96537
3.684 -4.27477
3.685 -4.34214
3.686 -4.72704
3.687 -3.84909
3.688 -3.40449
3.689 -3.26168
3.691 -5.63189
3.692 -2.8539
3.693 -3.25192
3.694 -2.94212
3.695 -2.79533
3.696 -3.51068
3.697 -3.24891
3.698 -3.07392
3.7 -3.67184
3.701 -3.13252
3.702 -4.05433
3.703 -2.6888
3.704 -3.23522
3.706 -2.9457
3.707 -3.26438
3.71 -2.91563
3.711 -2.99442
3.712 -5.38802
3.713 -2.96929
3.715 -4.45265
3.716 -3.27728
3.718 -2.76886
3.72 -4.86196
3.721 -4.31138
3.722 -3.56326
3.723 -3.3321
3.727 -5.29911
3.728 -3.23
3.729 -3.62982
3.73 -2.74149
3.731 -3.09471
3.732 -2.94425
3.733 -2.95346
3.734 -3.38424
3.735 -3.68516
3.736 -3.49306
3.737 -2.93034
3.738 -3.21557
3.74 -3.37447
3.741 -2.66908
3.742 -3.2652
3.743 -3.242
3.744 -2.56965
3.745 -4.72172
3.746 -4.52806
3.748 -3.42556
3.749 -4.64416
3.75 -2.75179
3.751 -2.80796
3.752 -5.20931
3.753 -3.23433
3.754 -3.17479
3.755 -3.23588
3.756 -2.86744
3.759 -3.18539
3.76 -4.7895
3.761 -3.1858
3.762 -3.4673
3.763 -3.24316
3.764 -3.62972
3.765 -2.87232
3.766 -3.24951
3.767 -3.65614
3.77 -2.94616
3.771 -4.76971
3.772 -4.02777
3.773 -4.00556
3.774 -4.72681
3.776 -3.55192
3.777 -3.12163
3.778 -4.04496
3.779 -3.34127
3.782 -3.19969
3.783 -4.63582
3.784 -4.69199
3.785 -4.69356
3.786 -5.62219
3.787 -4.80086
3.788 -2.64512
3.789 -4.2021
3.79 -3.67973
3.791 -2.91329
3.792 -3.242
3.793 -3.12164
3.794 -3.68147
3.795 -5.22763
3.796 -2.97436
3.797 -2.83337
3.798 -3.22483
3.8 -5.60949
3.801 -4.63399
3.802 -5.10867
3.804 -2.96717
3.805 -4.37034
3.806 -5.05313
3.807 -3.21263
3.808 -3.24066
3.809 -4.25828
3.81 -2.9521
3.811 -4.74986
3.812 -2.75041
3.813 -3.11174
3.814 -3.27447
3.815 -4.34174
3.816 -2.76514
3.818 -3.30015
3.819 -4.95047
3.82 -2.67818
3.824 -2.91387
3.825 -3.26899
3.826 -3.04718
3.827 -2.99222
3.828 -5.22666
3.829 -4.54043
3.83 -3.03578
3.832 -2.83108
3.833 -3.07376
3.834 -3.05138
3.835 -3.12231
3.836 -2.93235
3.837 -3.23481
3.838 -3.24649
3.839 -2.94277
3.841 -5.21839
3.842 -3.33449
3.843 -4.84165
3.844 -3.32343
3.846 -4.77774
3.847 -3.13484
3.848 -4.36473
3.849 -4.64746
3.85 -3.22031
3.851 -3.62009
3.852 -4.60575
3.853 -4.80896
3.854 -4.65004
3.855 -3.1672
3.856 -4.81258
3.857 -2.79636
3.858 -2.9461
3.859 -3.42442
3.86 -3.35815
3.861 -4.61782
3.862 -2.78427
3.863 -3.04926
3.864 -2.94221
3.865 -3.24696
3.866 -3.37466
3.867 -4.92731
3.868 -4.66844
3.869 -3.43608
3.87 -5.54972
3.871 -3.37517
3.872 -2.97421
3.873 -3.23198
3.874 -3.82646
3.875 -3.40397
3.876 -5.59091
3.877 -3.23549
3.879 -3.19648
3.881 -4.97064
3.883 -3.52505
3.884 -3.23703
3.885 -3.40397
3.886 -3.32953
3.887 -4.66328
3.889 -2.90093
3.89 -3.85198
3.892 -4.43154
3.893 -2.9911
3.894 -4.29304
3.895 -4.55
3.896 -2.87352
3.897 -2.81055
3.898 -4.63269
3.899 -3.73443
3.9 -4.47448
3.901 -4.56421
3.902 -3.43062
3.903 -5.17729
3.904 -4.55936
3.905 -4.7564
3.906 -3.28894
3.909 -4.21129
3.912 -5.53023
3.913 -3.2885
3.914 -4.52681
3.915 -3.2662
3.916 -4.7759
3.917 -3.05497
3.918 -4.07204
3.919 -3.24537
3.92 -4.28692
3.921 -4.40767
3.922 -4.55109
3.923 -3.34172
3.925 -3.2885
3.926 -3.19375
3.927 -4.41967
3.928 -4.39425
3.931 -2.83072
3.932 -4.59126
3.933 -5.61357
3.934 -4.24366
3.936 -2.70072
3.937 -3.72583
3.938 -3.20946
3.939 -3.22608
3.94 -3.02147
3.941 -4.72911
3.942 -3.45485
3.943 -4.43122
3.946 -3.00117
3.947 -4.67793
3.948 -2.84581
3.949 -3.2793
3.95 -3.24566
3.951 -4.66418
3.952 -4.65893
3.953 -3.81123
3.954 -3.30639
3.955 -4.39043
3.956 -4.75881
3.957 -3.46841
3.959 -4.19151
3.96 -3.37589
3.961 -4.79101
3.962 -4.21949
3.964 -5.82045
3.965 -3.25921
3.966 -4.37347
3.967 -4.50089
3.968 -3.62009
3.969 -5.05399
3.97 -4.73994
3.971 -4.72464
3.972 -4.71187
3.973 -3.24738
3.974 -3.61093
3.975 -4.30891
3.976 -4.44422
3.977 -3.33458
3.978 -3.21095
3.979 -3.8955
3.98 -4.11439
3.982 -4.53639
3.983 -4.38804
3.984 -2.94449
3.985 -3.22027
3.986 -3.19742
3.987 -4.20593
3.988 -3.47557
3.989 -3.06562
3.99 -3.37932
3.991 -3.20532
3.992 -4.43221
3.993 -3.39202
3.994 -3.28522
3.995 -3.25302
3.996 -5.57385
3.997 -4.06479
3.998 -4.80076
3.999 -3.45799
4 -3.22309
4.002 -4.7554
4.004 -3.92095
4.005 -3.50734
4.006 -4.3788
4.009 -3.22567
4.011 -3.65124
4.012 -3.22754
4.013 -4.69061
4.014 -2.93358
4.016 -3.21642
4.017 -3.22618
4.019 -5.55257
4.02 -2.9508
4.021 -2.9476
4.022 -3.26521
4.023 -3.34968
4.025 -3.24639
4.026 -3.24639
4.027 -4.92691
4.028 -3.28509
4.029 -3.01589
4.031 -4.92562
4.034 -2.64215
4.036 -3.06944
4.037 -3.11896
4.038 -3.8435
4.041 -3.24152
4.042 -4.75351
4.043 -5.55543
4.044 -3.22908
4.045 -3.14746
4.048 -4.63085
4.049 -5.07226
4.05 -3.24221
4.052 -3.22451
4.053 -5.18753
4.054 -3.22349
4.055 -4.89664
4.056 -4.75177
4.057 -3.08916
4.059 -3.24489
4.061 -5.17497
4.062 -4.89022
4.066 -3.24803
4.067 -2.97202
4.07 -4.92726
4.071 -2.74953
4.072 -4.42809
4.073 -3.28419
4.075 -4.75648
4.076 -3.20441
4.077 -2.687
4.079 -2.942
4.08 -3.41762
4.081 -5.22669
4.086 -2.9527
4.087 -4.66003
4.088 -5.06131
4.089 -2.96146
4.09 -5.30985
4.091 -3.10679
4.092 -3.24383
4.094 -4.82169
4.095 -4.78573
4.096 -3.59118
4.098 -4.68225
4.099 -3.05621
4.1 -3.25692
4.101 -4.93595
4.102 -5.26047
4.103 -3.23297
4.104 -3.26692
4.105 -5.20002
4.106 -2.9744
4.107 -3.27135
4.108 -5.21044
4.111 -2.93925
4.112 -3.23979
4.113 -4.5461
4.114 -3.14007
4.115 -3.29976
4.117 -3.21125
4.118 -3.21293
4.122 -4.93373
4.123 -3.26634
4.124 -2.89098
4.128 -4.93802
4.129 -3.3339
4.13 -4.96612
4.132 -2.94014
4.133 -3.25988
4.134 -2.94554
4.136 -3.27821
4.137 -3.14927
4.138 -5.1982
4.139 -2.93973
4.142 -4.05617
4.144 -3.21389
4.145 -5.23084
4.146 -4.20774
4.147 -4.9422
4.148 -2.93597
4.15 -2.79092
4.151 -3.24913
4.152 -3.39571
4.153 -3.36432
4.155 -4.00807
4.158 -2.96843
4.159 -3.47405
4.16 -2.75402
4.161 -2.90355
4.163 -5.31478
4.164 -5.77703
4.165 -4.95288
4.167 -3.40083
4.168 -3.27312
4.169 -4.45359
4.17 -3.24472
4.171 -3.2148
4.175 -3.23903
4.177 -4.7166
4.178 -5.57586
4.179 -3.25757
4.18 -4.75245
4.181 -3.29166
4.182 -3.28225
4.184 -3.21733
4.186 -3.21024
4.188 -3.24343
4.189 -3.3019
4.19 -5.5248
4.191 -5.15964
4.192 -2.83681
4.196 -2.9401
4.198 -2.67288
4.2 -2.98266
4.201 -3.125
4.202 -5.18234
4.203 -4.94431
4.206 -3.22415
4.207 -3.2748
4.208 -4.77183
4.209 -3.36351
4.21 -4.58754
4.211 -3.30688
4.212 -4.91018
4.213 -5.08159
4.214 -4.77038
4.215 -5.22794
4.216 -4.63622
4.217 -3.23889
4.219 -3.27507
4.22 -2.92727
4.222 -3.31436
4.223 -5.05952
4.224 -4.67745
4.225 -4.91021
4.226 -4.46803
4.228 -4.63037
4.231 -3.31012
4.232 -2.94847
4.234 -3.2345
4.235 -4.73704
4.236 -2.91158
4.237 -5.05995
4.238 -4.69133
4.239 -5.1982
4.24 -2.89994
4.241 -3.23731
4.242 -4.89536
4.243 -4.93184
4.245 -2.81199
4.249 -3.2732
4.25 -3.2732
4.251 -3.24688
4.256 -5.17013
4.257 -3.36265
4.259 -5.51146
4.26 -3.36511
4.261 -2.9735
4.262 -5.47357
4.264 -4.92578
4.267 -4.76605
4.268 -3.57411
4.27 -4.92661
4.271 -4.78137
4.272 -4.47992
4.273 -4.62078
4.274 -3.22259
4.275 -2.94461
4.276 -3.24515
4.277 -2.99768
4.278 -2.91611
4.279 -4.30891
4.28 -4.44494
4.281 -4.90799
4.282 -4.69037
4.284 -2.76221
4.285 -3.22888
4.286 -3.20598
4.287 -2.64561
4.288 -3.24563
4.289 -2.93685
4.291 -4.13156
4.293 -3.2461
4.295 -5.15826
4.296 -4.19628
4.299 -5.1606
4.303 -5.18407
4.306 -4.30565
4.307 -4.38142
4.308 -3.25313
4.31 -3.55691
4.311 -2.90906
4.312 -4.60785
4.314 -5.49848
4.315 -5.19104
4.316 -5.80208
4.317 -5.80208
4.319 -5.48337
4.32 -2.91456
4.322 -2.94465
4.323 -4.62433
4.324 -3.5594
4.325 -4.90083
4.326 -3.2462
4.327 -2.93805
4.329 -2.94294
4.33 -4.8408
4.331 -3.2286
4.332 -5.16297
4.333 -4.76223
4.334 -3.24392
4.335 -2.96186
4.336 -4.71237
4.337 -4.50521
4.338 -5.05218
4.339 -4.83025
4.341 -5.22811
4.343 -2.94428
4.344 -3.12482
4.346 -2.96803
4.347 -3.22995
4.348 -4.87295
4.35 -2.95343
4.353 -5.09013
4.354 -4.81542
4.355 -3.20131
4.356 -3.59141
4.357 -2.93916
4.358 -4.77228
4.359 -4.58237
4.36 -5.52775
4.361 -5.08003
4.362 -3.45329
4.363 -4.8262
4.364 -3.24141
4.365 -5.12982
4.366 -3.24141
4.367 -3.24649
4.368 -5.52775
4.369 -3.92034
4.37 -4.86015
4.371 -5.13996
4.373 -4.74967
4.377 -4.52162
4.381 -2.93934
4.382 -4.76784
4.384 -3.2406
4.386 -5.08001
4.387 -4.7343
4.389 -4.85555
4.39 -3.2392
4.391 -3.2315
4.394 -4.36863
4.396 -4.72789
4.397 -4.93183
4.398 -3.23397
4.399 -5.22697
4.4 -5.15357
4.401 -3.51188
4.404 -4.52431
4.405 -3.60933
4.406 -3.714
4.407 -4.84235
4.409 -4.3619
4.411 -4.33142
4.413 -4.87131
4.414 -3.2412
4.416 -4.61409
4.418 -4.7893
4.419 -2.96279
4.421 -5.1422
4.422 -5.32088
4.423 -4.77595
4.424 -3.37574
4.425 -4.6498
4.426 -4.60985
4.427 -5.27996
4.428 -3.06039
4.429 -2.9366
4.43 -4.91254
4.431 -4.58738
4.432 -4.59457
4.433 -4.51831
4.434 -4.83955
4.435 -5.22981
4.436 -4.86328
4.437 -5.08746
4.438 -5.15592
4.439 -4.65568
4.44 -4.40577
4.442 -5.13552
4.444 -4.77521
4.447 -2.98488
4.448 -4.51266
4.449 -2.96703
4.45 -4.69759
4.451 -2.93449
4.452 -4.62133
4.453 -3.23385
4.454 -5.57385
4.455 -2.93838
4.456 -5.10495
4.457 -5.14913
4.459 -4.60257
4.46 -3.48454
4.461 -5.08488
4.462 -4.40161
4.463 -5.09385
4.464 -4.51197
4.465 -5.18579
4.467 -2.7614
4.468 -4.76217
4.469 -3.32621
4.47 -4.15026
4.471 -3.22259
4.472 -5.07772
4.473 -3.2301
4.475 -4.81874
4.477 -3.2245
4.478 -4.82621
4.479 -5.10931
4.48 -3.24169
4.481 -3.24731
4.482 -4.46606
4.483 -4.62823
4.484 -2.76989
4.485 -4.79871
4.486 -5.08923
4.487 -3.21948
4.488 -4.37215
4.489 -4.42245
4.49 -4.80717
4.491 -4.49382
4.492 -4.80608
4.493 -2.93793
4.494 -4.81167
4.495 -3.24169
4.497 -3.15085
4.498 -4.63166
4.499 -3.51188
4.5 -3.245
4.504 -5.19236
4.507 -3.20621
4.508 -3.23353
4.509 -5.2275
4.51 -5.12251
4.512 -2.92761
4.515 -5.7267
4.517 -3.06342
4.518 -2.94658
4.519 -5.07847
4.52 -2.7667
4.523 -5.45232
4.524 -5.46163
4.527 -4.93049
4.529 -3.24392
4.53 -3.20859
4.534 -3.28645
4.536 -5.74202
4.537 -5.45003
4.538 -5.08436
4.54 -5.07779
4.543 -5.54194
4.545 -4.76228
4.546 -5.26789
4.547 -4.59909
4.548 -4.94779
4.555 -4.93989
4.556 -4.93636
4.557 -5.13113
4.558 -3.2435
4.56 -3.24078
4.563 -5.22932
4.564 -3.24242
4.565 -4.7921
4.566 -5.09789
4.567 -5.10793
4.568 -2.945
4.57 -5.09987
4.572 -3.85473
4.573 -5.73538
4.576 -5.07875
4.578 -5.41721
4.581 -3.86048
4.583 -5.11828
4.585 -5.57385
4.586 -5.22847
4.589 -3.25141
4.592 -5.53224
4.593 -5.53224
4.594 -2.78313
4.595 -5.70795
4.596 -4.42173
4.598 -5.70795
4.599 -2.92816
4.6 -5.70392
4.602 -4.70734
4.606 -5.09202
4.607 -3.28645
4.609 -5.07507
4.61 -4.45647
4.611 -5.74426
4.613 -5.74426
4.614 -5.07144
4.615 -2.75676
4.62 -2.94093
4.621 -5.09396
4.622 -5.70392
4.623 -4.93936
4.629 -4.70293
4.631 -3.2417
4.633 -5.34714
4.635 -5.71409
4.636 -5.56908
4.637 -2.83548
4.64 -5.70593
4.641 -5.24965
4.644 -4.94099
4.648 -4.94646
4.649 -4.8508
4.65 -2.9884
4.654 -5.54194
4.657 -5.2026
4.658 -5.10283
4.661 -4.94099
4.662 -4.75739
4.663 -5.23091
4.666 -5.23322
4.669 -5.05741
4.674 -4.94157
4.679 -3.21863
4.682 -5.23359
4.684 -5.05235
4.686 -5.22956
4.688 -5.42998
4.69 -5.23007
4.696 -5.05402
4.697 -4.93732
4.699 -5.07325
4.702 -4.6329
4.703 -5.05571
4.704 -5.23034
4.705 -2.96368
4.71 -4.69266
4.714 -3.70366
4.716 -3.27579
4.717 -5.24146
4.718 -4.94581
4.72 -5.5789
4.723 -4.84687
4.724 -5.62771
4.726 -5.06433
4.729 -5.42142
4.732 -5.08248
4.733 -4.94111
4.734 -3.24425
4.735 -5.62771
4.736 -5.06786
4.738 -4.82517
4.739 -4.47452
4.743 -5.02862
4.746 -5.06609
4.747 -5.56545
4.748 -5.04254
4.752 -5.03779
4.754 -5.05912
4.755 -5.57584
4.756 -5.56545
4.757 -4.83695
4.759 -4.93374
4.761 -4.93781
4.767 -5.07282
4.77 -5.57787
4.771 -4.95353
4.776 -4.94847
4.778 -5.04984
4.779 -4.95726
4.781 -5.43216
4.785 -5.411
4.788 -5.23647
4.792 -3.32333
4.798 -5.40895
4.799 -5.04739
4.805 -5.23517
4.806 -4.95203
4.808 -5.39499
4.809 -5.29226
4.81 -5.04576
4.811 -5.04903
4.817 -4.95506
4.819 -4.93832
4.823 -4.94712
4.826 -4.53682
4.827 -5.00487
4.829 -5.00749
4.831 -5.23739
4.832 -5.36015
4.836 -5.37428
4.837 -5.04094
4.839 -4.85052
4.84 -4.94986
4.842 -5.01563
4.844 -4.95745
4.846 -4.87546
4.848 -5.37247
4.851 -5.03315
4.853 -5.03623
4.855 -3.67396
4.856 -4.95585
4.858 -5.01288
4.859 -4.75687
4.86 -4.92982
4.861 -4.84941
4.862 -4.99264
4.864 -4.81899
4.87 -4.9718
4.873 -4.94454
4.874 -5.36712
4.875 -4.82932
4.876 -5.02419
4.877 -4.71334
4.878 -5.18983
4.88 -4.81781
4.881 -4.95993
4.884 -4.52055
4.885 -5.01844
4.886 -4.65003
4.889 -3.26044
4.891 -4.57688
4.892 -4.59791
4.894 -4.96702
4.895 -3.28335
4.898 -4.78194
4.9 -4.95665
4.904 -4.9889
4.905 -5.35844
4.909 -4.96164
4.911 -5.38728
4.912 -4.56228
4.913 -4.96428
4.914 -4.69844
4.915 -5.01016
4.918 -5.02565
4.919 -4.83523
4.92 -4.96519
4.921 -4.92399
4.922 -4.96339
4.923 -4.99604
4.926 -4.98326
4.927 -5.38351
4.929 -5.4009
4.931 -4.97479
4.932 -4.99976
4.934 -4.97581
4.937 -4.98661
4.938 -4.97789
4.939 -4.66981
4.94 -4.67041
4.941 -4.96986
4.942 -4.45195
4.943 -4.68315
4.946 -4.6267
4.948 -5.54851
4.949 -4.87702
4.95 -5.06566
4.951 -5.00882
4.954 -4.94215
4.959 -5.35171
4.961 -5.26442
4.965 -5.09675
4.967 -5.36187
4.968 -4.98436
4.971 -4.55456
4.972 -4.9591
4.973 -4.52642
4.975 -5.6717
4.976 -5.34517
4.977 -5.01703
4.987 -5.6717
4.988 -5.25019
4.995 -5.36889
4.999 -5.00028
5.001 -5.23603
5.005 -4.94916
5.01 -5.64142
5.011 -5.6544
5.014 -5.64142
5.015 -5.63368
5.02 -5.63368
5.023 -5.57584
5.026 -3.85902
5.028 -5.5466
5.034 -5.57584
5.045 -5.23786
5.05 -5.12799
5.054 -4.98
5.057 -3.90998
5.058 -4.30112
5.06 -5.55052
5.064 -5.32964
5.068 -5.23884
5.069 -3.43047
5.071 -5.32815
5.072 -5.35005
5.074 -5.23397
5.078 -5.23934
5.084 -5.23476
5.086 -5.34678
5.096 -5.34841
5.098 -5.33882
5.1 -5.01366
5.102 -5.55558
5.107 -4.76891
5.113 -3.22276
5.114 -5.57096
5.115 -5.57096
5.116 -5.55712
5.121 -5.25232
5.123 -5.24316
5.124 -5.34197
5.13 -3.434
5.131 -5.33114
5.137 -5.33726
5.14 -5.30811
5.142 -5.3139
5.144 -5.55483
5.146 -5.5466
5.147 -5.24495
5.148 -5.32232
5.152 -5.58206
5.153 -5.12481
5.155 -5.55483
5.16 -5.31254
5.164 -5.57001
5.166 -5.32521
5.167 -5.12679
5.171 -5.56815
5.174 -5.25767
5.175 -5.32668
5.176 -5.30589
5.182 -5.57484
5.183 -5.07297
5.184 -4.99086
5.189 -5.26267
5.194 -5.30078
5.196 -5.31806
5.197 -5.61769
5.198 -5.24881
5.199 -5.26181
5.201 -5.31946
5.206 -5.61769
5.207 -5.30985
5.208 -5.25305
5.21 -5.58867
5.211 -5.24258
5.212 -5.2516
5.213 -5.29953
5.214 -5.57994
5.215 -5.25531
5.217 -4.89789
5.218 -5.6163
5.219 -5.6163
5.22 -5.07332
5.221 -5.29344
5.222 -5.27185
5.224 -5.27409
5.226 -4.95277
5.229 -5.25687
5.233 -5.59809
5.235 -5.59809
5.236 -4.9799
5.238 -5.30852
5.239 -3.40587
5.241 -5.3072
5.244 -5.27787
5.245 -5.26531
5.249 -5.29226
5.253 -5.26621
5.254 -5.30331
5.256 -5.10199
5.257 -5.26579
5.258 -5.59212
5.259 -4.80024
5.261 -5.09354
5.265 -5.27582
5.266 -5.27088
5.267 -4.98832
5.268 -5.60692
5.269 -5.28651
5.27 -5.2821
5.272 -5.28428
5.293 -3.65742
5.416 -5.28539
5.798 -5.58099
6.002 -5.56457
6.22 -5.58099
 
 
