0.003 -2.00849
0.004 -1.51611
0.005 -1.37501
0.006 -1.20019
0.007 -1.13615
0.008 -1.01819
0.009 -0.821666
0.01 -0.755557
0.011 -0.63679
0.012 -0.525336
0.013 -0.402937
0.014 -0.286134
0.015 -0.193757
0.016 -0.139264
0.017 -0.0329476
0.018 0.0122769
0.019 0.0895731
0.02 0.126389
0.021 0.164009
0.022 0.197234
0.023 0.208243
0.024 0.22665
0.025 0.227843
0.026 0.236527
0.027 0.249672
0.028 0.258949
0.029 0.242419
0.03 0.265853
0.031 0.274547
0.032 0.277223
0.033 0.266774
0.034 0.262291
0.035 0.255136
0.036 0.255767
0.037 0.225832
0.038 0.229122
0.039 0.252195
0.04 0.24137
0.041 0.248226
0.042 0.258815
0.043 0.242897
0.044 0.253194
0.045 0.247123
0.046 0.21048
0.047 0.231248
0.048 0.224614
0.049 0.240065
0.05 0.223193
0.051 0.21644
0.052 0.224616
0.053 0.22929
0.054 0.193479
0.055 0.220396
0.056 0.21531
0.057 0.2039
0.058 0.184409
0.059 0.199573
0.06 0.193556
0.061 0.177866
0.062 0.173751
0.063 0.173961
0.064 0.160278
0.065 0.16759
0.066 0.164818
0.067 0.150497
0.068 0.147046
0.069 0.134448
0.07 0.149153
0.071 0.11015
0.072 0.130702
0.073 0.112253
0.074 0.100348
0.075 0.0824383
0.076 0.107201
0.077 0.0828237
0.078 0.0909505
0.079 0.0876686
0.08 0.0957014
0.081 0.0950524
0.082 0.0741917
0.083 0.0914595
0.084 0.0848579
0.085 0.0822506
0.086 0.0751829
0.087 0.0494004
0.088 0.0735559
0.089 0.0497941
0.09 0.0574405
0.091 0.0618441
0.092 0.0404577
0.093 0.0340806
0.094 0.0347026
0.095 0.0138897
0.096 0.0228929
0.097 0.0390769
0.098 0.0245774
0.099 0.0199272
0.1 0.0135812
0.101 0.0121021
0.102 0.00512306
0.103 -0.00409249
0.104 -0.0125604
0.105 -0.0131873
0.106 -0.017248
0.107 -0.0183547
0.108 -0.00164906
0.109 -0.0111264
0.11 -0.0121016
0.111 -0.0113466
0.112 -0.033298
0.113 -0.0375019
0.114 -0.0552187
0.115 -0.0606736
0.116 -0.0626708
0.117 -0.0707369
0.118 -0.0695174
0.119 -0.0805976
0.12 -0.0938586
0.121 -0.0792715
0.122 -0.0879255
0.123 -0.1081
0.124 -0.114209
0.125 -0.109877
0.126 -0.107091
0.127 -0.116827
0.128 -0.120178
0.129 -0.126833
0.13 -0.126716
0.131 -0.1252
0.132 -0.130423
0.133 -0.106554
0.134 -0.11929
0.135 -0.109868
0.136 -0.0759583
0.137 -0.0655514
0.138 -0.0742623
0.139 -0.058933
0.14 -0.0701644
0.141 -0.0727769
0.142 -0.0763337
0.143 -0.078193
0.144 -0.0791548
0.145 -0.0987469
0.146 -0.0866382
0.147 -0.100808
0.148 -0.0828553
0.149 -0.0925849
0.15 -0.124169
0.151 -0.109484
0.152 -0.14384
0.153 -0.132606
0.154 -0.135141
0.155 -0.158895
0.156 -0.170675
0.157 -0.174311
0.158 -0.13812
0.159 -0.178695
0.16 -0.211342
0.161 -0.176985
0.162 -0.199017
0.163 -0.218439
0.164 -0.210351
0.165 -0.224549
0.166 -0.227191
0.167 -0.24034
0.168 -0.249298
0.169 -0.214857
0.17 -0.229178
0.171 -0.204157
0.172 -0.2351
0.173 -0.24945
0.174 -0.236556
0.175 -0.252358
0.176 -0.235795
0.177 -0.249131
0.178 -0.253815
0.179 -0.249123
0.18 -0.235834
0.181 -0.247338
0.182 -0.223448
0.183 -0.227822
0.184 -0.217459
0.185 -0.234568
0.186 -0.253863
0.187 -0.242982
0.188 -0.255384
0.189 -0.256123
0.19 -0.279947
0.191 -0.241398
0.192 -0.277859
0.193 -0.267747
0.194 -0.265527
0.195 -0.274929
0.196 -0.265949
0.197 -0.273512
0.198 -0.262207
0.199 -0.259702
0.2 -0.305704
0.201 -0.290729
0.202 -0.264697
0.203 -0.272519
0.204 -0.284597
0.205 -0.296949
0.206 -0.282879
0.207 -0.288991
0.208 -0.300265
0.209 -0.300954
0.21 -0.336084
0.211 -0.31199
0.212 -0.340815
0.213 -0.321494
0.214 -0.364712
0.215 -0.328715
0.216 -0.327857
0.217 -0.357465
0.218 -0.349181
0.219 -0.361739
0.22 -0.367049
0.221 -0.357743
0.222 -0.384712
0.223 -0.36122
0.224 -0.362637
0.225 -0.366747
0.226 -0.378049
0.227 -0.365632
0.228 -0.396882
0.229 -0.355092
0.23 -0.39316
0.231 -0.369093
0.232 -0.385702
0.233 -0.388266
0.234 -0.405431
0.235 -0.437549
0.236 -0.397819
0.237 -0.43629
0.238 -0.409462
0.239 -0.419501
0.24 -0.410183
0.241 -0.426403
0.242 -0.449835
0.243 -0.444896
0.244 -0.458387
0.245 -0.454788
0.246 -0.463184
0.247 -0.408526
0.248 -0.422774
0.249 -0.412566
0.25 -0.421567
0.251 -0.4237
0.252 -0.398734
0.253 -0.416656
0.254 -0.417319
0.255 -0.416918
0.256 -0.393087
0.257 -0.412518
0.258 -0.404926
0.259 -0.410214
0.26 -0.426167
0.261 -0.441248
0.262 -0.417588
0.263 -0.408096
0.264 -0.420266
0.265 -0.430409
0.266 -0.44116
0.267 -0.43487
0.268 -0.458781
0.269 -0.445445
0.27 -0.435897
0.271 -0.480079
0.272 -0.467796
0.273 -0.476992
0.274 -0.467255
0.275 -0.492525
0.276 -0.483386
0.277 -0.488769
0.278 -0.491519
0.279 -0.477595
0.28 -0.484942
0.281 -0.486985
0.282 -0.518378
0.283 -0.499311
0.284 -0.515159
0.285 -0.518617
0.286 -0.53483
0.287 -0.521335
0.288 -0.506334
0.289 -0.540571
0.29 -0.518204
0.291 -0.539052
0.292 -0.506864
0.293 -0.482573
0.294 -0.516664
0.295 -0.502821
0.296 -0.530452
0.297 -0.518645
0.298 -0.51332
0.299 -0.520989
0.3 -0.510102
0.301 -0.503434
0.302 -0.51687
0.303 -0.509527
0.304 -0.512824
0.305 -0.5275
0.306 -0.518742
0.307 -0.529521
0.308 -0.561207
0.309 -0.566432
0.31 -0.561434
0.311 -0.559111
0.312 -0.556686
0.313 -0.556102
0.314 -0.577473
0.315 -0.564549
0.316 -0.589138
0.317 -0.563261
0.318 -0.549126
0.319 -0.561007
0.32 -0.614507
0.321 -0.596269
0.322 -0.572035
0.323 -0.586088
0.324 -0.599485
0.325 -0.563427
0.326 -0.618879
0.327 -0.58956
0.328 -0.611368
0.329 -0.587885
0.33 -0.615798
0.331 -0.625277
0.332 -0.620177
0.333 -0.606466
0.334 -0.62784
0.335 -0.582946
0.336 -0.605161
0.337 -0.591165
0.338 -0.580557
0.339 -0.584833
0.34 -0.62234
0.341 -0.628814
0.342 -0.641671
0.343 -0.588603
0.344 -0.647163
0.345 -0.622202
0.346 -0.627795
0.347 -0.626007
0.348 -0.626327
0.349 -0.640427
0.35 -0.649869
0.351 -0.658068
0.352 -0.670755
0.353 -0.666416
0.354 -0.66515
0.355 -0.650023
0.356 -0.713446
0.357 -0.690764
0.358 -0.706134
0.359 -0.673483
0.36 -0.708339
0.361 -0.727823
0.362 -0.699985
0.363 -0.722104
0.364 -0.680234
0.365 -0.737678
0.366 -0.711447
0.367 -0.704789
0.368 -0.688903
0.369 -0.70083
0.37 -0.714477
0.371 -0.685925
0.372 -0.75479
0.373 -0.714311
0.374 -0.726892
0.375 -0.717847
0.376 -0.729581
0.377 -0.752586
0.378 -0.746063
0.379 -0.729392
0.38 -0.739408
0.381 -0.787527
0.382 -0.754321
0.383 -0.755408
0.384 -0.768904
0.385 -0.78899
0.386 -0.753711
0.387 -0.729339
0.388 -0.766086
0.389 -0.801548
0.39 -0.756842
0.391 -0.809225
0.392 -0.785449
0.393 -0.82801
0.394 -0.783386
0.395 -0.747401
0.396 -0.76547
0.397 -0.825251
0.398 -0.796112
0.399 -0.800799
0.4 -0.814969
0.401 -0.806581
0.402 -0.825335
0.403 -0.77946
0.404 -0.805607
0.405 -0.811744
0.406 -0.812547
0.407 -0.8155
0.408 -0.852024
0.409 -0.794285
0.41 -0.831665
0.411 -0.846794
0.412 -0.858454
0.413 -0.858724
0.414 -0.875412
0.415 -0.828097
0.416 -0.845469
0.417 -0.877026
0.418 -0.848318
0.419 -0.911526
0.42 -0.889048
0.421 -0.859092
0.422 -0.895454
0.423 -0.852197
0.424 -0.859138
0.425 -0.907518
0.426 -0.889364
0.427 -0.882354
0.428 -0.877221
0.429 -0.857052
0.43 -0.862817
0.431 -0.84727
0.432 -0.868465
0.433 -0.854094
0.434 -0.869315
0.435 -0.857602
0.436 -0.859
0.437 -0.851449
0.438 -0.858195
0.439 -0.911824
0.44 -0.861465
0.441 -0.874249
0.442 -0.893093
0.443 -0.88124
0.444 -0.888355
0.445 -0.886004
0.446 -0.872186
0.447 -0.87809
0.448 -0.873439
0.449 -0.867921
0.45 -0.886316
0.451 -0.928326
0.452 -0.909634
0.453 -0.910282
0.454 -0.924481
0.455 -0.925031
0.456 -0.912756
0.457 -0.955357
0.458 -0.938913
0.459 -0.897856
0.46 -0.915564
0.461 -0.91531
0.462 -0.920905
0.463 -0.929979
0.464 -0.938553
0.465 -0.942658
0.466 -0.899488
0.467 -0.920662
0.468 -0.929239
0.469 -0.906316
0.47 -0.927514
0.471 -0.946968
0.472 -0.957173
0.473 -0.930222
0.474 -0.93801
0.475 -0.948156
0.476 -0.958239
0.477 -0.952538
0.478 -0.976809
0.479 -0.958209
0.48 -0.970793
0.481 -0.998565
0.482 -0.98172
0.483 -0.987091
0.484 -0.984822
0.485 -0.994369
0.486 -1.02766
0.487 -1.00015
0.488 -1.04642
0.489 -1.00096
0.49 -1.01012
0.491 -1.00797
0.492 -1.0475
0.493 -1.02139
0.494 -1.05342
0.495 -1.0369
0.496 -1.02202
0.497 -1.0715
0.498 -1.04697
0.499 -1.07031
0.5 -1.11195
0.501 -1.04344
0.502 -1.04202
0.503 -1.07397
0.504 -1.07827
0.505 -1.07084
0.506 -1.0842
0.507 -1.09845
0.508 -1.11554
0.509 -1.08344
0.51 -1.10214
0.511 -1.09368
0.512 -1.06296
0.513 -1.17149
0.514 -1.07518
0.515 -1.14895
0.516 -1.08637
0.517 -1.09476
0.518 -1.12764
0.519 -1.12068
0.52 -1.07636
0.521 -1.10422
0.522 -1.11525
0.523 -1.10757
0.524 -1.15771
0.525 -1.12015
0.526 -1.1242
0.527 -1.10998
0.528 -1.11134
0.529 -1.10154
0.53 -1.11923
0.531 -1.09497
0.532 -1.12524
0.533 -1.13382
0.534 -1.17004
0.535 -1.15941
0.536 -1.15773
0.537 -1.15546
0.538 -1.13492
0.539 -1.11002
0.54 -1.17765
0.541 -1.16443
0.542 -1.16859
0.543 -1.16635
0.544 -1.18152
0.545 -1.18187
0.546 -1.16398
0.547 -1.14779
0.548 -1.16526
0.549 -1.20584
0.55 -1.17189
0.551 -1.20038
0.552 -1.25606
0.553 -1.2484
0.554 -1.21091
0.555 -1.18937
0.556 -1.25131
0.557 -1.18795
0.558 -1.26411
0.559 -1.26303
0.56 -1.22439
0.561 -1.29078
0.562 -1.23693
0.563 -1.19682
0.564 -1.25919
0.565 -1.25305
0.566 -1.2351
0.567 -1.23902
0.568 -1.20719
0.569 -1.17335
0.57 -1.2236
0.571 -1.18411
0.572 -1.23348
0.573 -1.22676
0.574 -1.23116
0.575 -1.18445
0.576 -1.2272
0.577 -1.22377
0.578 -1.25443
0.579 -1.19372
0.58 -1.23709
0.581 -1.22904
0.582 -1.2395
0.583 -1.26969
0.584 -1.26726
0.585 -1.26
0.586 -1.25012
0.587 -1.17742
0.588 -1.2723
0.589 -1.24022
0.59 -1.18337
0.591 -1.24671
0.592 -1.19204
0.593 -1.29482
0.594 -1.27722
0.595 -1.29254
0.596 -1.24902
0.597 -1.23834
0.598 -1.2707
0.599 -1.25592
0.6 -1.26885
0.601 -1.24458
0.602 -1.18031
0.603 -1.29992
0.604 -1.22913
0.605 -1.20254
0.606 -1.23235
0.607 -1.26294
0.608 -1.23415
0.609 -1.26212
0.61 -1.23815
0.611 -1.30507
0.612 -1.30918
0.613 -1.23391
0.614 -1.29093
0.615 -1.26664
0.616 -1.27469
0.617 -1.26477
0.618 -1.26269
0.619 -1.25383
0.62 -1.30122
0.621 -1.26694
0.622 -1.24119
0.623 -1.30646
0.624 -1.25832
0.625 -1.27967
0.626 -1.28003
0.627 -1.27322
0.628 -1.30485
0.629 -1.27281
0.63 -1.31375
0.631 -1.28572
0.632 -1.30343
0.633 -1.3354
0.634 -1.33904
0.635 -1.35238
0.636 -1.31554
0.637 -1.33478
0.638 -1.34976
0.639 -1.32837
0.64 -1.31885
0.641 -1.37531
0.642 -1.38557
0.643 -1.31596
0.644 -1.38281
0.645 -1.43406
0.646 -1.417
0.647 -1.37488
0.648 -1.41329
0.649 -1.35406
0.65 -1.37384
0.651 -1.41505
0.652 -1.44022
0.653 -1.41213
0.654 -1.41454
0.655 -1.44657
0.656 -1.4373
0.657 -1.39932
0.658 -1.48544
0.659 -1.46277
0.66 -1.42936
0.661 -1.3588
0.662 -1.50832
0.663 -1.47188
0.664 -1.39444
0.665 -1.45744
0.666 -1.51645
0.667 -1.46067
0.668 -1.47536
0.669 -1.50963
0.67 -1.56624
0.671 -1.4701
0.672 -1.48652
0.673 -1.54185
0.674 -1.42233
0.675 -1.52413
0.676 -1.42892
0.677 -1.47156
0.678 -1.5211
0.679 -1.46609
0.68 -1.4784
0.681 -1.44746
0.682 -1.46694
0.683 -1.51522
0.684 -1.54033
0.685 -1.5221
0.686 -1.52432
0.687 -1.44346
0.688 -1.54139
0.689 -1.50648
0.69 -1.57681
0.691 -1.58828
0.692 -1.52544
0.693 -1.55861
0.694 -1.56685
0.695 -1.53576
0.696 -1.56076
0.697 -1.51766
0.698 -1.68105
0.699 -1.61124
0.7 -1.55071
0.701 -1.57227
0.702 -1.5288
0.703 -1.57245
0.704 -1.57961
0.705 -1.50047
0.706 -1.54577
0.707 -1.70096
0.708 -1.62463
0.709 -1.60354
0.71 -1.69491
0.711 -1.60655
0.712 -1.65546
0.713 -1.64632
0.714 -1.6274
0.715 -1.66795
0.716 -1.56434
0.717 -1.6325
0.718 -1.67209
0.719 -1.72994
0.72 -1.73343
0.721 -1.69354
0.722 -1.64579
0.723 -1.70135
0.724 -1.63651
0.725 -1.66988
0.726 -1.71005
0.727 -1.66677
0.728 -1.65843
0.729 -1.69677
0.73 -1.74883
0.731 -1.70105
0.732 -1.7267
0.733 -1.68752
0.734 -1.82115
0.735 -1.74989
0.736 -1.73945
0.737 -1.85191
0.738 -1.69585
0.739 -1.66896
0.74 -1.68441
0.741 -1.86019
0.742 -1.75711
0.743 -1.65669
0.744 -1.7094
0.745 -1.77353
0.746 -1.82191
0.747 -1.91702
0.748 -1.8019
0.749 -1.86537
0.75 -1.71134
0.751 -1.77534
0.752 -1.73883
0.753 -1.9143
0.754 -1.77477
0.755 -1.67262
0.756 -1.79385
0.757 -1.79591
0.758 -1.71965
0.759 -1.62658
0.76 -1.81514
0.761 -1.85095
0.762 -1.73036
0.763 -1.69167
0.764 -1.80827
0.765 -1.90562
0.766 -1.75494
0.767 -1.7802
0.768 -1.77154
0.769 -1.86154
0.77 -1.7989
0.771 -1.82109
0.772 -1.82067
0.773 -1.78934
0.774 -1.84405
0.775 -1.85837
0.776 -1.78803
0.777 -1.76679
0.778 -1.83381
0.779 -1.96967
0.78 -1.75088
0.781 -1.87436
0.782 -1.83287
0.783 -1.85909
0.784 -1.73631
0.785 -1.75855
0.786 -1.83514
0.787 -1.84809
0.788 -1.80698
0.789 -2.07387
0.79 -1.77589
0.791 -1.99974
0.792 -1.93955
0.793 -1.8658
0.794 -1.89568
0.795 -1.80513
0.796 -1.79972
0.797 -1.9356
0.798 -1.87651
0.799 -1.87299
0.8 -1.9412
0.801 -1.96671
0.802 -1.93668
0.803 -1.90122
0.804 -1.77459
0.805 -1.83024
0.806 -1.96723
0.807 -1.9192
0.808 -1.85816
0.809 -1.79513
0.81 -1.81593
0.811 -1.9371
0.812 -1.80333
0.813 -1.84613
0.814 -1.82037
0.815 -1.925
0.816 -2.0671
0.817 -1.97089
0.818 -1.85449
0.819 -1.84139
0.82 -1.90633
0.821 -2.00023
0.822 -2.03345
0.823 -2.03582
0.824 -1.85363
0.825 -2.0106
0.826 -1.78909
0.827 -1.96722
0.828 -1.99812
0.829 -1.89362
0.83 -1.78069
0.831 -1.82164
0.832 -1.8351
0.833 -2.19504
0.834 -1.92087
0.835 -1.86898
0.836 -2.06021
0.837 -1.90222
0.838 -1.98255
0.839 -1.95086
0.84 -2.10095
0.841 -1.9309
0.842 -2.06889
0.843 -2.05398
0.844 -1.93659
0.845 -1.97875
0.846 -1.88314
0.847 -2.02992
0.848 -2.00441
0.849 -2.06509
0.85 -1.95077
0.851 -1.97869
0.852 -1.98357
0.853 -2.17353
0.854 -2.05156
0.855 -1.8724
0.856 -2.00426
0.857 -1.81959
0.858 -2.06248
0.859 -1.92513
0.86 -2.11771
0.861 -2.04498
0.862 -1.90557
0.863 -1.96004
0.864 -1.95601
0.865 -1.90857
0.866 -2.06763
0.867 -2.05023
0.868 -1.90352
0.869 -2.05901
0.87 -2.00897
0.871 -1.86895
0.872 -2.20122
0.873 -2.02367
0.874 -2.08843
0.875 -1.96922
0.876 -2.20181
0.877 -2.04963
0.878 -2.234
0.879 -1.76346
0.88 -2.00402
0.881 -2.11585
0.882 -2.23223
0.883 -2.14133
0.884 -1.99746
0.885 -2.09635
0.886 -2.17717
0.887 -2.28413
0.888 -1.91221
0.889 -2.06353
0.89 -1.90207
0.891 -2.17707
0.892 -2.04398
0.893 -2.17513
0.894 -2.14846
0.895 -2.22257
0.896 -2.10446
0.897 -1.95298
0.898 -2.11888
0.899 -1.93223
0.9 -2.196
0.901 -2.10128
0.902 -1.97249
0.903 -1.99625
0.904 -2.0163
0.905 -2.0198
0.906 -2.13158
0.907 -1.96926
0.908 -2.122
0.909 -1.98141
0.91 -2.13757
0.911 -2.31566
0.912 -2.09016
0.913 -2.25896
0.914 -2.10195
0.915 -2.12251
0.916 -1.93637
0.917 -2.05564
0.918 -2.06661
0.919 -2.27415
0.92 -2.32016
0.921 -2.0513
0.922 -1.87719
0.923 -1.91526
0.924 -2.49082
0.925 -1.97429
0.926 -2.08874
0.927 -1.95232
0.928 -2.42667
0.929 -2.09764
0.93 -2.149
0.931 -2.01638
0.932 -2.11298
0.933 -2.09228
0.934 -2.04883
0.935 -1.94545
0.936 -2.17956
0.937 -2.19313
0.938 -2.03797
0.939 -2.01949
0.94 -2.33607
0.941 -2.06261
0.942 -2.07875
0.943 -2.27741
0.944 -2.18049
0.945 -2.19513
0.946 -2.27728
0.947 -2.41838
0.948 -2.28295
0.949 -2.03443
0.95 -2.35439
0.951 -2.15437
0.952 -2.13941
0.953 -2.30464
0.954 -2.13591
0.955 -2.12967
0.956 -2.12747
0.957 -2.53128
0.958 -2.24196
0.959 -2.04648
0.96 -2.21211
0.961 -2.7059
0.962 -2.1666
0.963 -2.07332
0.964 -2.33315
0.965 -2.17875
0.966 -2.11292
0.967 -2.24312
0.968 -2.07288
0.969 -2.27769
0.97 -2.04335
0.971 -2.17296
0.972 -2.04657
0.973 -2.26396
0.974 -2.21976
0.975 -2.04527
0.976 -2.22769
0.977 -2.26526
0.978 -2.0039
0.979 -2.01143
0.98 -2.33226
0.981 -2.07782
0.982 -2.08339
0.983 -2.22915
0.984 -2.45782
0.985 -2.14332
0.986 -1.99529
0.987 -2.18496
0.988 -2.21804
0.989 -2.28693
0.99 -2.30855
0.991 -2.04327
0.992 -2.22518
0.993 -1.96787
0.994 -2.30553
0.995 -2.38498
0.996 -1.96513
0.997 -2.45819
0.998 -2.16974
0.999 -2.19271
1 -2.26809
1.001 -2.25356
1.002 -2.21956
1.003 -2.00931
1.004 -2.18262
1.005 -1.95986
1.006 -2.22236
1.007 -2.28558
1.008 -2.25897
1.009 -2.17087
1.01 -2.37479
1.011 -2.10139
1.012 -2.04426
1.013 -2.18354
1.014 -2.09315
1.015 -2.22291
1.016 -2.01908
1.017 -2.14808
1.018 -2.15648
1.019 -1.95842
1.02 -2.28481
1.021 -2.21825
1.022 -2.27016
1.023 -2.13702
1.024 -2.1592
1.025 -2.30093
1.026 -2.29855
1.027 -2.20773
1.028 -2.1465
1.029 -2.15417
1.03 -2.28235
1.031 -2.2955
1.032 -2.00699
1.033 -2.20976
1.034 -2.38604
1.035 -1.99069
1.036 -2.27193
1.037 -2.53374
1.038 -2.24017
1.039 -2.28713
1.04 -2.23092
1.041 -2.23398
1.042 -2.17144
1.043 -2.48518
1.044 -2.26593
1.045 -2.13775
1.046 -2.23721
1.047 -2.19154
1.048 -2.33211
1.049 -2.25232
1.05 -2.14983
1.051 -2.22142
1.052 -2.29976
1.053 -2.06337
1.054 -2.34191
1.055 -2.28465
1.056 -2.15561
1.057 -2.10962
1.058 -2.12483
1.059 -2.2175
1.06 -2.49026
1.061 -2.20784
1.062 -2.15379
1.063 -2.37647
1.064 -2.24222
1.065 -2.17157
1.066 -2.28382
1.067 -1.94066
1.068 -2.25299
1.069 -2.04747
1.07 -2.39421
1.071 -2.36408
1.072 -2.22416
1.073 -2.30975
1.074 -2.14146
1.075 -2.09598
1.076 -2.22308
1.077 -2.55965
1.078 -2.38964
1.079 -2.49379
1.08 -1.96378
1.081 -2.24847
1.082 -2.13257
1.083 -2.29757
1.084 -2.64651
1.085 -2.39543
1.086 -2.53475
1.087 -2.26875
1.088 -2.40296
1.089 -2.13216
1.09 -2.21235
1.091 -2.16968
1.092 -2.54105
1.093 -2.13953
1.094 -2.2774
1.095 -2.0704
1.096 -2.14911
1.097 -2.25552
1.098 -2.25273
1.099 -2.11812
1.1 -2.26331
1.101 -2.56094
1.102 -2.00124
1.103 -2.28163
1.104 -2.27546
1.105 -2.3547
1.106 -2.35854
1.107 -2.4825
1.108 -2.11282
1.109 -2.38552
1.11 -2.58538
1.111 -2.35521
1.112 -2.26314
1.113 -2.27725
1.114 -2.22308
1.115 -2.01091
1.116 -2.25892
1.117 -2.2468
1.118 -2.55859
1.119 -2.32131
1.12 -2.35705
1.121 -2.16727
1.122 -2.65431
1.123 -2.31049
1.124 -2.35488
1.125 -2.18037
1.126 -2.51115
1.127 -2.32442
1.128 -2.47232
1.129 -2.20027
1.13 -2.18017
1.131 -2.32838
1.132 -2.10465
1.133 -2.30289
1.134 -2.21009
1.135 -2.25253
1.136 -2.24095
1.137 -1.92138
1.138 -2.49293
1.139 -2.49219
1.14 -2.39592
1.141 -2.33995
1.142 -2.34604
1.143 -2.26396
1.144 -2.30112
1.145 -2.34869
1.146 -2.64725
1.147 -2.35762
1.148 -2.30159
1.149 -2.3987
1.15 -2.10215
1.151 -2.15558
1.152 -2.2696
1.153 -2.69884
1.154 -2.09753
1.155 -2.22071
1.156 -2.43279
1.157 -2.16957
1.158 -2.29131
1.159 -2.35149
1.16 -2.34551
1.161 -2.31594
1.162 -2.09342
1.163 -2.30311
1.164 -2.1871
1.165 -2.16712
1.166 -2.21917
1.167 -2.49543
1.168 -2.23877
1.169 -2.42606
1.17 -2.24268
1.171 -2.31739
1.172 -2.1948
1.173 -2.49753
1.174 -2.48389
1.175 -2.19118
1.176 -2.68748
1.177 -2.17226
1.178 -2.42141
1.179 -2.12173
1.18 -2.04131
1.181 -2.17937
1.182 -2.44986
1.183 -2.57102
1.184 -2.30541
1.185 -2.38724
1.186 -2.20894
1.187 -2.30385
1.188 -2.46368
1.189 -2.56213
1.19 -2.40592
1.191 -2.27669
1.192 -2.38182
1.193 -2.48856
1.194 -2.27852
1.195 -2.41486
1.196 -2.33863
1.197 -2.39706
1.198 -2.28293
1.199 -2.39916
1.2 -2.54282
1.201 -2.26559
1.202 -2.34505
1.203 -2.20931
1.204 -2.92817
1.205 -2.78141
1.206 -2.52224
1.207 -2.27006
1.208 -2.49252
1.209 -2.11
1.21 -2.41739
1.211 -2.24811
1.212 -2.64517
1.213 -2.42306
1.214 -2.43317
1.215 -2.49413
1.216 -2.29183
1.217 -2.14831
1.218 -2.28026
1.219 -2.40913
1.22 -2.15726
1.221 -2.30457
1.222 -2.24346
1.223 -2.68316
1.224 -2.35701
1.225 -2.4243
1.226 -2.26621
1.227 -2.69657
1.228 -2.41165
1.229 -2.57725
1.23 -2.15062
1.231 -2.48807
1.232 -2.20417
1.233 -2.53226
1.234 -2.23177
1.235 -2.96196
1.236 -2.37142
1.237 -2.23172
1.238 -2.57469
1.239 -2.42127
1.24 -2.47454
1.241 -2.394
1.242 -2.31443
1.243 -2.29183
1.244 -2.51195
1.245 -2.09404
1.246 -2.72357
1.247 -2.39098
1.248 -2.32461
1.249 -2.31887
1.25 -2.41145
1.251 -2.25643
1.252 -2.30641
1.253 -2.40011
1.254 -2.48299
1.255 -2.61955
1.256 -2.25301
1.257 -2.57415
1.258 -2.60898
1.259 -2.14716
1.26 -2.4438
1.261 -2.54749
1.262 -2.54415
1.263 -2.23517
1.264 -2.36189
1.265 -2.6189
1.266 -2.28453
1.267 -2.47855
1.268 -2.56965
1.269 -2.23578
1.27 -2.28747
1.271 -2.3045
1.272 -2.70653
1.273 -3.10194
1.274 -2.5213
1.275 -2.19662
1.276 -2.16496
1.277 -2.47853
1.278 -2.61652
1.279 -2.30978
1.28 -2.16665
1.281 -2.32413
1.282 -2.42504
1.283 -2.47524
1.284 -2.53815
1.285 -2.36548
1.286 -2.23442
1.287 -2.6304
1.288 -2.25806
1.289 -2.38274
1.29 -2.43215
1.291 -2.19316
1.292 -2.56693
1.293 -2.32023
1.294 -2.31118
1.295 -2.23072
1.296 -2.49283
1.297 -2.40391
1.298 -2.53388
1.299 -2.25214
1.3 -2.46067
1.301 -2.56547
1.302 -2.41045
1.303 -2.74323
1.304 -2.07395
1.305 -2.63247
1.306 -2.72945
1.307 -2.36119
1.308 -2.80371
1.309 -2.37733
1.31 -2.34337
1.311 -2.37892
1.312 -2.66045
1.313 -2.3982
1.314 -2.61997
1.315 -2.30572
1.316 -2.12602
1.317 -2.69077
1.318 -3.0003
1.319 -3.0403
1.32 -2.26416
1.321 -2.59903
1.322 -2.32512
1.323 -2.52745
1.324 -2.20032
1.325 -2.20988
1.326 -2.7074
1.327 -2.27306
1.328 -2.39936
1.329 -2.21009
1.33 -2.1859
1.331 -2.4609
1.332 -2.47866
1.333 -2.40987
1.334 -2.21436
1.335 -2.49082
1.336 -2.65728
1.337 -2.29183
1.338 -2.60488
1.339 -2.64032
1.34 -2.40791
1.341 -2.64822
1.342 -2.23622
1.343 -2.39096
1.344 -2.60289
1.345 -2.14347
1.346 -2.35133
1.347 -2.47697
1.348 -2.42378
1.349 -2.73425
1.35 -2.22007
1.351 -2.72678
1.352 -2.69224
1.353 -2.37504
1.354 -2.3534
1.355 -2.60928
1.356 -3.19979
1.357 -2.29711
1.358 -2.43907
1.359 -2.57401
1.36 -2.38672
1.361 -2.15851
1.362 -2.69349
1.363 -2.66763
1.364 -2.2914
1.365 -2.50208
1.366 -2.61804
1.367 -2.95584
1.368 -2.72471
1.369 -2.54729
1.37 -2.88469
1.371 -2.71809
1.372 -2.64155
1.373 -2.66441
1.374 -2.01211
1.375 -2.60433
1.376 -2.3376
1.377 -2.27436
1.378 -2.59039
1.379 -2.23497
1.38 -2.66994
1.381 -2.18969
1.382 -2.5756
1.383 -2.22248
1.384 -2.39635
1.385 -2.56145
1.386 -2.53041
1.387 -2.33839
1.388 -2.441
1.389 -2.51444
1.39 -2.66234
1.391 -2.29237
1.392 -2.57692
1.393 -2.889
1.394 -2.25312
1.395 -2.60561
1.396 -2.4147
1.397 -2.4153
1.398 -2.23336
1.399 -2.72926
1.4 -2.32513
1.401 -2.50487
1.402 -2.77111
1.403 -2.87211
1.404 -2.8709
1.405 -2.24091
1.406 -2.43519
1.407 -2.31453
1.408 -2.51571
1.409 -2.71132
1.41 -2.49298
1.411 -2.50307
1.412 -2.35814
1.413 -2.50026
1.414 -2.08498
1.415 -2.82245
1.416 -2.39723
1.417 -2.58736
1.418 -2.37995
1.419 -3.05013
1.42 -2.53915
1.421 -2.29791
1.422 -2.21632
1.423 -2.44185
1.424 -2.59807
1.425 -2.45209
1.426 -2.39885
1.427 -2.24859
1.428 -2.40905
1.429 -2.7717
1.43 -2.57744
1.431 -2.39948
1.432 -2.43812
1.433 -2.38795
1.434 -2.37298
1.435 -2.57955
1.436 -2.3145
1.437 -2.24352
1.438 -2.48252
1.439 -2.64354
1.44 -2.52184
1.441 -2.64495
1.442 -2.6486
1.443 -2.2108
1.444 -3.44768
1.445 -2.57583
1.446 -2.48931
1.447 -2.19699
1.448 -2.50992
1.449 -2.38101
1.45 -2.50093
1.451 -2.57106
1.452 -2.6053
1.453 -2.76622
1.454 -2.58335
1.455 -2.7411
1.456 -2.30215
1.457 -2.63756
1.458 -2.5601
1.459 -2.69599
1.46 -2.78106
1.461 -2.49938
1.462 -2.5111
1.463 -2.50503
1.464 -2.63921
1.465 -2.55575
1.466 -2.47631
1.467 -2.50836
1.468 -3.38312
1.469 -2.42157
1.47 -2.39909
1.471 -2.74798
1.472 -2.33047
1.473 -2.34052
1.474 -2.85785
1.475 -2.97145
1.476 -2.72184
1.477 -2.68416
1.478 -2.41928
1.479 -3.30099
1.48 -2.3948
1.481 -2.26385
1.482 -2.45257
1.483 -2.37475
1.484 -2.38561
1.485 -2.68641
1.486 -2.7883
1.487 -2.81133
1.488 -2.51793
1.489 -2.82134
1.49 -2.51101
1.491 -2.50144
1.492 -2.6732
1.493 -2.34721
1.494 -2.77606
1.495 -2.60654
1.496 -2.42259
1.497 -2.49655
1.498 -2.57626
1.499 -2.59318
1.5 -2.46282
1.501 -2.79259
1.502 -2.5174
1.503 -2.68692
1.504 -2.88575
1.505 -2.56815
1.506 -2.39159
1.507 -2.65116
1.508 -2.70429
1.509 -2.65443
1.51 -3.01721
1.511 -2.6829
1.512 -2.59992
1.513 -2.28527
1.514 -2.45573
1.515 -2.70514
1.516 -2.47781
1.517 -2.31052
1.518 -2.34007
1.519 -2.80379
1.52 -2.67711
1.521 -3.10495
1.522 -2.47856
1.523 -2.46366
1.524 -3.64723
1.525 -2.79445
1.526 -2.33987
1.527 -2.40927
1.528 -3.09173
1.529 -2.60361
1.53 -2.89697
1.531 -2.87443
1.532 -2.67046
1.533 -2.26638
1.534 -2.6504
1.535 -2.25602
1.536 -2.45804
1.537 -3.0658
1.538 -2.422
1.539 -2.39013
1.54 -2.43027
1.541 -2.40421
1.542 -2.83032
1.543 -2.76154
1.544 -2.61394
1.545 -2.41781
1.546 -2.5118
1.547 -2.44542
1.548 -2.35069
1.549 -2.46275
1.55 -2.60239
1.551 -2.57903
1.552 -2.43727
1.553 -2.42496
1.554 -2.40553
1.555 -2.64372
1.556 -2.60744
1.557 -2.42953
1.558 -2.4957
1.559 -2.50009
1.56 -2.70803
1.561 -2.38661
1.562 -2.70684
1.563 -2.56016
1.564 -2.69514
1.565 -2.94843
1.566 -2.50403
1.567 -3.78876
1.568 -2.77114
1.569 -2.94233
1.57 -2.52277
1.571 -2.61391
1.572 -2.24851
1.573 -3.02873
1.574 -2.79845
1.575 -3.10106
1.576 -3.31065
1.577 -2.77113
1.578 -2.61306
1.579 -2.48182
1.58 -3.4491
1.581 -2.39915
1.582 -2.52079
1.583 -2.54588
1.584 -2.51136
1.585 -2.83624
1.586 -2.3378
1.587 -2.59544
1.588 -3.4301
1.589 -2.71596
1.59 -2.55415
1.591 -2.54716
1.592 -2.27821
1.593 -2.94312
1.594 -3.2358
1.595 -2.47169
1.596 -2.40527
1.597 -2.57941
1.598 -2.3965
1.599 -2.61589
1.6 -2.40146
1.601 -2.25103
1.602 -2.25687
1.603 -2.53745
1.604 -3.02984
1.605 -2.32964
1.606 -3.53343
1.607 -2.61018
1.608 -2.83783
1.609 -2.69249
1.61 -2.54732
1.611 -2.83314
1.612 -2.8227
1.613 -2.63475
1.614 -2.57123
1.615 -2.43221
1.616 -2.37699
1.617 -2.55448
1.618 -2.72268
1.619 -2.67979
1.62 -2.57326
1.621 -2.87214
1.622 -3.08769
1.623 -2.8326
1.624 -2.87146
1.625 -2.44552
1.626 -2.37204
1.627 -2.52746
1.628 -2.85151
1.629 -2.68418
1.63 -2.89568
1.631 -2.5693
1.632 -3.01554
1.633 -2.48993
1.634 -2.58784
1.635 -3.06472
1.636 -3.09589
1.637 -2.83905
1.638 -2.26975
1.639 -2.96559
1.64 -2.69051
1.641 -2.58995
1.642 -2.86623
1.643 -2.33451
1.644 -2.88215
1.645 -2.65746
1.646 -2.71331
1.647 -2.74629
1.648 -2.55927
1.649 -2.21871
1.65 -2.80454
1.651 -2.58147
1.652 -2.50984
1.653 -2.8972
1.654 -2.63851
1.655 -2.77443
1.656 -2.48498
1.657 -2.45773
1.658 -2.80576
1.659 -2.52293
1.66 -2.66005
1.661 -2.37499
1.662 -2.3437
1.663 -2.62614
1.664 -2.63032
1.665 -3.06061
1.666 -2.45491
1.667 -2.41092
1.668 -2.29247
1.669 -3.19276
1.67 -2.28987
1.671 -2.59353
1.672 -2.66113
1.673 -2.3319
1.674 -2.45913
1.675 -2.44767
1.676 -2.82407
1.677 -2.66314
1.678 -2.81285
1.679 -2.41519
1.68 -2.46999
1.681 -2.56503
1.682 -2.74159
1.683 -2.74668
1.684 -2.77999
1.685 -3.35202
1.686 -2.56174
1.687 -2.73317
1.688 -2.73931
1.689 -2.73303
1.69 -2.59087
1.691 -3.63567
1.692 -3.23464
1.693 -3.11454
1.694 -2.68059
1.695 -3.00849
1.696 -2.39126
1.697 -2.69457
1.698 -2.43517
1.699 -2.33312
1.7 -2.86342
1.701 -2.71633
1.702 -2.65262
1.703 -2.60806
1.704 -2.82067
1.705 -2.55019
1.706 -2.76101
1.707 -3.01897
1.708 -2.59851
1.709 -2.48384
1.71 -2.78042
1.711 -3.20521
1.712 -2.30048
1.713 -2.53076
1.714 -3.43155
1.715 -2.59688
1.716 -2.65824
1.717 -2.79804
1.718 -2.5683
1.719 -2.70312
1.72 -2.77679
1.721 -2.18778
1.722 -2.55943
1.723 -3.44242
1.724 -2.71964
1.725 -2.61897
1.726 -2.38127
1.727 -2.64917
1.728 -3.0422
1.729 -2.74193
1.73 -2.68192
1.731 -2.53544
1.732 -2.65889
1.733 -2.77172
1.734 -2.48613
1.735 -2.6367
1.736 -2.8179
1.737 -2.64587
1.738 -2.59763
1.739 -2.46112
1.74 -2.78606
1.741 -2.88983
1.742 -2.51575
1.743 -2.65033
1.744 -2.51762
1.745 -2.63812
1.746 -3.04692
1.747 -2.39356
1.748 -2.45649
1.749 -2.88931
1.75 -2.25793
1.751 -2.94496
1.752 -2.95787
1.753 -2.67321
1.754 -2.69947
1.755 -3.30566
1.756 -2.43676
1.757 -2.74051
1.758 -2.76235
1.759 -2.41593
1.76 -2.5745
1.761 -2.47998
1.762 -2.82079
1.763 -2.62851
1.764 -2.87151
1.765 -3.17434
1.766 -3.49443
1.767 -2.91261
1.768 -2.75033
1.769 -2.59478
1.77 -2.91011
1.771 -2.44437
1.772 -2.41018
1.773 -3.24766
1.774 -2.54754
1.775 -3.17059
1.776 -2.44931
1.777 -2.85168
1.778 -2.69037
1.779 -2.55225
1.78 -2.97055
1.781 -2.59844
1.782 -2.84606
1.783 -2.64923
1.784 -3.06773
1.785 -2.77374
1.786 -2.66479
1.787 -2.34288
1.788 -2.75823
1.789 -2.86258
1.79 -2.78052
1.791 -2.72846
1.792 -2.44214
1.793 -2.79418
1.794 -2.30676
1.795 -2.42252
1.796 -2.80021
1.797 -2.67289
1.798 -2.70035
1.799 -2.65068
1.8 -2.69067
1.801 -2.66306
1.802 -3.95204
1.803 -2.37743
1.804 -2.67943
1.805 -2.5083
1.806 -2.51302
1.807 -2.72746
1.808 -2.897
1.809 -2.7481
1.81 -3.34269
1.811 -2.90495
1.812 -2.41196
1.813 -2.64738
1.814 -2.86507
1.815 -3.29282
1.816 -2.69774
1.817 -2.59158
1.818 -2.70419
1.819 -2.92163
1.82 -2.82463
1.821 -2.48059
1.822 -3.31326
1.823 -3.07631
1.824 -2.73667
1.825 -2.72094
1.826 -2.71356
1.827 -2.76199
1.828 -3.19486
1.829 -5.26413
1.83 -2.9986
1.831 -2.73066
1.832 -2.52756
1.833 -2.96388
1.834 -2.78953
1.835 -2.2922
1.836 -2.52111
1.837 -3.37899
1.838 -2.5023
1.839 -2.77774
1.84 -2.76278
1.841 -2.78882
1.842 -2.30729
1.843 -2.48368
1.844 -2.83765
1.845 -2.45668
1.846 -2.60114
1.847 -2.44815
1.848 -2.76378
1.849 -2.65997
1.85 -2.58675
1.851 -2.62514
1.852 -2.77651
1.853 -3.98182
1.854 -2.71521
1.855 -2.71902
1.856 -2.81191
1.857 -2.72212
1.858 -2.36642
1.859 -3.22688
1.86 -3.19357
1.861 -2.6125
1.862 -2.48448
1.863 -3.10681
1.864 -2.54073
1.865 -2.48894
1.866 -3.10366
1.867 -2.57174
1.868 -2.67833
1.869 -2.65225
1.87 -2.56634
1.871 -2.64854
1.872 -2.53762
1.873 -2.94115
1.874 -2.46321
1.875 -2.47298
1.876 -2.43689
1.877 -2.81142
1.878 -2.62432
1.879 -2.53205
1.88 -2.66597
1.881 -2.54026
1.882 -3.27719
1.883 -3.10602
1.884 -3.18107
1.885 -2.82373
1.886 -2.49837
1.887 -2.68084
1.888 -2.60106
1.889 -3.02869
1.89 -2.53803
1.891 -2.98467
1.892 -2.50157
1.893 -2.58181
1.894 -2.43846
1.895 -2.89895
1.896 -2.53397
1.897 -2.84246
1.898 -2.70576
1.899 -3.20133
1.9 -2.79453
1.901 -3.07979
1.902 -2.41182
1.903 -3.0359
1.904 -2.60255
1.905 -2.54382
1.906 -2.60649
1.907 -2.8782
1.908 -2.58778
1.909 -2.84578
1.91 -2.61396
1.911 -2.6968
1.912 -3.34477
1.913 -3.1868
1.914 -2.71505
1.915 -4.46249
1.916 -4.37341
1.917 -3.36385
1.918 -2.65624
1.919 -2.9915
1.92 -2.7588
1.921 -2.91713
1.922 -2.48431
1.923 -2.54865
1.924 -2.50617
1.925 -2.50517
1.926 -2.77008
1.927 -2.35897
1.928 -2.84301
1.929 -2.6798
1.93 -2.87925
1.931 -2.68976
1.932 -2.68122
1.933 -2.87682
1.934 -2.75441
1.935 -2.78463
1.936 -2.95386
1.937 -2.61003
1.938 -2.54917
1.939 -3.0099
1.94 -2.49675
1.941 -2.62577
1.942 -2.78476
1.943 -2.93605
1.944 -2.68134
1.945 -2.31299
1.947 -2.62481
1.948 -2.66488
1.949 -2.98509
1.95 -2.73995
1.951 -2.44162
1.952 -2.48201
1.953 -2.71605
1.954 -2.69042
1.955 -2.79959
1.956 -2.56177
1.957 -2.81572
1.958 -2.26434
1.959 -3.02257
1.96 -2.7897
1.961 -2.62607
1.962 -2.93327
1.963 -2.63258
1.964 -2.71953
1.965 -2.75461
1.966 -2.86791
1.967 -2.442
1.968 -2.62597
1.969 -5.48197
1.97 -2.81466
1.971 -2.60572
1.972 -2.58315
1.973 -2.54688
1.974 -2.41823
1.975 -2.90491
1.976 -3.10002
1.977 -2.59085
1.978 -2.68478
1.979 -2.51575
1.98 -3.15443
1.981 -2.87095
1.982 -2.85174
1.983 -2.9695
1.984 -3.07137
1.985 -2.86686
1.986 -2.55677
1.987 -2.69794
1.988 -2.83928
1.989 -3.2104
1.99 -3.01893
1.991 -2.80352
1.992 -3.42829
1.993 -2.20117
1.994 -2.95585
1.995 -2.66665
1.996 -2.51833
1.997 -2.67146
1.998 -2.56775
1.999 -2.89121
2 -2.3879
2.001 -2.73147
2.002 -3.0121
2.003 -2.68721
2.004 -2.63652
2.005 -2.5963
2.006 -2.26047
2.007 -2.3764
2.008 -3.1718
2.009 -2.5471
2.01 -3.08237
2.011 -2.71688
2.012 -2.60483
2.013 -3.15623
2.014 -3.06573
2.015 -2.88969
2.016 -2.27275
2.017 -2.8988
2.018 -2.57517
2.019 -2.56179
2.02 -2.69691
2.021 -2.61944
2.022 -4.12142
2.023 -2.7706
2.024 -2.92242
2.025 -2.92971
2.026 -2.43893
2.027 -3.11875
2.028 -3.01796
2.029 -2.75529
2.03 -2.8889
2.031 -2.90037
2.032 -2.80936
2.033 -3.05467
2.034 -3.6572
2.035 -2.44578
2.036 -2.66407
2.037 -2.57134
2.038 -3.41903
2.039 -2.40921
2.04 -2.68731
2.041 -3.01362
2.042 -3.10119
2.043 -3.44802
2.044 -3.0009
2.045 -2.46985
2.046 -2.62285
2.047 -2.7997
2.048 -2.80468
2.049 -2.36677
2.05 -3.78786
2.051 -3.579
2.052 -2.91637
2.053 -2.68029
2.054 -2.75299
2.055 -2.61989
2.056 -3.17504
2.057 -2.5575
2.058 -2.72321
2.059 -2.95621
2.06 -2.83011
2.061 -2.79059
2.062 -2.6438
2.063 -2.62144
2.064 -3.29932
2.065 -2.80804
2.066 -2.50418
2.067 -3.09825
2.068 -3.0084
2.069 -3.11812
2.07 -2.63859
2.071 -3.04828
2.072 -2.99525
2.073 -2.98958
2.074 -2.92386
2.075 -2.88123
2.076 -2.52051
2.077 -2.43084
2.078 -2.53556
2.079 -2.88466
2.08 -2.94832
2.081 -3.05422
2.082 -3.25754
2.083 -2.94824
2.084 -2.94022
2.085 -2.51968
2.086 -2.81586
2.087 -2.7487
2.088 -2.46298
2.089 -2.43439
2.09 -2.49407
2.091 -2.80773
2.092 -2.85328
2.093 -2.8505
2.094 -2.64437
2.095 -3.1132
2.096 -2.56517
2.097 -3.388
2.098 -2.79766
2.099 -2.70363
2.1 -2.40273
2.101 -4.43102
2.102 -2.91547
2.103 -2.49727
2.104 -2.2993
2.105 -2.71928
2.106 -2.71557
2.107 -2.7887
2.108 -4.30445
2.109 -2.82527
2.11 -3.26757
2.111 -2.79956
2.112 -3.0628
2.113 -2.82113
2.114 -3.19904
2.115 -3.03623
2.116 -3.08494
2.117 -2.66606
2.118 -2.79244
2.119 -2.91512
2.12 -3.15467
2.121 -2.646
2.122 -3.09612
2.123 -2.74954
2.124 -2.81109
2.125 -2.64137
2.126 -3.0438
2.127 -2.79298
2.128 -3.2886
2.129 -2.80787
2.13 -2.64065
2.131 -2.91515
2.132 -2.90386
2.133 -2.81418
2.134 -2.548
2.135 -2.71986
2.136 -3.10445
2.137 -2.77394
2.138 -2.80116
2.139 -2.81609
2.14 -2.91226
2.141 -2.89348
2.142 -3.19905
2.143 -2.79346
2.144 -2.6126
2.145 -2.4696
2.146 -2.75476
2.147 -2.36344
2.148 -2.76721
2.149 -3.06585
2.15 -2.50274
2.151 -3.06111
2.152 -2.65147
2.153 -2.53311
2.154 -2.59338
2.155 -2.62315
2.156 -2.82379
2.157 -2.8616
2.158 -3.11151
2.159 -2.65797
2.16 -2.72018
2.161 -3.02234
2.162 -2.76993
2.163 -2.86179
2.164 -2.88738
2.165 -3.0054
2.166 -2.68023
2.167 -2.49668
2.168 -3.33522
2.169 -3.0653
2.17 -2.5297
2.171 -2.83988
2.172 -3.10689
2.173 -2.62135
2.174 -3.07732
2.175 -2.93437
2.176 -2.53327
2.177 -2.91894
2.178 -2.52435
2.179 -3.09715
2.18 -2.40102
2.181 -3.64377
2.182 -2.66894
2.183 -2.61027
2.184 -2.65896
2.185 -4.31086
2.186 -2.69105
2.187 -2.97375
2.188 -3.37593
2.189 -2.95887
2.19 -2.64414
2.191 -3.05782
2.192 -2.5619
2.193 -3.30439
2.194 -2.5596
2.195 -2.56337
2.196 -2.9332
2.197 -2.41642
2.198 -2.76903
2.199 -2.77643
2.2 -2.45225
2.201 -2.74458
2.202 -2.59775
2.203 -2.72096
2.204 -2.5799
2.205 -2.58965
2.206 -3.08706
2.207 -2.51147
2.208 -2.75312
2.209 -4.63137
2.21 -3.27205
2.211 -2.64594
2.212 -3.06803
2.213 -2.84742
2.214 -3.37556
2.215 -2.91465
2.216 -2.62389
2.217 -2.88938
2.218 -3.00837
2.219 -3.29889
2.22 -2.80592
2.221 -2.9805
2.222 -3.18724
2.223 -3.02072
2.224 -2.72223
2.225 -3.00591
2.226 -2.66082
2.227 -2.71463
2.228 -2.56233
2.229 -2.48192
2.23 -2.87872
2.231 -3.22458
2.232 -2.57369
2.233 -3.00396
2.234 -3.43161
2.235 -4.34755
2.236 -2.5443
2.237 -2.93122
2.238 -2.74897
2.239 -2.87229
2.24 -2.44614
2.241 -2.64837
2.242 -2.5664
2.244 -2.75521
2.245 -2.76292
2.246 -2.36562
2.247 -2.65077
2.248 -2.87549
2.249 -2.46306
2.25 -2.72581
2.251 -3.4775
2.252 -3.11203
2.253 -3.21417
2.254 -2.62254
2.255 -4.34898
2.256 -2.83445
2.257 -2.96657
2.258 -2.93797
2.259 -2.40977
2.26 -3.0825
2.261 -2.69992
2.262 -2.62716
2.263 -3.03223
2.264 -2.58595
2.265 -2.39457
2.266 -2.5808
2.267 -2.58892
2.268 -2.76099
2.269 -3.59456
2.27 -4.45058
2.271 -2.59899
2.272 -4.27257
2.273 -2.89861
2.274 -3.34005
2.275 -2.58746
2.276 -2.66172
2.277 -3.33433
2.278 -3.06258
2.279 -2.63533
2.28 -2.44
2.281 -2.81939
2.282 -2.56391
2.283 -2.85174
2.284 -3.00863
2.285 -2.49201
2.286 -2.42039
2.287 -3.28311
2.288 -2.73894
2.289 -2.73793
2.29 -3.32668
2.291 -2.79065
2.292 -2.61988
2.293 -2.53332
2.294 -2.43265
2.295 -2.83922
2.296 -2.8536
2.297 -3.0853
2.298 -2.98281
2.3 -2.69605
2.301 -2.79454
2.302 -2.67832
2.303 -3.40434
2.304 -2.97082
2.305 -2.84849
2.306 -3.3611
2.307 -2.62445
2.308 -2.49772
2.309 -2.78439
2.31 -2.79808
2.311 -2.99837
2.312 -2.82971
2.313 -3.21901
2.314 -3.20141
2.315 -2.52667
2.316 -3.01919
2.317 -2.44022
2.318 -2.88603
2.319 -2.63736
2.32 -3.10337
2.321 -3.88888
2.322 -3.34854
2.323 -2.56603
2.324 -3.35481
2.325 -2.49596
2.326 -2.78014
2.327 -2.95738
2.328 -2.86883
2.329 -2.7955
2.33 -2.951
2.331 -2.84407
2.332 -2.57625
2.333 -2.35264
2.334 -2.96363
2.335 -3.85419
2.336 -2.48974
2.337 -2.55134
2.338 -3.82128
2.339 -3.04394
2.34 -2.86245
2.341 -2.81056
2.342 -3.07271
2.343 -2.84181
2.344 -2.69994
2.345 -3.30622
2.346 -2.45112
2.347 -2.70782
2.348 -2.7036
2.349 -5.71759
2.35 -3.41929
2.351 -3.05713
2.352 -3.34027
2.353 -2.87602
2.354 -2.79145
2.355 -3.06575
2.356 -2.55721
2.357 -2.57144
2.358 -2.70586
2.359 -2.58006
2.36 -2.61573
2.361 -2.74627
2.362 -2.62962
2.363 -2.79706
2.364 -3.38602
2.365 -2.86127
2.366 -2.66319
2.367 -2.79582
2.368 -3.34361
2.369 -2.90499
2.37 -2.67836
2.371 -3.03679
2.372 -2.70024
2.373 -3.51836
2.374 -3.04987
2.375 -2.71738
2.376 -2.74387
2.377 -3.65072
2.378 -2.9562
2.379 -2.52277
2.38 -2.72595
2.381 -3.04493
2.382 -2.57523
2.383 -3.23945
2.384 -3.1652
2.385 -2.78629
2.386 -2.47367
2.387 -2.6975
2.388 -2.48633
2.389 -2.57105
2.39 -3.09316
2.391 -3.26088
2.392 -4.21992
2.393 -2.27697
2.394 -3.1646
2.395 -2.87498
2.396 -2.8078
2.397 -2.90396
2.398 -2.93492
2.399 -3.04448
2.4 -2.82091
2.401 -2.84188
2.402 -2.83327
2.403 -2.47582
2.404 -2.56035
2.405 -2.75646
2.406 -2.48938
2.407 -3.02681
2.408 -2.77426
2.409 -3.43078
2.41 -4.18917
2.411 -3.70667
2.412 -2.50121
2.413 -3.25703
2.414 -2.70055
2.415 -2.76163
2.416 -3.09509
2.417 -2.68632
2.418 -2.94979
2.419 -2.45568
2.42 -2.83506
2.421 -2.59143
2.422 -2.77909
2.423 -2.69972
2.424 -3.33087
2.425 -2.45832
2.426 -2.85303
2.427 -3.00226
2.428 -5.69247
2.429 -3.04468
2.43 -2.70286
2.431 -2.89289
2.432 -2.3911
2.433 -2.73429
2.434 -2.90125
2.435 -3.00806
2.436 -3.03411
2.437 -2.51062
2.438 -3.05975
2.439 -2.96757
2.44 -2.59919
2.441 -2.81018
2.442 -3.33681
2.443 -3.36534
2.444 -2.63386
2.445 -4.08534
2.446 -2.64536
2.447 -2.55286
2.448 -2.67385
2.449 -2.60768
2.45 -2.51315
2.451 -2.5064
2.452 -3.04646
2.453 -2.85759
2.454 -4.63275
2.455 -3.05713
2.456 -4.02174
2.457 -2.70231
2.458 -2.84983
2.459 -4.4132
2.46 -3.02915
2.461 -2.93605
2.462 -3.20421
2.463 -2.7987
2.464 -2.50853
2.465 -2.60395
2.466 -2.91243
2.467 -3.22531
2.468 -3.75652
2.469 -2.47684
2.47 -2.83402
2.471 -2.80417
2.472 -2.8278
2.473 -2.92832
2.474 -3.87127
2.475 -2.82709
2.476 -2.70793
2.477 -3.11141
2.478 -3.40087
2.479 -2.85927
2.48 -2.77518
2.481 -2.93092
2.482 -2.60947
2.483 -3.97608
2.484 -3.56334
2.485 -2.8155
2.486 -2.61012
2.487 -3.26899
2.488 -2.59892
2.489 -2.5889
2.49 -2.70821
2.491 -2.89078
2.492 -2.89493
2.493 -2.45878
2.494 -2.75791
2.495 -2.6502
2.496 -5.25015
2.497 -2.74939
2.498 -2.90725
2.499 -3.35027
2.5 -4.70464
2.501 -2.54142
2.502 -2.70278
2.503 -3.21609
2.504 -3.15981
2.505 -3.6069
2.506 -3.79213
2.507 -2.9907
2.508 -3.15201
2.509 -3.06117
2.51 -2.29657
2.511 -5.65106
2.512 -2.9945
2.513 -2.7949
2.514 -2.9972
2.515 -3.10366
2.516 -3.96933
2.517 -2.70357
2.518 -2.95097
2.519 -4.62881
2.52 -2.61407
2.521 -2.97444
2.522 -2.60377
2.523 -2.8007
2.524 -2.48963
2.525 -2.98607
2.526 -2.67782
2.528 -5.6228
2.529 -3.09291
2.53 -2.80859
2.531 -3.10076
2.532 -2.77402
2.533 -2.81926
2.534 -3.22737
2.535 -2.52922
2.536 -2.65431
2.537 -3.0006
2.538 -2.98985
2.539 -2.87051
2.541 -3.36197
2.542 -2.72466
2.543 -2.67574
2.544 -2.7201
2.545 -3.2817
2.546 -2.91109
2.547 -2.86097
2.548 -3.17228
2.549 -3.31608
2.55 -2.68722
2.551 -3.41827
2.552 -2.99654
2.553 -2.78969
2.554 -4.44868
2.555 -3.41839
2.556 -2.83613
2.557 -2.8045
2.558 -2.32157
2.559 -2.58908
2.56 -2.56907
2.561 -3.09572
2.562 -3.11154
2.563 -3.24407
2.564 -2.8103
2.565 -4.27019
2.566 -2.64022
2.567 -3.64762
2.568 -2.75968
2.569 -2.85996
2.57 -4.06947
2.571 -4.78157
2.572 -3.21695
2.573 -2.90365
2.574 -2.78158
2.575 -2.62577
2.576 -2.59114
2.577 -2.92556
2.578 -3.32449
2.579 -2.96691
2.58 -2.79457
2.581 -2.92079
2.582 -2.74722
2.583 -2.74764
2.584 -2.33405
2.585 -3.19269
2.586 -2.58272
2.587 -2.56775
2.588 -3.01934
2.589 -3.83661
2.59 -2.68581
2.591 -3.01453
2.592 -2.97921
2.593 -5.26318
2.594 -3.41393
2.595 -3.11587
2.596 -2.6052
2.597 -4.13831
2.598 -2.7451
2.599 -2.97348
2.6 -3.21934
2.601 -3.4696
2.602 -3.24972
2.603 -3.04602
2.604 -2.88726
2.605 -2.72146
2.606 -2.95802
2.607 -2.67167
2.608 -2.71965
2.609 -2.44011
2.61 -2.77254
2.611 -3.45202
2.612 -2.81373
2.613 -2.71847
2.614 -2.89943
2.615 -2.59996
2.616 -4.98605
2.617 -2.90603
2.618 -2.82669
2.619 -3.38462
2.62 -3.06623
2.621 -2.60741
2.622 -2.80219
2.623 -2.8467
2.624 -2.98345
2.625 -4.74206
2.627 -2.64958
2.628 -2.92747
2.629 -2.82663
2.63 -2.85043
2.631 -3.05116
2.632 -4.13227
2.633 -2.77085
2.634 -2.91977
2.635 -3.47368
2.636 -3.0004
2.637 -3.05335
2.638 -2.77363
2.639 -4.44896
2.64 -3.06168
2.641 -3.18552
2.642 -2.80589
2.643 -2.83669
2.644 -4.86919
2.645 -3.43986
2.646 -2.63311
2.647 -2.96337
2.648 -2.71906
2.649 -3.23733
2.65 -3.35241
2.651 -3.40331
2.652 -3.11735
2.653 -2.50082
2.654 -2.73765
2.655 -2.99146
2.656 -2.6062
2.657 -3.42403
2.658 -2.46364
2.659 -2.82171
2.66 -3.12372
2.662 -2.88746
2.663 -2.93896
2.665 -3.25786
2.666 -3.07562
2.667 -2.92685
2.668 -3.39271
2.669 -3.06762
2.67 -3.53879
2.671 -3.22887
2.672 -2.65739
2.673 -2.63711
2.674 -3.08333
2.675 -2.49051
2.676 -2.54512
2.677 -2.83161
2.678 -2.63082
2.679 -2.61769
2.68 -3.44308
2.681 -3.08063
2.682 -3.11936
2.683 -2.67285
2.684 -2.71099
2.685 -2.55565
2.686 -2.7288
2.687 -2.91164
2.688 -2.76292
2.689 -2.41434
2.69 -2.60454
2.691 -2.76554
2.692 -3.35262
2.693 -3.05553
2.694 -2.88008
2.695 -4.87363
2.696 -2.75269
2.697 -5.30854
2.698 -2.96378
2.699 -3.01
2.7 -2.89875
2.701 -3.39915
2.702 -3.0324
2.703 -3.17249
2.704 -3.08372
2.705 -3.0354
2.706 -3.08324
2.707 -2.8333
2.708 -2.99273
2.709 -2.79078
2.71 -3.41042
2.711 -3.1043
2.712 -2.7382
2.713 -2.88525
2.714 -3.43811
2.715 -2.75921
2.716 -3.00102
2.717 -2.86004
2.718 -3.10344
2.719 -2.99366
2.72 -2.9794
2.721 -4.00951
2.722 -3.15824
2.723 -3.00725
2.724 -2.91123
2.725 -2.40532
2.726 -3.30057
2.727 -2.9339
2.728 -3.23598
2.729 -3.37309
2.73 -3.03135
2.731 -2.99688
2.732 -2.69451
2.733 -2.66348
2.734 -2.66481
2.735 -2.84816
2.737 -2.70389
2.738 -2.23467
2.739 -3.19027
2.74 -2.99206
2.741 -2.76038
2.742 -3.18318
2.743 -3.42695
2.744 -3.45076
2.745 -3.76212
2.746 -2.28719
2.747 -2.95607
2.748 -2.90116
2.749 -2.58084
2.75 -2.7608
2.751 -2.88281
2.752 -3.4019
2.753 -5.21628
2.754 -3.05652
2.755 -2.68341
2.756 -3.33589
2.757 -2.74589
2.758 -2.73206
2.759 -2.93901
2.76 -3.01713
2.761 -2.48791
2.762 -2.82071
2.763 -2.9691
2.764 -4.6256
2.765 -3.95733
2.766 -2.94034
2.767 -2.81229
2.768 -3.40549
2.769 -3.01821
2.77 -2.96311
2.771 -2.68861
2.772 -2.6472
2.773 -2.59259
2.774 -2.91437
2.775 -2.87111
2.776 -4.3005
2.777 -2.75207
2.778 -2.56773
2.779 -2.84845
2.78 -2.92383
2.781 -2.5934
2.782 -4.29894
2.783 -5.562
2.784 -4.45038
2.785 -2.85189
2.786 -3.08176
2.787 -3.07287
2.788 -3.3795
2.789 -2.47799
2.79 -3.03349
2.791 -2.69293
2.792 -3.21942
2.793 -3.19327
2.794 -2.83013
2.795 -3.30343
2.796 -2.91416
2.797 -3.20157
2.798 -2.86061
2.799 -2.90961
2.8 -5.19778
2.801 -4.31516
2.802 -2.76823
2.803 -4.38152
2.804 -2.8942
2.805 -4.29644
2.806 -3.04497
2.807 -2.6026
2.808 -2.97659
2.809 -2.78961
2.81 -2.55813
2.811 -2.78963
2.812 -3.17467
2.813 -3.32408
2.814 -3.34274
2.815 -3.07949
2.816 -2.97484
2.817 -3.06453
2.818 -2.62833
2.819 -2.67403
2.82 -2.85233
2.821 -3.00252
2.822 -3.45263
2.823 -2.53803
2.824 -3.20819
2.825 -2.82072
2.826 -2.79484
2.827 -3.01816
2.828 -2.83513
2.829 -2.88804
2.83 -3.16959
2.831 -3.08569
2.832 -4.37739
2.833 -3.05746
2.834 -2.79094
2.835 -3.93917
2.836 -3.02659
2.837 -2.76926
2.838 -2.29108
2.839 -3.18155
2.84 -3.39559
2.841 -2.54469
2.842 -2.61509
2.843 -4.62741
2.844 -3.35058
2.845 -3.12352
2.846 -2.62775
2.847 -3.54109
2.848 -2.54682
2.849 -3.37618
2.85 -2.55084
2.851 -2.75845
2.852 -2.68774
2.853 -3.07539
2.854 -2.85843
2.855 -2.66712
2.856 -2.92146
2.857 -3.41714
2.859 -2.88176
2.86 -3.20187
2.861 -2.8893
2.862 -3.13583
2.863 -3.42267
2.864 -3.06517
2.865 -3.11992
2.866 -4.11408
2.867 -4.06985
2.868 -2.71928
2.869 -2.64319
2.87 -4.28755
2.871 -2.84246
2.872 -2.73012
2.873 -2.83098
2.874 -2.63622
2.875 -2.87621
2.876 -2.70951
2.877 -2.68553
2.878 -2.8226
2.879 -3.43616
2.88 -4.54775
2.881 -2.49975
2.882 -3.00887
2.883 -3.14018
2.884 -3.47302
2.885 -2.90313
2.886 -2.58044
2.887 -3.15521
2.888 -3.06785
2.889 -3.00635
2.89 -2.95149
2.891 -2.81377
2.892 -2.90835
2.893 -3.07376
2.894 -4.16335
2.895 -3.0667
2.896 -2.79945
2.897 -3.06879
2.898 -2.73787
2.899 -2.83827
2.9 -3.42163
2.901 -3.34217
2.902 -2.6718
2.903 -2.99501
2.904 -4.46151
2.905 -3.27189
2.906 -2.67293
2.907 -3.02477
2.908 -2.8223
2.909 -2.61965
2.91 -2.76126
2.911 -3.84515
2.912 -2.57595
2.913 -3.32036
2.914 -3.20579
2.915 -5.51937
2.916 -3.00056
2.917 -3.077
2.918 -2.75912
2.919 -2.71047
2.92 -3.26993
2.921 -2.88111
2.922 -2.63738
2.923 -2.59126
2.924 -2.67748
2.925 -3.24737
2.926 -2.90451
2.927 -2.92603
2.928 -3.34261
2.929 -3.33272
2.93 -2.83255
2.931 -2.9334
2.932 -3.30579
2.933 -2.75963
2.934 -2.9624
2.935 -2.77337
2.936 -2.57394
2.937 -2.94462
2.938 -4.38096
2.939 -2.44824
2.94 -3.09259
2.941 -2.94906
2.942 -3.05912
2.943 -2.88341
2.944 -2.66174
2.945 -2.98793
2.946 -3.61636
2.947 -2.7983
2.948 -2.5995
2.949 -3.55025
2.95 -2.97436
2.951 -2.81844
2.952 -2.8163
2.953 -2.55162
2.954 -2.69546
2.955 -2.71913
2.956 -3.21971
2.957 -3.15575
2.958 -2.93727
2.959 -2.89981
2.96 -3.02645
2.961 -2.51558
2.962 -2.61827
2.963 -2.92446
2.964 -4.24771
2.965 -2.77573
2.966 -2.92355
2.967 -4.50347
2.968 -2.8464
2.969 -3.22332
2.97 -4.3328
2.971 -3.09441
2.972 -2.77937
2.973 -2.86528
2.974 -2.34858
2.975 -3.11103
2.976 -4.49183
2.977 -4.06478
2.978 -2.91403
2.979 -2.90752
2.98 -2.8838
2.981 -2.98552
2.982 -2.87518
2.983 -2.83599
2.984 -3.28839
2.985 -4.19846
2.986 -4.49136
2.987 -2.86181
2.988 -2.70763
2.989 -3.9778
2.99 -2.77978
2.991 -2.79668
2.992 -2.80428
2.993 -2.92721
2.994 -2.90767
2.995 -2.91642
2.996 -2.94214
2.997 -3.22082
2.998 -3.04863
2.999 -2.81892
3 -2.90402
3.001 -4.69066
3.003 -4.25763
3.004 -2.8868
3.005 -2.5901
3.006 -3.08096
3.007 -2.90427
3.008 -3.06176
3.009 -3.03829
3.01 -4.29015
3.011 -2.82953
3.012 -2.64947
3.013 -3.99152
3.014 -3.1248
3.015 -2.57462
3.016 -2.56808
3.017 -2.70154
3.018 -3.22887
3.019 -2.84846
3.02 -3.20288
3.021 -2.70567
3.022 -4.50082
3.023 -2.71343
3.024 -3.04725
3.025 -2.93803
3.026 -2.73535
3.027 -3.33754
3.028 -2.84349
3.029 -2.85775
3.03 -2.97254
3.031 -3.46149
3.032 -2.68929
3.033 -3.00372
3.034 -3.72279
3.035 -2.7447
3.036 -2.96986
3.037 -2.75209
3.038 -2.61638
3.039 -2.91201
3.04 -2.44492
3.041 -3.04772
3.042 -2.5937
3.043 -3.1873
3.044 -3.89256
3.045 -2.60221
3.046 -4.1162
3.047 -3.80655
3.048 -2.69177
3.049 -2.91579
3.05 -3.07312
3.051 -3.44704
3.052 -2.61664
3.053 -2.79012
3.054 -2.93655
3.055 -2.87365
3.056 -2.59632
3.057 -3.75766
3.058 -2.65912
3.059 -2.88927
3.06 -3.01024
3.061 -3.92938
3.062 -2.55328
3.063 -2.82603
3.064 -3.2943
3.065 -2.47473
3.066 -3.2876
3.067 -2.84968
3.068 -2.73691
3.069 -2.69898
3.07 -2.91752
3.071 -2.5335
3.072 -3.00447
3.073 -2.8605
3.074 -2.9324
3.075 -2.97434
3.076 -2.60071
3.077 -3.51275
3.078 -2.37801
3.079 -2.92705
3.08 -3.36527
3.081 -2.70462
3.082 -3.66688
3.083 -4.09523
3.084 -2.55529
3.085 -4.50786
3.087 -2.82508
3.088 -4.89096
3.089 -2.97337
3.09 -2.94752
3.091 -2.87388
3.092 -2.57717
3.093 -2.70414
3.094 -2.95383
3.095 -3.25733
3.096 -3.33204
3.097 -3.11535
3.098 -3.01856
3.099 -2.92766
3.1 -2.9618
3.101 -4.44898
3.102 -3.59383
3.103 -2.60614
3.104 -3.35285
3.105 -3.90864
3.106 -3.1516
3.107 -2.91097
3.108 -3.88327
3.109 -2.74897
3.11 -3.68069
3.111 -3.11513
3.112 -2.81661
3.113 -2.99521
3.114 -5.38156
3.117 -3.88449
3.118 -3.05916
3.119 -3.07905
3.12 -3.21895
3.121 -3.77819
3.122 -3.24147
3.125 -2.69391
3.126 -3.8181
3.127 -2.51449
3.128 -2.7337
3.129 -3.21788
3.13 -3.21788
3.131 -2.84128
3.132 -2.68057
3.133 -3.09314
3.134 -3.01982
3.135 -3.03606
3.136 -4.51184
3.137 -3.27071
3.138 -3.17444
3.14 -3.22772
3.141 -2.67531
3.142 -2.76791
3.143 -3.37141
3.144 -3.23565
3.145 -3.10271
3.146 -2.84222
3.147 -3.21566
3.148 -3.69668
3.149 -3.68882
3.15 -3.41561
3.151 -3.39783
3.152 -2.94897
3.154 -3.15539
3.155 -3.00288
3.156 -2.84813
3.157 -3.09391
3.158 -2.83521
3.159 -2.74441
3.16 -3.95016
3.161 -2.90434
3.162 -2.93996
3.163 -5.05136
3.164 -4.08255
3.165 -3.19671
3.166 -2.66017
3.167 -3.257
3.168 -3.15552
3.169 -2.61952
3.17 -3.45395
3.171 -3.00761
3.172 -3.50947
3.173 -5.37112
3.174 -2.48764
3.175 -2.52414
3.176 -3.37429
3.177 -3.08615
3.178 -2.63267
3.179 -3.25571
3.18 -2.6097
3.181 -2.55309
3.182 -2.93874
3.183 -3.4097
3.184 -4.07842
3.185 -3.23255
3.186 -2.39809
3.189 -3.21578
3.19 -2.91572
3.191 -2.89862
3.192 -3.31304
3.193 -2.93642
3.194 -3.4919
3.195 -2.92454
3.196 -2.69825
3.197 -2.39685
3.199 -4.56338
3.201 -3.02048
3.202 -2.57415
3.203 -3.08544
3.204 -3.02128
3.205 -2.95118
3.206 -3.05785
3.207 -2.86098
3.208 -2.99022
3.209 -3.14117
3.21 -2.75438
3.211 -2.89626
3.212 -3.45395
3.213 -2.94785
3.214 -3.47528
3.215 -2.90901
3.216 -2.67382
3.217 -3.02235
3.218 -2.83169
3.219 -2.57381
3.22 -3.01639
3.221 -2.49313
3.222 -2.56522
3.223 -5.04301
3.224 -5.42489
3.225 -2.93741
3.226 -2.78569
3.227 -3.61655
3.228 -2.62948
3.229 -2.6144
3.23 -2.91813
3.231 -3.18694
3.232 -3.38888
3.233 -3.71398
3.234 -3.58601
3.235 -3.05845
3.236 -2.8664
3.237 -4.21998
3.239 -3.03257
3.24 -2.94922
3.241 -3.2615
3.242 -2.74185
3.243 -3.40554
3.244 -5.34236
3.245 -3.03582
3.246 -3.169
3.247 -2.76955
3.248 -3.52108
3.249 -2.78038
3.25 -3.04572
3.251 -5.04015
3.252 -3.1472
3.253 -3.32959
3.254 -3.09958
3.255 -4.98432
3.257 -2.81029
3.259 -2.97942
3.26 -3.27293
3.261 -4.64673
3.262 -3.06607
3.263 -3.21976
3.266 -2.89021
3.268 -3.39052
3.269 -3.11268
3.27 -2.93954
3.271 -2.60734
3.272 -2.85803
3.273 -2.78968
3.274 -2.89825
3.276 -2.63332
3.277 -3.05089
3.278 -3.27328
3.279 -2.84563
3.28 -3.62108
3.281 -3.02453
3.282 -2.92337
3.283 -2.87996
3.284 -3.02532
3.286 -2.89705
3.288 -2.86469
3.29 -2.9159
3.291 -2.58674
3.292 -2.86764
3.293 -3.03144
3.294 -2.95389
3.295 -2.87598
3.298 -2.99219
3.299 -2.65143
3.3 -3.64057
3.301 -5.40291
3.302 -2.9141
3.303 -2.94537
3.304 -2.90573
3.305 -3.20656
3.306 -2.61599
3.308 -3.39561
3.309 -3.22664
3.31 -3.99795
3.311 -2.65997
3.312 -2.88289
3.313 -2.80864
3.314 -2.75702
3.315 -5.01061
3.316 -2.45899
3.317 -2.90603
3.318 -2.87633
3.319 -3.16097
3.32 -4.92654
3.321 -2.65971
3.323 -4.79858
3.324 -3.07353
3.325 -4.70957
3.326 -3.91348
3.327 -3.27887
3.328 -3.25346
3.329 -2.74607
3.33 -2.91169
3.331 -4.92691
3.332 -2.94017
3.333 -3.21473
3.334 -2.45856
3.335 -2.80731
3.336 -3.02226
3.337 -2.55264
3.338 -3.40456
3.339 -3.17104
3.34 -3.0098
3.341 -3.25243
3.342 -2.79147
3.343 -3.35196
3.344 -4.9981
3.345 -3.30606
3.346 -3.25875
3.347 -4.62482
3.348 -2.94011
3.349 -3.21487
3.35 -2.35023
3.351 -2.93013
3.352 -2.57498
3.354 -3.14925
3.355 -2.39216
3.356 -3.10455
3.357 -2.99438
3.358 -2.66882
3.359 -3.39571
3.36 -2.98002
3.361 -3.21011
3.362 -3.23784
3.363 -3.23732
3.364 -3.3963
3.365 -2.80484
3.366 -3.40539
3.367 -2.66089
3.369 -3.46757
3.37 -2.43007
3.371 -3.25234
3.372 -3.21633
3.373 -4.92668
3.374 -2.53533
3.375 -2.84204
3.376 -2.96049
3.378 -3.67898
3.379 -4.32358
3.38 -3.22346
3.381 -4.62463
3.382 -2.9136
3.383 -3.08762
3.384 -3.38101
3.385 -2.60085
3.387 -2.77732
3.388 -3.09031
3.389 -2.74668
3.39 -2.66333
3.391 -3.29674
3.392 -3.26804
3.393 -4.62461
3.394 -3.82112
3.395 -2.74367
3.396 -3.07647
3.397 -3.27234
3.398 -3.0506
3.399 -4.77872
3.4 -4.27902
3.401 -4.51722
3.402 -3.71343
3.403 -3.20586
3.404 -3.20509
3.405 -2.97475
3.406 -3.096
3.408 -4.46476
3.409 -3.03886
3.41 -3.31841
3.411 -3.21141
3.412 -3.0213
3.413 -3.28898
3.414 -3.25556
3.415 -2.77966
3.416 -3.26628
3.417 -5.25297
3.418 -2.84422
3.419 -2.63574
3.421 -2.79705
3.422 -2.91401
3.423 -3.44157
3.424 -3.2615
3.425 -2.72243
3.426 -3.24757
3.427 -3.39919
3.428 -2.73884
3.429 -3.00599
3.43 -3.09947
3.431 -2.77502
3.432 -3.64822
3.433 -3.38105
3.434 -4.81092
3.435 -2.6652
3.436 -2.92095
3.437 -3.03014
3.438 -3.37521
3.439 -2.93296
3.44 -3.40041
3.441 -3.91163
3.442 -2.70506
3.443 -2.99014
3.444 -3.29774
3.445 -2.91177
3.446 -3.11786
3.447 -3.39326
3.448 -4.62511
3.449 -4.18687
3.45 -3.21747
3.451 -2.83157
3.452 -3.53676
3.453 -3.05915
3.455 -3.10092
3.456 -3.34076
3.457 -3.75513
3.458 -3.19112
3.46 -3.08894
3.461 -2.96558
3.462 -3.34061
3.464 -3.63138
3.465 -4.06217
3.466 -2.66405
3.467 -3.24073
3.468 -2.93491
3.469 -3.25708
3.471 -3.77248
3.472 -3.42646
3.473 -2.86287
3.474 -3.06444
3.475 -3.38653
3.476 -2.59271
3.477 -2.61944
3.478 -2.69457
3.479 -3.21397
3.48 -4.44024
3.481 -3.91412
3.482 -2.96443
3.483 -5.05741
3.484 -3.19378
3.485 -3.41981
3.486 -2.85431
3.487 -3.77857
3.488 -2.79793
3.489 -2.83964
3.49 -2.77497
3.491 -3.05772
3.492 -2.9007
3.493 -2.7339
3.494 -3.39326
3.495 -3.2033
3.496 -3.34404
3.497 -2.71498
3.498 -2.82044
3.499 -3.12992
3.5 -2.63021
3.501 -4.28586
3.502 -3.92697
3.503 -3.87919
3.504 -2.74987
3.505 -3.2275
3.506 -3.24599
3.507 -2.62341
3.508 -4.78039
3.509 -3.71596
3.51 -2.74863
3.512 -3.25884
3.514 -2.93895
3.515 -3.38341
3.516 -3.0787
3.518 -3.39856
3.519 -3.26804
3.52 -5.02176
3.521 -3.45602
3.522 -3.23726
3.523 -2.94147
3.525 -3.24894
3.526 -3.39572
3.527 -2.89271
3.528 -3.30507
3.529 -3.73214
3.53 -3.00786
3.531 -2.93638
3.532 -3.83445
3.533 -3.11083
3.534 -2.68727
3.535 -4.47143
3.536 -5.34568
3.537 -2.74885
3.538 -2.82581
3.539 -4.92565
3.54 -3.36196
3.541 -3.21712
3.542 -5.29141
3.543 -2.74075
3.544 -3.26678
3.545 -3.4593
3.546 -3.2402
3.547 -2.93243
3.548 -2.95528
3.55 -3.05925
3.551 -3.41485
3.552 -3.18518
3.553 -3.5632
3.554 -2.91966
3.555 -4.92708
3.556 -2.99322
3.557 -2.56518
3.558 -2.70373
3.559 -4.65102
3.56 -3.78107
3.561 -5.3407
3.562 -3.28764
3.563 -2.56599
3.564 -2.94885
3.565 -2.8985
3.566 -3.25804
3.567 -4.59923
3.568 -2.68816
3.569 -4.73678
3.57 -3.02967
3.571 -3.23086
3.572 -2.82787
3.573 -2.95614
3.574 -2.72682
3.576 -2.90568
3.577 -5.00102
3.578 -4.43249
3.579 -3.09999
3.581 -2.96755
3.582 -3.58623
3.583 -2.81887
3.585 -4.74292
3.586 -3.3031
3.587 -2.75117
3.588 -4.28838
3.589 -2.85694
3.59 -2.85768
3.591 -2.59784
3.592 -5.30847
3.593 -3.24556
3.594 -2.56498
3.596 -4.65797
3.597 -4.63013
3.598 -3.30944
3.599 -4.90811
3.6 -2.89393
3.601 -3.63937
3.602 -3.074
3.604 -2.75527
3.605 -3.66685
3.606 -2.61235
3.607 -3.91538
3.609 -3.23083
3.61 -3.40938
3.611 -3.06986
3.612 -4.63174
3.613 -3.2344
3.614 -3.2342
3.616 -3.29518
3.617 -3.32205
3.618 -2.90699
3.619 -3.22942
3.62 -2.85322
3.621 -2.82654
3.623 -3.13605
3.624 -2.88595
3.625 -2.66808
3.627 -4.18763
3.628 -3.39375
3.629 -2.84035
3.631 -3.4981
3.632 -4.89389
3.633 -3.51707
3.635 -2.7065
3.636 -4.88883
3.637 -3.19289
3.638 -2.99382
3.639 -3.00859
3.64 -3.10054
3.641 -4.92583
3.642 -4.6495
3.644 -3.52244
3.645 -3.24835
3.646 -4.92661
3.648 -2.9735
3.649 -3.4739
3.65 -2.94418
3.651 -3.6695
3.652 -2.72594
3.653 -2.7651
3.655 -2.95904
3.656 -3.22796
3.657 -2.93274
3.658 -2.96222
3.659 -3.48399
3.66 -2.91881
3.661 -3.29194
3.662 -3.14054
3.663 -3.64576
3.664 -5.32277
3.667 -3.26256
3.668 -2.82908
3.669 -3.52244
3.671 -4.05532
3.673 -3.88328
3.674 -2.93782
3.675 -3.96946
3.677 -3.04855
3.678 -3.27304
3.679 -2.70901
3.68 -3.26342
3.681 -3.24528
3.682 -3.79094
3.683 -2.97631
3.684 -3.26276
3.685 -4.34214
3.686 -3.49426
3.688 -3.55314
3.689 -3.01701
3.691 -2.9342
3.692 -3.60675
3.693 -3.25192
3.694 -2.51369
3.695 -2.90421
3.696 -3.49736
3.697 -3.25238
3.698 -4.0645
3.7 -3.45921
3.701 -2.87341
3.702 -3.47943
3.703 -2.71033
3.704 -4.86552
3.705 -3.70979
3.706 -2.80446
3.707 -2.99559
3.708 -3.01036
3.709 -3.53064
3.71 -3.32246
3.711 -2.97548
3.712 -3.00262
3.713 -2.74169
3.715 -3.47842
3.716 -5.13774
3.717 -4.43096
3.718 -3.24002
3.719 -2.94417
3.72 -4.86196
3.721 -4.35354
3.722 -3.07775
3.723 -3.1352
3.724 -3.33797
3.727 -5.29911
3.728 -4.82151
3.729 -2.89184
3.73 -2.71454
3.731 -4.84685
3.732 -2.78304
3.733 -2.94058
3.734 -4.93033
3.735 -4.85842
3.736 -3.10495
3.737 -2.80738
3.738 -3.24071
3.739 -3.27659
3.74 -3.14664
3.741 -2.87716
3.743 -3.58534
3.744 -2.94089
3.745 -3.10203
3.746 -3.46078
3.747 -3.9613
3.749 -4.43452
3.75 -3.19403
3.751 -2.76902
3.752 -3.62269
3.753 -3.2323
3.754 -3.05966
3.755 -3.22621
3.756 -2.69376
3.757 -3.25852
3.759 -3.16567
3.76 -3.41673
3.761 -3.79273
3.762 -3.03617
3.763 -3.27713
3.764 -3.64082
3.765 -3.59985
3.766 -2.98033
3.767 -2.81148
3.768 -3.32333
3.769 -3.24808
3.77 -4.0648
3.771 -3.56682
3.772 -3.38794
3.773 -4.00556
3.774 -4.72681
3.776 -4.98657
3.777 -2.82145
3.778 -4.04496
3.779 -4.84119
3.782 -3.18981
3.783 -3.27615
3.784 -2.83211
3.785 -4.50641
3.787 -3.18855
3.788 -3.43592
3.789 -4.06609
3.79 -3.66768
3.791 -3.23548
3.792 -4.83562
3.793 -3.08742
3.794 -4.83673
3.795 -3.00636
3.796 -3.38273
3.797 -2.58452
3.798 -3.01585
3.8 -3.46298
3.801 -4.33786
3.802 -3.24255
3.803 -5.27335
3.805 -4.6368
3.807 -3.02639
3.808 -4.63466
3.809 -3.23175
3.81 -2.83765
3.812 -2.76527
3.813 -2.92567
3.814 -4.63782
3.815 -4.44292
3.816 -3.19572
3.819 -3.20406
3.82 -2.59505
3.821 -4.52705
3.822 -4.63756
3.823 -3.12647
3.824 -2.90043
3.825 -2.9448
3.826 -3.05978
3.827 -3.02067
3.828 -4.89009
3.83 -3.22983
3.832 -3.00362
3.833 -2.83629
3.834 -3.55558
3.835 -3.11701
3.836 -3.18761
3.838 -3.24649
3.839 -2.55875
3.84 -5.26453
3.841 -4.54552
3.842 -3.87963
3.843 -4.66993
3.844 -4.81206
3.846 -4.14457
3.847 -3.13484
3.848 -4.63943
3.849 -4.64746
3.85 -2.87735
3.851 -3.62009
3.852 -3.3198
3.853 -4.49252
3.854 -3.32319
3.855 -3.5308
3.856 -3.33927
3.857 -2.79636
3.858 -2.92036
3.86 -4.78054
3.861 -3.23199
3.862 -4.80387
3.863 -3.47907
3.864 -4.63861
3.865 -4.65065
3.866 -3.37466
3.867 -2.58882
3.868 -3.21381
3.869 -3.41938
3.871 -2.99077
3.872 -4.17879
3.873 -3.23198
3.874 -4.44055
3.875 -3.40397
3.876 -3.25873
3.877 -3.23549
3.878 -4.92598
3.879 -3.19648
3.881 -3.53106
3.882 -3.24839
3.883 -3.52505
3.885 -3.33257
3.886 -3.26442
3.887 -4.20926
3.888 -4.64322
3.889 -4.41513
3.89 -4.8059
3.892 -4.43154
3.893 -2.67302
3.894 -3.21094
3.895 -3.24723
3.896 -3.10283
3.897 -3.01239
3.898 -4.78716
3.899 -3.73825
3.9 -4.63923
3.901 -3.4681
3.902 -3.38694
3.904 -4.29881
3.905 -4.45075
3.906 -4.75134
3.908 -4.39323
3.909 -4.13325
3.91 -4.77682
3.911 -2.9743
3.912 -3.24205
3.913 -3.01107
3.914 -4.44571
3.915 -2.98328
3.916 -4.7759
3.917 -3.56947
3.918 -3.16762
3.919 -3.24649
3.92 -4.46852
3.921 -4.29274
3.922 -3.33868
3.923 -3.20781
3.925 -3.2885
3.926 -2.91426
3.927 -4.41967
3.928 -3.56686
3.929 -4.6529
3.93 -4.36649
3.931 -2.92266
3.932 -4.59126
3.934 -4.39781
3.936 -2.87991
3.937 -3.81889
3.938 -4.3376
3.939 -4.00544
3.94 -3.20922
3.941 -4.72911
3.942 -5.2052
3.944 -4.4123
3.945 -3.36221
3.946 -3.00117
3.947 -4.48361
3.948 -3.28607
3.949 -4.72245
3.95 -3.24566
3.951 -4.56634
3.952 -4.35984
3.953 -3.68242
3.954 -3.2725
3.955 -4.1293
3.957 -3.45559
3.958 -4.22148
3.959 -4.18494
3.96 -4.37798
3.961 -3.61212
3.962 -4.10227
3.963 -3.44706
3.965 -3.66448
3.966 -4.14765
3.967 -4.23252
3.968 -3.58772
3.97 -3.16397
3.971 -3.2118
3.972 -4.71187
3.973 -3.24738
3.974 -4.92583
3.975 -4.38603
3.976 -4.56615
3.977 -2.98403
3.978 -4.38764
3.979 -3.80318
3.98 -3.85212
3.981 -4.42071
3.982 -3.64261
3.983 -4.08471
3.984 -2.92161
3.985 -3.22027
3.986 -3.20605
3.987 -3.92651
3.988 -3.95831
3.989 -3.02667
3.99 -2.96817
3.991 -3.24316
3.992 -4.37526
3.993 -3.39202
3.994 -2.7716
3.995 -5.23609
3.996 -2.65055
3.997 -2.7978
3.998 -3.9244
3.999 -3.45799
4 -3.22309
4.004 -4.74887
4.005 -3.48052
4.006 -4.3788
4.008 -5.23333
4.01 -3.33089
4.011 -3.64261
4.012 -3.22969
4.013 -3.09751
4.014 -2.93358
4.016 -2.78754
4.017 -4.80195
4.018 -5.17864
4.019 -3.20544
4.02 -4.92562
4.021 -3.20196
4.026 -3.34767
4.027 -4.92691
4.028 -3.28016
4.03 -4.6828
4.031 -3.27989
4.033 -2.74477
4.034 -2.77224
4.036 -3.06944
4.038 -3.86166
4.04 -3.2495
4.041 -3.2495
4.043 -4.79787
4.044 -3.22908
4.045 -4.69626
4.048 -3.11136
4.05 -4.48268
4.051 -5.2039
4.054 -4.92564
4.055 -4.86492
4.056 -5.20131
4.057 -2.8411
4.061 -5.17497
4.064 -2.82126
4.066 -2.82434
4.067 -2.5647
4.069 -3.45456
4.07 -3.65927
4.071 -2.64915
4.072 -5.20781
4.073 -2.969
4.075 -4.74439
4.076 -3.27804
4.077 -3.28965
4.079 -2.6574
4.08 -4.92612
4.083 -4.98162
4.085 -3.24021
4.086 -5.14672
4.087 -4.66003
4.089 -2.96661
4.092 -4.92572
4.094 -4.9257
4.095 -3.3618
4.096 -3.59118
4.098 -4.68225
4.099 -3.06691
4.1 -4.92754
4.103 -3.24613
4.105 -3.26843
4.106 -4.18954
4.108 -4.91006
4.109 -3.31733
4.11 -5.20912
4.111 -2.65885
4.112 -2.95678
4.113 -2.57331
4.114 -4.98054
4.115 -3.29361
4.117 -3.21125
4.118 -2.81864
4.12 -3.21588
4.124 -2.89196
4.129 -3.3339
4.13 -4.92577
4.132 -3.23911
4.134 -4.74313
4.135 -3.2329
4.136 -3.31733
4.137 -2.87542
4.138 -4.11661
4.139 -2.93973
4.14 -5.03546
4.141 -4.67846
4.144 -3.20556
4.145 -4.86911
4.146 -3.22435
4.147 -5.15943
4.148 -2.93329
4.149 -2.94405
4.15 -2.7724
4.151 -3.19081
4.152 -2.81314
4.153 -4.92683
4.155 -3.22961
4.158 -2.97559
4.164 -3.30873
4.168 -3.28225
4.169 -4.92594
4.17 -4.31753
4.171 -3.21904
4.172 -3.27354
4.175 -3.23903
4.179 -4.60586
4.181 -3.29166
4.182 -3.18454
4.183 -4.92842
4.184 -5.23886
4.186 -3.21024
4.188 -3.24592
4.189 -5.17987
4.192 -2.58293
4.193 -4.92668
4.196 -2.9401
4.198 -2.94163
4.2 -2.98266
4.202 -5.18234
4.203 -3.59054
4.205 -5.16653
4.206 -3.23956
4.207 -3.2748
4.21 -3.07452
4.211 -4.92775
4.212 -3.25807
4.213 -3.2352
4.214 -3.2593
4.215 -2.94238
4.217 -3.23889
4.219 -5.18358
4.22 -2.92297
4.222 -3.31436
4.223 -3.21953
4.228 -4.38157
4.232 -2.94847
4.234 -4.70848
4.236 -2.76615
4.239 -3.20879
4.24 -2.90409
4.245 -4.92931
4.246 -2.9423
4.249 -3.2732
4.25 -2.96454
4.251 -4.97947
4.256 -5.17013
4.257 -3.36265
4.26 -3.36511
4.261 -3.24443
4.268 -3.13098
4.27 -4.51817
4.272 -2.94061
4.274 -3.22259
4.275 -4.62791
4.277 -3.36511
4.278 -3.2286
4.279 -5.02565
4.284 -2.76221
4.289 -2.94491
4.293 -2.78968
4.295 -5.15826
4.298 -5.16415
4.299 -5.1606
4.304 -2.94129
4.305 -5.14786
4.307 -4.93018
4.309 -5.13885
4.31 -4.87394
4.311 -2.90683
4.315 -5.15015
4.318 -3.34561
4.319 -3.4184
4.32 -2.91456
4.321 -3.30134
4.322 -3.2462
4.324 -3.54857
4.326 -3.23731
4.329 -3.2461
4.33 -3.24215
4.331 -3.2286
4.332 -5.16297
4.335 -2.96287
4.337 -5.17741
4.338 -3.26422
4.339 -3.41874
4.34 -3.24208
4.341 -3.25006
4.343 -2.94457
4.344 -2.8647
4.346 -2.77479
4.347 -3.23948
4.348 -4.96749
4.35 -3.26561
4.351 -5.16178
4.353 -3.24859
4.354 -4.83396
4.356 -3.6151
4.358 -5.03623
4.36 -5.14108
4.362 -2.82611
4.363 -5.12465
4.366 -5.15476
4.368 -4.93131
4.369 -3.94467
4.371 -5.13996
4.373 -4.74967
4.376 -3.4536
4.379 -3.23068
4.381 -2.76864
4.384 -3.28163
4.387 -4.69719
4.389 -2.94535
4.39 -3.2392
4.391 -3.56372
4.392 -5.02787
4.394 -5.10589
4.395 -4.65987
4.396 -4.93219
4.397 -3.27216
4.398 -5.11514
4.4 -3.08857
4.401 -5.13442
4.405 -5.13332
4.406 -3.80483
4.407 -3.24208
4.419 -2.96279
4.421 -5.1422
4.425 -5.08817
4.429 -2.9421
4.43 -4.97789
4.432 -4.93294
4.433 -4.92807
4.434 -5.11934
4.435 -3.62883
4.438 -4.72913
4.442 -5.13552
4.446 -5.13663
4.447 -2.9816
4.449 -4.93256
4.451 -2.94561
4.452 -4.7071
4.453 -3.24592
4.455 -2.93665
4.459 -4.96339
4.462 -4.92866
4.463 -3.31304
4.467 -2.93616
4.469 -5.09592
4.47 -4.73341
4.476 -3.45091
4.477 -4.71914
4.478 -5.13005
4.482 -4.97479
4.483 -5.09299
4.488 -4.93415
4.492 -4.99302
4.494 -2.94633
4.497 -3.15085
4.498 -4.63166
4.499 -3.24467
4.5 -2.93403
4.503 -5.12358
4.504 -5.19236
4.507 -3.21473
4.509 -3.2557
4.51 -5.12251
4.511 -3.65625
4.512 -2.93333
4.515 -5.08531
4.516 -3.32512
4.517 -3.05685
4.518 -2.94658
4.52 -2.94188
4.521 -4.97841
4.522 -5.11723
4.523 -3.03421
4.526 -5.05486
4.527 -4.69923
4.53 -3.20859
4.534 -3.28645
4.538 -5.08436
4.539 -2.90948
4.541 -3.42351
4.542 -4.93165
4.545 -4.94272
4.547 -3.00041
4.548 -4.64593
4.549 -5.11306
4.553 -5.07968
4.555 -4.93989
4.556 -4.93636
4.557 -5.13113
4.558 -3.2435
4.56 -3.24078
4.564 -3.24242
4.565 -4.7921
4.566 -5.09789
4.567 -5.10793
4.569 -5.07599
4.57 -5.09987
4.571 -4.93756
4.572 -2.89046
4.573 -4.93707
4.576 -5.07875
4.577 -5.09494
4.58 -5.10691
4.581 -3.86048
4.583 -5.11828
4.584 -5.07235
4.586 -4.93201
4.589 -3.25141
4.591 -5.18607
4.596 -2.93061
4.597 -4.94423
4.599 -2.92816
4.6 -2.93573
4.601 -4.78149
4.602 -4.70734
4.604 -5.0969
4.606 -5.09202
4.607 -3.28645
4.609 -5.07507
4.614 -4.76817
4.615 -3.28149
4.617 -4.93314
4.621 -5.09396
4.622 -4.93909
4.623 -4.70679
4.629 -4.70293
4.631 -5.07054
4.632 -5.13223
4.635 -4.93962
4.636 -4.94016
4.637 -2.94876
4.639 -4.93436
4.643 -3.24087
4.646 -5.08721
4.648 -4.94646
4.649 -5.08626
4.65 -4.70365
4.655 -5.07783
4.657 -5.2026
4.661 -4.94099
4.662 -4.93544
4.666 -4.94127
4.669 -4.69126
4.674 -5.12896
4.679 -2.73316
4.684 -4.76567
4.69 -4.93522
4.696 -5.05402
4.697 -4.93732
4.699 -5.07325
4.703 -5.05571
4.705 -2.95914
4.708 -4.93613
4.709 -5.05827
4.71 -4.69266
4.712 -5.04657
4.713 -4.9366
4.714 -3.70366
4.716 -4.94393
4.718 -4.94581
4.723 -4.9359
4.726 -5.06433
4.728 -5.06346
4.731 -4.94951
4.732 -5.08248
4.733 -5.06965
4.736 -5.06786
4.737 -5.06875
4.738 -5.04414
4.739 -4.6616
4.74 -4.95546
4.743 -5.02862
4.746 -5.06609
4.748 -3.38427
4.749 -5.04174
4.752 -4.75025
4.754 -5.05912
4.755 -4.93857
4.757 -5.06085
4.759 -4.93374
4.761 -4.93781
4.764 -3.19859
4.767 -4.74317
4.768 -5.03392
4.77 -4.94745
4.771 -4.95353
4.772 -4.70101
4.776 -4.94847
4.777 -5.04821
4.779 -5.03163
4.78 -4.95468
4.782 -5.05656
4.789 -5.04985
4.792 -5.05318
4.793 -4.95391
4.797 -5.04495
4.798 -5.02639
4.799 -4.69586
4.801 -5.01773
4.803 -4.94362
4.806 -4.95203
4.807 -5.02492
4.808 -4.99665
4.81 -5.04576
4.811 -5.04903
4.812 -4.68815
4.816 -4.13907
4.817 -4.95506
4.819 -4.93832
4.822 -4.94243
4.823 -4.67868
4.826 -4.40255
4.827 -4.68101
4.829 -5.00749
4.831 -3.25675
4.832 -4.98492
4.836 -4.95868
4.837 -5.04094
4.839 -4.99727
4.84 -4.94986
4.842 -5.01563
4.844 -4.95745
4.845 -4.1461
4.846 -5.03012
4.848 -5.03087
4.851 -5.03315
4.853 -4.52647
4.855 -3.67396
4.856 -4.68731
4.858 -4.67827
4.859 -4.94517
4.86 -5.01425
4.861 -4.95827
4.862 -4.65809
4.864 -5.02713
4.866 -5.03239
4.867 -5.02787
4.87 -4.9718
4.871 -4.94679
4.873 -4.67354
4.874 -5.02201
4.875 -5.01986
4.876 -4.68384
4.877 -4.51282
4.878 -5.18983
4.88 -4.7003
4.881 -4.65402
4.884 -5.01915
4.885 -4.71848
4.886 -4.46662
4.887 -4.96473
4.89 -4.4799
4.891 -4.68153
4.892 -4.49558
4.893 -4.95951
4.894 -4.96702
4.895 -3.27803
4.896 -5.01356
4.898 -4.96796
4.899 -5.03858
4.9 -4.95665
4.901 -4.9753
4.903 -4.94071
4.904 -4.49287
4.909 -4.72383
4.91 -4.97034
4.911 -3.21651
4.912 -4.66456
4.913 -4.96428
4.914 -4.40142
4.915 -4.51115
4.917 -5.00949
4.918 -5.02565
4.919 -2.91517
4.92 -4.67446
4.921 -4.99242
4.922 -4.38037
4.923 -4.68247
4.926 -4.98326
4.927 -4.69748
4.929 -5.00422
4.93 -5.00552
4.931 -4.97479
4.932 -4.99976
4.934 -4.66786
4.935 -4.96843
4.937 -4.98661
4.938 -4.51165
4.939 -4.66981
4.94 -4.37315
4.941 -4.96986
4.942 -4.28614
4.943 -4.50339
4.944 -4.68795
4.945 -4.38239
4.946 -4.74979
4.949 -4.98108
4.951 -5.00882
4.968 -4.98436
4.969 -4.98162
4.971 -4.55456
4.972 -4.9591
4.973 -4.99124
4.977 -5.01703
4.987 -4.97429
5.003 -5.111
5.005 -4.94916
5.026 -3.85902
5.054 -4.98
5.057 -5.00229
5.107 -4.94044
5.113 -3.22276
5.128 -4.97841
5.13 -3.434
5.141 -3.35391
5.181 -3.51093
5.226 -4.95277
5.239 -3.40587
5.394 -3.49802
 
 
