0.003 -2.39997
0.004 -2.07132
0.005 -2.02408
0.006 -1.86437
0.007 -1.72487
0.008 -1.57374
0.009 -1.53232
0.01 -1.40921
0.011 -1.28512
0.012 -1.15065
0.013 -1.0072
0.014 -0.846921
0.015 -0.828418
0.016 -0.727007
0.017 -0.645678
0.018 -0.558091
0.019 -0.502096
0.02 -0.498562
0.021 -0.412342
0.022 -0.392819
0.023 -0.400672
0.024 -0.35713
0.025 -0.385649
0.026 -0.385652
0.027 -0.327282
0.028 -0.346277
0.029 -0.341418
0.03 -0.345872
0.031 -0.321918
0.032 -0.308777
0.033 -0.339033
0.034 -0.342177
0.035 -0.341389
0.036 -0.373384
0.037 -0.388331
0.038 -0.404512
0.039 -0.340613
0.04 -0.350641
0.041 -0.343764
0.042 -0.347724
0.043 -0.354167
0.044 -0.343673
0.045 -0.354359
0.046 -0.393887
0.047 -0.368544
0.048 -0.379573
0.049 -0.367734
0.05 -0.359241
0.051 -0.387067
0.052 -0.358353
0.053 -0.36463
0.054 -0.415548
0.055 -0.37129
0.056 -0.362263
0.057 -0.419058
0.058 -0.436699
0.059 -0.41755
0.06 -0.407134
0.061 -0.41339
0.062 -0.431414
0.063 -0.410259
0.064 -0.437034
0.065 -0.430835
0.066 -0.452708
0.067 -0.457058
0.068 -0.440802
0.069 -0.458533
0.07 -0.422302
0.071 -0.503077
0.072 -0.459717
0.073 -0.49948
0.074 -0.520869
0.075 -0.513259
0.076 -0.498957
0.077 -0.528002
0.078 -0.555765
0.079 -0.510541
0.08 -0.501483
0.081 -0.504454
0.082 -0.508265
0.083 -0.523324
0.084 -0.500131
0.085 -0.530401
0.086 -0.523578
0.087 -0.545302
0.088 -0.544382
0.089 -0.524057
0.09 -0.550548
0.091 -0.532527
0.092 -0.557031
0.093 -0.588966
0.094 -0.574586
0.095 -0.608259
0.096 -0.568249
0.097 -0.576687
0.098 -0.56217
0.099 -0.594911
0.1 -0.588894
0.101 -0.590274
0.102 -0.62845
0.103 -0.616714
0.104 -0.631351
0.105 -0.60754
0.106 -0.591964
0.107 -0.609357
0.108 -0.598799
0.109 -0.6382
0.11 -0.61142
0.111 -0.613107
0.112 -0.599598
0.113 -0.623951
0.114 -0.660635
0.115 -0.64036
0.116 -0.654039
0.117 -0.688748
0.118 -0.679995
0.119 -0.665473
0.12 -0.697435
0.121 -0.691907
0.122 -0.661322
0.123 -0.701588
0.124 -0.708234
0.125 -0.670177
0.126 -0.721176
0.127 -0.745594
0.128 -0.722865
0.129 -0.727258
0.13 -0.730736
0.131 -0.746538
0.132 -0.738518
0.133 -0.717155
0.134 -0.73031
0.135 -0.714324
0.136 -0.713002
0.137 -0.681132
0.138 -0.665413
0.139 -0.683575
0.14 -0.671156
0.141 -0.691601
0.142 -0.702112
0.143 -0.666522
0.144 -0.655437
0.145 -0.7109
0.146 -0.689573
0.147 -0.681107
0.148 -0.694477
0.149 -0.680219
0.15 -0.744998
0.151 -0.711399
0.152 -0.712656
0.153 -0.711503
0.154 -0.776643
0.155 -0.775619
0.156 -0.784775
0.157 -0.789152
0.158 -0.750316
0.159 -0.76738
0.16 -0.83909
0.161 -0.764895
0.162 -0.816291
0.163 -0.821884
0.164 -0.834186
0.165 -0.845535
0.166 -0.799804
0.167 -0.843587
0.168 -0.87099
0.169 -0.81919
0.17 -0.838457
0.171 -0.838981
0.172 -0.859634
0.173 -0.832564
0.174 -0.850174
0.175 -0.846155
0.176 -0.816519
0.177 -0.87724
0.178 -0.884535
0.179 -0.844826
0.18 -0.848741
0.181 -0.839879
0.182 -0.829645
0.183 -0.78208
0.184 -0.804986
0.185 -0.853122
0.186 -0.831606
0.187 -0.867827
0.188 -0.887349
0.189 -0.86067
0.19 -0.861885
0.191 -0.84068
0.192 -0.907187
0.193 -0.886324
0.194 -0.817521
0.195 -0.872712
0.196 -0.865908
0.197 -0.864205
0.198 -0.83633
0.199 -0.872573
0.2 -0.916604
0.201 -0.902248
0.202 -0.857008
0.203 -0.886841
0.204 -0.915844
0.205 -0.885867
0.206 -0.908286
0.207 -0.917038
0.208 -0.921787
0.209 -0.887176
0.21 -0.932811
0.211 -0.952155
0.212 -0.975762
0.213 -0.942883
0.214 -0.938237
0.215 -0.954602
0.216 -0.91281
0.217 -0.984632
0.218 -0.97752
0.219 -0.977437
0.22 -0.959644
0.221 -0.929088
0.222 -1.01335
0.223 -0.95255
0.224 -0.966085
0.225 -1.00542
0.226 -0.997181
0.227 -0.998582
0.228 -0.97872
0.229 -0.938202
0.23 -1.02621
0.231 -0.945484
0.232 -0.993292
0.233 -1.00359
0.234 -1.03859
0.235 -1.02869
0.236 -1.00514
0.237 -1.0081
0.238 -1.02066
0.239 -1.02051
0.24 -1.01206
0.241 -1.01358
0.242 -1.05534
0.243 -1.05662
0.244 -1.06357
0.245 -1.05656
0.246 -1.12317
0.247 -0.977969
0.248 -1.01323
0.249 -1.0115
0.25 -1.03979
0.251 -1.00975
0.252 -1.00568
0.253 -1.03854
0.254 -0.9962
0.255 -1.01281
0.256 -0.970037
0.257 -1.00704
0.258 -0.993608
0.259 -1.01975
0.26 -1.0528
0.261 -1.06517
0.262 -1.00266
0.263 -0.979111
0.264 -1.02243
0.265 -1.06943
0.266 -1.06173
0.267 -1.05875
0.268 -1.04018
0.269 -1.05007
0.27 -1.03423
0.271 -1.11626
0.272 -1.07314
0.273 -1.02892
0.274 -1.10158
0.275 -1.11229
0.276 -1.08734
0.277 -1.08253
0.278 -1.0864
0.279 -1.10401
0.28 -1.13048
0.281 -1.06517
0.282 -1.12042
0.283 -1.1192
0.284 -1.11036
0.285 -1.16413
0.286 -1.10876
0.287 -1.12916
0.288 -1.13067
0.289 -1.16138
0.29 -1.13964
0.291 -1.14273
0.292 -1.10719
0.293 -1.06317
0.294 -1.08738
0.295 -1.09455
0.296 -1.12289
0.297 -1.08885
0.298 -1.10405
0.299 -1.13342
0.3 -1.12055
0.301 -1.09832
0.302 -1.07666
0.303 -1.09188
0.304 -1.12442
0.305 -1.1162
0.306 -1.11299
0.307 -1.14983
0.308 -1.19939
0.309 -1.20509
0.31 -1.16797
0.311 -1.23532
0.312 -1.13767
0.313 -1.15848
0.314 -1.1549
0.315 -1.15521
0.316 -1.20809
0.317 -1.16013
0.318 -1.14592
0.319 -1.12827
0.32 -1.20343
0.321 -1.1933
0.322 -1.17007
0.323 -1.19399
0.324 -1.18939
0.325 -1.14885
0.326 -1.22105
0.327 -1.16678
0.328 -1.20363
0.329 -1.1948
0.33 -1.2442
0.331 -1.24092
0.332 -1.20886
0.333 -1.26472
0.334 -1.20818
0.335 -1.22189
0.336 -1.22869
0.337 -1.20881
0.338 -1.22295
0.339 -1.24798
0.34 -1.23184
0.341 -1.19784
0.342 -1.31679
0.343 -1.19483
0.344 -1.23779
0.345 -1.21015
0.346 -1.23476
0.347 -1.22597
0.348 -1.21572
0.349 -1.20388
0.35 -1.23834
0.351 -1.27913
0.352 -1.26647
0.353 -1.20411
0.354 -1.27071
0.355 -1.21807
0.356 -1.36202
0.357 -1.33954
0.358 -1.3244
0.359 -1.24468
0.36 -1.27492
0.361 -1.33535
0.362 -1.3225
0.363 -1.29901
0.364 -1.2477
0.365 -1.33321
0.366 -1.296
0.367 -1.3458
0.368 -1.3346
0.369 -1.33702
0.37 -1.33525
0.371 -1.33853
0.372 -1.39111
0.373 -1.30875
0.374 -1.33804
0.375 -1.25837
0.376 -1.34644
0.377 -1.3809
0.378 -1.37088
0.379 -1.31128
0.38 -1.32239
0.381 -1.38682
0.382 -1.36904
0.383 -1.38382
0.384 -1.40201
0.385 -1.33801
0.386 -1.31506
0.387 -1.32225
0.388 -1.39785
0.389 -1.41646
0.39 -1.31955
0.391 -1.3819
0.392 -1.45206
0.393 -1.38943
0.394 -1.40767
0.395 -1.3188
0.396 -1.3169
0.397 -1.37424
0.398 -1.40749
0.399 -1.33427
0.4 -1.33866
0.401 -1.34253
0.402 -1.42729
0.403 -1.44015
0.404 -1.45278
0.405 -1.37581
0.406 -1.36971
0.407 -1.42652
0.408 -1.42147
0.409 -1.36158
0.41 -1.42862
0.411 -1.39956
0.412 -1.36473
0.413 -1.36756
0.414 -1.4774
0.415 -1.43782
0.416 -1.43165
0.417 -1.45214
0.418 -1.44545
0.419 -1.46992
0.42 -1.4671
0.421 -1.47037
0.422 -1.47137
0.423 -1.45229
0.424 -1.48518
0.425 -1.47549
0.426 -1.53428
0.427 -1.50008
0.428 -1.49775
0.429 -1.43213
0.43 -1.41624
0.431 -1.49708
0.432 -1.53579
0.433 -1.39526
0.434 -1.46531
0.435 -1.44022
0.436 -1.37821
0.437 -1.52882
0.438 -1.46153
0.439 -1.56281
0.44 -1.47837
0.441 -1.49113
0.442 -1.46362
0.443 -1.47212
0.444 -1.45915
0.445 -1.53658
0.446 -1.49695
0.447 -1.44723
0.448 -1.5015
0.449 -1.4407
0.45 -1.43688
0.451 -1.54592
0.452 -1.45713
0.453 -1.46599
0.454 -1.51958
0.455 -1.60869
0.456 -1.54476
0.457 -1.55439
0.458 -1.48412
0.459 -1.4973
0.46 -1.47279
0.461 -1.55846
0.462 -1.49751
0.463 -1.55521
0.464 -1.55599
0.465 -1.50346
0.466 -1.51129
0.467 -1.53871
0.468 -1.46666
0.469 -1.47833
0.47 -1.48475
0.471 -1.58485
0.472 -1.57429
0.473 -1.57128
0.474 -1.50034
0.475 -1.60229
0.476 -1.54393
0.477 -1.49725
0.478 -1.57689
0.479 -1.58011
0.48 -1.56655
0.481 -1.57912
0.482 -1.58609
0.483 -1.68199
0.484 -1.56029
0.485 -1.6043
0.486 -1.60349
0.487 -1.58504
0.488 -1.59239
0.489 -1.63316
0.49 -1.66385
0.491 -1.63804
0.492 -1.69334
0.493 -1.60928
0.494 -1.62234
0.495 -1.6155
0.496 -1.66948
0.497 -1.67988
0.498 -1.67908
0.499 -1.62623
0.5 -1.71314
0.501 -1.63193
0.502 -1.68945
0.503 -1.68607
0.504 -1.70383
0.505 -1.64857
0.506 -1.76266
0.507 -1.79756
0.508 -1.77059
0.509 -1.70637
0.51 -1.7038
0.511 -1.77679
0.512 -1.69834
0.513 -1.79898
0.514 -1.70791
0.515 -1.68088
0.516 -1.70561
0.517 -1.68208
0.518 -1.73137
0.519 -1.6878
0.52 -1.69096
0.521 -1.72896
0.522 -1.63975
0.523 -1.69989
0.524 -1.69545
0.525 -1.80077
0.526 -1.79225
0.527 -1.67113
0.528 -1.69099
0.529 -1.7041
0.53 -1.75017
0.531 -1.65487
0.532 -1.82918
0.533 -1.7933
0.534 -1.78286
0.535 -1.80687
0.536 -1.74954
0.537 -1.70969
0.538 -1.74821
0.539 -1.71576
0.54 -1.86646
0.541 -1.789
0.542 -1.69661
0.543 -1.7608
0.544 -1.82168
0.545 -1.71975
0.546 -1.77543
0.547 -1.70824
0.548 -1.82271
0.549 -1.81932
0.55 -1.8315
0.551 -1.72994
0.552 -1.8445
0.553 -1.84997
0.554 -1.79553
0.555 -1.76697
0.556 -1.90278
0.557 -1.71102
0.558 -1.83561
0.559 -1.87053
0.56 -1.73634
0.561 -1.83621
0.562 -1.78845
0.563 -1.79403
0.564 -1.81609
0.565 -1.86269
0.566 -1.8723
0.567 -1.91059
0.568 -1.76215
0.569 -1.80434
0.57 -1.82489
0.571 -1.81082
0.572 -1.91147
0.573 -1.8478
0.574 -1.93376
0.575 -1.66302
0.576 -1.79574
0.577 -1.76717
0.578 -1.88454
0.579 -1.79334
0.58 -1.84885
0.581 -1.95118
0.582 -1.82111
0.583 -1.84476
0.584 -1.90364
0.585 -1.85952
0.586 -1.83492
0.587 -1.80371
0.588 -1.87059
0.589 -1.87956
0.59 -1.76585
0.591 -1.86812
0.592 -1.76193
0.593 -1.81617
0.594 -1.90586
0.595 -1.88705
0.596 -1.87858
0.597 -1.88952
0.598 -1.87864
0.599 -1.86175
0.6 -1.75943
0.601 -1.91371
0.602 -1.74073
0.603 -1.87836
0.604 -1.90332
0.605 -1.784
0.606 -1.7888
0.607 -1.8222
0.608 -1.82673
0.609 -1.85518
0.61 -1.79268
0.611 -1.90976
0.612 -1.98785
0.613 -1.82858
0.614 -1.91834
0.615 -1.86339
0.616 -1.89522
0.617 -1.98426
0.618 -1.80591
0.619 -1.95067
0.62 -1.88061
0.621 -1.85839
0.622 -1.85088
0.623 -1.85379
0.624 -1.87369
0.625 -1.92932
0.626 -1.94641
0.627 -1.89974
0.628 -1.8923
0.629 -1.82836
0.63 -1.98077
0.631 -1.93571
0.632 -1.87228
0.633 -1.86718
0.634 -1.98779
0.635 -1.94841
0.636 -1.90813
0.637 -1.90844
0.638 -1.96234
0.639 -2.01426
0.64 -1.98722
0.641 -1.99339
0.642 -1.99318
0.643 -2.0032
0.644 -2.09988
0.645 -2.02421
0.646 -2.08387
0.647 -1.9195
0.648 -2.09441
0.649 -1.92193
0.65 -2.00464
0.651 -2.00621
0.652 -1.95067
0.653 -1.9496
0.654 -1.98871
0.655 -1.94871
0.656 -2.08889
0.657 -2.01452
0.658 -2.06515
0.659 -1.95835
0.66 -1.95731
0.661 -1.94292
0.662 -2.04295
0.663 -2.18373
0.664 -2.0286
0.665 -2.00228
0.666 -2.09433
0.667 -2.03213
0.668 -2.01833
0.669 -2.12728
0.67 -2.17263
0.671 -2.04829
0.672 -2.08182
0.673 -2.08851
0.674 -1.98801
0.675 -2.21607
0.676 -2.1198
0.677 -2.0143
0.678 -2.24592
0.679 -1.95626
0.68 -2.10997
0.681 -2.01523
0.682 -2.07242
0.683 -2.16923
0.684 -2.08376
0.685 -2.18401
0.686 -2.07153
0.687 -2.04048
0.688 -2.05061
0.689 -2.02123
0.69 -2.22484
0.691 -2.06605
0.692 -2.24531
0.693 -2.09951
0.694 -2.21576
0.695 -2.13444
0.696 -2.02311
0.697 -2.06698
0.698 -2.27609
0.699 -2.27551
0.7 -2.23094
0.701 -2.22275
0.702 -2.18919
0.703 -2.13884
0.704 -2.21612
0.705 -2.08446
0.706 -2.32339
0.707 -2.2672
0.708 -2.21539
0.709 -2.18589
0.71 -2.33691
0.711 -2.10629
0.712 -2.35946
0.713 -2.43765
0.714 -2.31939
0.715 -2.17804
0.716 -2.05377
0.717 -2.30785
0.718 -2.31378
0.719 -2.32314
0.72 -2.17272
0.721 -2.26908
0.722 -2.31792
0.723 -2.27409
0.724 -2.22643
0.725 -2.25218
0.726 -2.11778
0.727 -2.34235
0.728 -2.3017
0.729 -2.28538
0.73 -2.57148
0.731 -2.09177
0.732 -2.27878
0.733 -2.21084
0.734 -2.44604
0.735 -2.50504
0.736 -2.38166
0.737 -2.49893
0.738 -2.13725
0.739 -2.53699
0.74 -2.31713
0.741 -2.37471
0.742 -2.43806
0.743 -2.18244
0.744 -2.31802
0.745 -2.39487
0.746 -2.62416
0.747 -2.41911
0.748 -2.43677
0.749 -2.37482
0.75 -2.44794
0.751 -2.16549
0.752 -2.43013
0.753 -2.35579
0.754 -2.48605
0.755 -2.21048
0.756 -2.38597
0.757 -2.26843
0.758 -2.25209
0.759 -2.05418
0.76 -2.25837
0.761 -2.65022
0.762 -2.35178
0.763 -2.38513
0.764 -2.4311
0.765 -2.60758
0.766 -2.50114
0.767 -2.29013
0.768 -2.34211
0.769 -2.35814
0.77 -2.23191
0.771 -2.43014
0.772 -2.54102
0.773 -2.69652
0.774 -2.48984
0.775 -2.27041
0.776 -2.38392
0.777 -2.36602
0.778 -2.44798
0.779 -2.50158
0.78 -2.26156
0.781 -2.45604
0.782 -2.3677
0.783 -2.68961
0.784 -2.28747
0.785 -2.48333
0.786 -2.52037
0.787 -2.39799
0.788 -2.6432
0.789 -3.11579
0.79 -2.53512
0.791 -2.46883
0.792 -2.58025
0.793 -2.42706
0.794 -2.35233
0.795 -2.41891
0.796 -2.375
0.797 -3.1702
0.798 -2.74028
0.799 -2.50574
0.8 -2.33665
0.801 -2.99644
0.802 -2.72767
0.803 -2.77409
0.804 -2.4763
0.805 -2.26179
0.806 -2.52301
0.807 -2.41422
0.808 -2.4626
0.809 -2.38967
0.81 -2.35198
0.811 -2.42922
0.812 -2.27194
0.813 -2.42126
0.814 -2.3338
0.815 -2.77349
0.816 -2.62638
0.817 -2.2633
0.818 -2.64772
0.819 -2.77533
0.82 -2.73586
0.821 -2.55605
0.822 -2.85424
0.823 -2.66552
0.824 -2.52154
0.825 -2.66205
0.826 -2.30638
0.827 -2.48264
0.828 -2.55227
0.829 -2.35759
0.83 -2.25348
0.831 -2.19366
0.832 -2.30531
0.833 -2.6301
0.834 -2.54604
0.835 -2.34537
0.836 -2.35438
0.837 -2.41069
0.838 -2.42925
0.839 -2.65144
0.84 -2.72903
0.841 -2.52699
0.842 -2.47145
0.843 -2.51225
0.844 -2.58688
0.845 -2.49309
0.846 -2.36629
0.847 -2.91805
0.848 -2.93759
0.849 -2.71243
0.85 -2.63949
0.851 -2.58834
0.852 -2.4283
0.853 -3.06182
0.854 -2.52408
0.855 -2.59328
0.856 -2.61543
0.857 -2.38048
0.858 -2.82723
0.859 -2.49959
0.86 -2.80892
0.861 -2.46032
0.862 -2.75697
0.863 -2.49529
0.864 -2.38006
0.865 -2.55744
0.866 -2.78148
0.867 -2.44847
0.868 -2.62311
0.869 -2.53803
0.87 -3.04699
0.871 -2.47712
0.872 -2.6533
0.873 -2.42259
0.874 -2.77907
0.875 -2.7399
0.876 -3.19904
0.877 -2.69502
0.878 -3.0382
0.879 -2.16949
0.88 -2.5149
0.881 -2.67477
0.882 -2.95836
0.883 -3.08791
0.884 -3.04842
0.885 -3.02858
0.886 -2.76036
0.887 -2.66693
0.888 -2.45659
0.889 -2.94297
0.89 -2.76719
0.891 -2.68878
0.892 -2.56139
0.893 -2.83166
0.894 -3.04203
0.895 -2.87942
0.896 -2.64285
0.897 -2.56666
0.898 -2.56562
0.899 -2.36972
0.9 -2.74728
0.901 -2.50283
0.902 -2.85334
0.903 -3.00732
0.904 -2.41892
0.905 -2.52571
0.906 -2.90803
0.907 -2.59329
0.908 -2.99624
0.909 -2.26545
0.91 -2.34864
0.911 -2.84548
0.912 -2.82638
0.913 -2.96188
0.914 -3.31993
0.915 -2.58368
0.916 -2.57519
0.917 -2.84435
0.918 -2.90625
0.919 -3.00703
0.92 -3.53655
0.921 -3.49531
0.922 -2.47886
0.923 -2.75048
0.924 -3.26793
0.925 -2.75689
0.926 -2.75938
0.927 -2.78373
0.928 -3.00018
0.929 -2.54412
0.93 -3.12648
0.931 -2.39551
0.932 -2.69684
0.933 -2.20764
0.934 -2.69526
0.935 -2.27188
0.936 -2.52336
0.937 -2.9053
0.938 -2.60261
0.939 -2.42394
0.94 -3.01473
0.941 -2.55461
0.942 -2.68297
0.943 -3.11654
0.944 -2.88368
0.945 -2.66917
0.946 -3.07773
0.947 -3.00757
0.948 -3.03757
0.949 -2.86649
0.95 -3.01611
0.951 -2.50399
0.952 -2.75945
0.953 -2.57802
0.954 -3.32409
0.955 -3.23076
0.956 -2.52606
0.957 -3.29648
0.958 -2.76419
0.959 -2.56853
0.96 -3.00405
0.961 -3.7403
0.962 -2.57059
0.963 -2.39787
0.964 -3.30945
0.965 -3.07801
0.966 -2.92515
0.967 -2.88402
0.968 -2.79891
0.969 -2.90355
0.97 -2.96269
0.971 -2.95849
0.972 -2.59681
0.973 -3.14784
0.974 -2.48271
0.975 -2.48404
0.976 -2.72366
0.977 -2.65787
0.978 -2.77691
0.979 -2.67603
0.98 -2.86425
0.981 -3.0783
0.982 -2.66635
0.983 -2.95171
0.984 -3.22342
0.985 -2.61933
0.986 -2.67547
0.987 -2.64835
0.988 -2.81478
0.989 -2.90669
0.99 -3.19863
0.991 -2.6296
0.992 -3.01206
0.993 -2.8648
0.994 -2.9368
0.995 -3.70366
0.996 -2.60735
0.997 -3.02368
0.998 -3.04475
0.999 -3.15334
1 -2.76694
1.001 -2.65494
1.002 -2.71841
1.003 -2.54407
1.004 -2.70297
1.005 -2.4227
1.006 -3.15964
1.007 -2.74878
1.008 -2.89772
1.009 -3.11391
1.01 -2.68418
1.011 -2.54113
1.012 -2.66924
1.013 -2.64945
1.014 -2.48649
1.015 -2.72304
1.016 -2.45274
1.017 -2.52782
1.018 -2.75011
1.019 -2.30925
1.02 -2.68056
1.021 -2.57822
1.022 -3.03784
1.023 -2.8743
1.024 -2.85226
1.025 -2.92349
1.026 -2.87529
1.027 -3.01715
1.028 -3.047
1.029 -2.67898
1.03 -2.70731
1.031 -2.80821
1.032 -2.36434
1.033 -3.34258
1.034 -3.73223
1.035 -2.9906
1.036 -2.63711
1.037 -3.13662
1.038 -2.77652
1.039 -3.65405
1.04 -3.19426
1.041 -2.9723
1.042 -3.26084
1.043 -3.45755
1.044 -2.94603
1.045 -3.05556
1.046 -2.95016
1.047 -3.10919
1.048 -2.72225
1.049 -2.64935
1.05 -2.99845
1.051 -2.6616
1.052 -2.78607
1.053 -3.32204
1.054 -2.85607
1.055 -2.95831
1.056 -2.60165
1.057 -2.64339
1.058 -2.73823
1.059 -2.97367
1.06 -3.23253
1.061 -2.69923
1.062 -2.82895
1.063 -3.02646
1.064 -4.04926
1.065 -3.00759
1.066 -3.16191
1.067 -2.58267
1.068 -2.74676
1.069 -3.14073
1.07 -3.57887
1.071 -2.99836
1.072 -2.76563
1.073 -3.45266
1.074 -2.60099
1.075 -2.96412
1.076 -3.80333
1.077 -2.72869
1.078 -3.97985
1.079 -3.14594
1.08 -2.35939
1.081 -2.77882
1.082 -3.22322
1.083 -2.66765
1.084 -2.98434
1.085 -2.74229
1.086 -2.97552
1.087 -2.70331
1.088 -2.66497
1.089 -2.75837
1.09 -2.77381
1.091 -2.89993
1.092 -2.76502
1.093 -2.72792
1.094 -2.86466
1.095 -2.82962
1.096 -2.4987
1.097 -2.71127
1.098 -2.80053
1.099 -2.56938
1.1 -2.63331
1.101 -3.26454
1.102 -2.72495
1.103 -3.86204
1.104 -4.17207
1.105 -3.15055
1.106 -2.72522
1.107 -3.29743
1.108 -2.78664
1.109 -4.67504
1.11 -2.70499
1.111 -2.96498
1.112 -2.99966
1.113 -2.82975
1.114 -2.66439
1.115 -2.41974
1.116 -3.25381
1.117 -3.67172
1.118 -3.40098
1.119 -2.85487
1.12 -3.48374
1.121 -2.64401
1.122 -3.12943
1.123 -2.85418
1.124 -2.58732
1.125 -2.48428
1.126 -3.09838
1.127 -3.39732
1.128 -3.14785
1.129 -3.10725
1.13 -3.09177
1.131 -2.78406
1.132 -2.77033
1.133 -2.805
1.134 -3.17272
1.135 -3.09742
1.136 -3.03706
1.137 -2.55862
1.138 -3.52579
1.139 -3.41724
1.14 -3.02381
1.141 -2.85469
1.142 -2.64052
1.143 -3.00005
1.144 -3.37151
1.145 -2.92833
1.146 -3.05462
1.147 -3.77503
1.148 -3.18519
1.149 -4.46364
1.15 -2.7594
1.151 -2.76318
1.152 -3.00565
1.153 -2.95729
1.154 -2.86234
1.155 -2.67854
1.156 -2.94127
1.157 -2.73901
1.158 -2.76436
1.159 -2.63297
1.16 -2.58723
1.161 -2.65021
1.162 -2.92112
1.163 -2.79854
1.164 -2.66271
1.165 -3.02564
1.166 -2.84633
1.167 -5.388
1.168 -3.14975
1.169 -3.22161
1.17 -2.95901
1.171 -2.67079
1.172 -3.36854
1.173 -3.22792
1.174 -3.92236
1.175 -2.68021
1.176 -3.17682
1.177 -2.39497
1.178 -3.44707
1.179 -2.69219
1.18 -3.44126
1.181 -2.63532
1.182 -3.43834
1.183 -2.95826
1.184 -2.95278
1.185 -2.88772
1.186 -2.81328
1.187 -2.63135
1.188 -2.99895
1.189 -2.80249
1.19 -2.89877
1.191 -2.93835
1.192 -3.0133
1.193 -3.17178
1.194 -2.52766
1.195 -2.6988
1.196 -3.78723
1.197 -2.84899
1.198 -3.19379
1.199 -2.87585
1.2 -3.45066
1.201 -2.58552
1.202 -3.00014
1.203 -2.69058
1.204 -4.52322
1.205 -3.25235
1.206 -3.25579
1.207 -2.83847
1.208 -2.78747
1.209 -2.46451
1.21 -3.23433
1.211 -2.6467
1.212 -4.20997
1.213 -2.95139
1.214 -2.87422
1.215 -2.73319
1.216 -2.77142
1.217 -2.8816
1.218 -2.54169
1.219 -3.21722
1.22 -2.9042
1.221 -2.99692
1.222 -2.78537
1.223 -2.9695
1.224 -2.83922
1.225 -3.51124
1.226 -2.75033
1.227 -3.96366
1.228 -3.05997
1.229 -3.44516
1.23 -2.82479
1.231 -3.20312
1.232 -2.91612
1.233 -3.32602
1.234 -2.79323
1.235 -3.34956
1.236 -2.80484
1.237 -2.80435
1.238 -2.96877
1.239 -4.03278
1.24 -3.40561
1.241 -3.1085
1.242 -3.06687
1.243 -2.89737
1.244 -2.87677
1.245 -2.70539
1.246 -3.33328
1.247 -3.15436
1.248 -2.86076
1.249 -2.91541
1.25 -3.05078
1.251 -2.78076
1.252 -2.76686
1.253 -4.03917
1.254 -3.30775
1.255 -3.00633
1.256 -2.69285
1.257 -3.84218
1.258 -3.13822
1.259 -3.31657
1.26 -3.1221
1.261 -3.67563
1.262 -3.34843
1.263 -2.65402
1.264 -3.1067
1.265 -2.87113
1.266 -2.7433
1.267 -3.84772
1.268 -3.14748
1.269 -2.48323
1.27 -2.59261
1.271 -3.24085
1.272 -3.07591
1.273 -3.15628
1.274 -4.36503
1.275 -3.03682
1.276 -2.97319
1.277 -2.83237
1.278 -3.12558
1.279 -2.88168
1.28 -2.99101
1.281 -2.72173
1.282 -3.29135
1.283 -3.02063
1.284 -3.29146
1.285 -3.07761
1.286 -2.98018
1.287 -3.31287
1.288 -3.24075
1.289 -3.24935
1.29 -3.18608
1.291 -2.55271
1.292 -2.80313
1.293 -2.77481
1.294 -3.18953
1.295 -3.04826
1.296 -2.7723
1.297 -5.72787
1.298 -3.86406
1.299 -2.89028
1.3 -2.76579
1.301 -3.35518
1.302 -2.83728
1.303 -3.85476
1.304 -2.43207
1.305 -4.4447
1.306 -4.20757
1.307 -2.92197
1.308 -3.39558
1.309 -3.62553
1.31 -3.22719
1.311 -3.17775
1.312 -3.75075
1.313 -2.71085
1.314 -3.32072
1.315 -2.88923
1.316 -2.77698
1.317 -4.19183
1.318 -4.62059
1.319 -3.5996
1.32 -2.71704
1.321 -3.06465
1.322 -2.95193
1.323 -2.83174
1.325 -2.45385
1.326 -3.5394
1.327 -4.10614
1.328 -3.39218
1.329 -2.76748
1.33 -2.86795
1.331 -2.74923
1.332 -3.88672
1.333 -2.64893
1.334 -2.57901
1.335 -3.47347
1.336 -4.16345
1.337 -2.98133
1.338 -4.19579
1.339 -2.84603
1.34 -3.59484
1.341 -5.19301
1.342 -2.53328
1.343 -2.91148
1.344 -2.99808
1.345 -3.14032
1.346 -3.13296
1.347 -3.07531
1.348 -3.41273
1.349 -3.92447
1.35 -3.07593
1.351 -3.24991
1.352 -3.42058
1.353 -2.96016
1.354 -2.64356
1.355 -4.09541
1.356 -3.27047
1.357 -3.40642
1.358 -3.1277
1.359 -2.95424
1.36 -3.3583
1.361 -2.89461
1.362 -3.11844
1.363 -2.9289
1.364 -3.40609
1.365 -2.85988
1.366 -2.95115
1.367 -3.34988
1.368 -2.86523
1.369 -2.80183
1.37 -3.75045
1.371 -2.76009
1.372 -3.1053
1.373 -2.98659
1.374 -2.54245
1.375 -3.25038
1.376 -2.97023
1.377 -2.6451
1.378 -2.80995
1.379 -2.57747
1.38 -2.74333
1.381 -2.83543
1.382 -4.13091
1.383 -2.69638
1.384 -3.30034
1.385 -3.21975
1.386 -2.61809
1.387 -3.25532
1.388 -3.0262
1.389 -3.29698
1.39 -2.92299
1.391 -2.99408
1.392 -4.32021
1.393 -3.8683
1.394 -3.42016
1.395 -2.96901
1.396 -2.65719
1.397 -3.33202
1.398 -3.3992
1.399 -4.46104
1.4 -3.91038
1.401 -3.33545
1.402 -3.11998
1.403 -4.24628
1.404 -4.07925
1.405 -3.0293
1.406 -3.0888
1.407 -3.20245
1.408 -3.29112
1.409 -4.1533
1.41 -3.80695
1.411 -4.52389
1.412 -2.81163
1.413 -3.61218
1.414 -3.06929
1.415 -2.94828
1.416 -2.87761
1.417 -3.90942
1.418 -2.71181
1.419 -4.72555
1.42 -4.16182
1.421 -3.05806
1.422 -2.61524
1.423 -3.34792
1.424 -3.34831
1.425 -2.589
1.426 -2.94804
1.427 -2.67409
1.428 -3.02878
1.429 -4.23103
1.43 -6.00636
1.431 -2.723
1.432 -3.33007
1.433 -2.91165
1.434 -2.89383
1.435 -3.36513
1.436 -2.59324
1.437 -3.3155
1.438 -3.07995
1.44 -3.92823
1.441 -3.79887
1.442 -2.74174
1.443 -2.72896
1.444 -3.79887
1.445 -3.18153
1.446 -2.88134
1.447 -3.14476
1.448 -3.0191
1.449 -2.9406
1.45 -3.32529
1.451 -2.68923
1.452 -2.91311
1.453 -3.36701
1.454 -3.17915
1.455 -3.18918
1.456 -2.65111
1.457 -5.30613
1.458 -4.26309
1.459 -3.39792
1.46 -3.27396
1.461 -2.78507
1.462 -5.15213
1.463 -3.31504
1.464 -3.01113
1.465 -2.66825
1.466 -2.96247
1.467 -2.63969
1.469 -2.95544
1.47 -2.72181
1.471 -4.2795
1.472 -3.20076
1.473 -2.88689
1.474 -3.34491
1.475 -3.44238
1.476 -3.3011
1.477 -4.24214
1.478 -3.21145
1.479 -5.2774
1.48 -3.44134
1.481 -3.30864
1.482 -3.01767
1.483 -4.247
1.484 -3.21582
1.485 -3.21021
1.486 -4.23461
1.487 -3.18368
1.488 -2.95385
1.49 -3.29866
1.491 -3.19295
1.492 -3.07658
1.493 -2.76867
1.494 -2.89284
1.495 -3.41137
1.496 -2.92668
1.497 -3.38284
1.498 -3.07793
1.499 -2.99175
1.5 -3.13264
1.501 -3.25827
1.502 -2.72416
1.503 -3.45908
1.504 -3.36966
1.505 -2.81908
1.506 -3.06081
1.507 -5.89329
1.509 -4.28642
1.51 -3.41663
1.511 -3.03502
1.512 -4.34037
1.513 -2.97079
1.516 -2.96032
1.517 -5.10314
1.518 -5.23815
1.52 -3.38989
1.521 -4.24286
1.522 -2.91229
1.523 -3.01383
1.524 -5.2253
1.526 -2.93439
1.527 -3.50324
1.528 -4.23814
1.529 -2.78228
1.531 -5.52124
1.533 -2.7438
1.534 -3.15427
1.535 -3.20553
1.536 -2.76368
1.537 -4.33619
1.538 -3.20303
1.539 -2.9718
1.54 -3.17199
1.541 -3.00966
1.542 -5.54222
1.543 -4.31801
1.544 -2.96559
1.545 -3.26121
1.546 -3.40065
1.547 -3.02546
1.548 -2.76533
1.549 -3.01483
1.55 -2.80406
1.551 -3.04877
1.552 -2.76938
1.553 -2.90778
1.554 -3.32629
1.555 -5.05733
1.556 -2.76583
1.557 -2.95892
1.558 -2.78501
1.559 -3.44394
1.56 -5.5282
1.561 -2.85492
1.562 -4.1844
1.563 -3.48008
1.564 -2.99771
1.565 -4.0346
1.566 -4.35323
1.567 -4.34674
1.569 -3.24071
1.57 -3.25353
1.572 -2.72649
1.573 -3.37732
1.575 -3.38702
1.577 -4.29321
1.578 -4.33828
1.58 -5.13264
1.581 -2.93783
1.582 -5.01317
1.583 -2.94356
1.584 -2.99
1.585 -3.2183
1.586 -2.88377
1.587 -3.13725
1.588 -3.96001
1.589 -3.97382
1.59 -4.17081
1.591 -3.03515
1.592 -3.05524
1.593 -3.25212
1.594 -3.23633
1.595 -3.46052
1.596 -2.94421
1.597 -3.05568
1.598 -3.15129
1.599 -3.55678
1.6 -2.95993
1.601 -2.74323
1.602 -2.87502
1.603 -4.38035
1.604 -3.21616
1.605 -3.05395
1.606 -4.30196
1.607 -2.80562
1.608 -3.36335
1.609 -3.39578
1.61 -4.07447
1.611 -3.07334
1.612 -4.35983
1.613 -4.70907
1.614 -2.9427
1.615 -3.24189
1.616 -2.57643
1.617 -3.03478
1.619 -3.16372
1.62 -3.26374
1.621 -3.10915
1.622 -4.34436
1.623 -5.82915
1.624 -3.93103
1.625 -4.32118
1.626 -2.54024
1.627 -3.00227
1.628 -3.25856
1.629 -3.54427
1.63 -3.24979
1.631 -3.54972
1.633 -3.13586
1.634 -3.03607
1.635 -3.2328
1.636 -5.14463
1.637 -4.63582
1.638 -3.11705
1.639 -3.33783
1.64 -3.01727
1.641 -2.96444
1.642 -3.38124
1.643 -2.88337
1.644 -3.64302
1.645 -3.42418
1.646 -2.91089
1.647 -4.24178
1.648 -4.07895
1.649 -2.99264
1.65 -3.4459
1.651 -3.31884
1.653 -3.11053
1.654 -4.20932
1.655 -5.29671
1.656 -3.5927
1.657 -2.77166
1.658 -4.89976
1.659 -4.40941
1.66 -3.107
1.661 -3.37354
1.663 -2.91852
1.664 -3.36433
1.665 -4.63835
1.666 -2.77867
1.667 -3.38873
1.668 -2.75865
1.67 -3.36411
1.671 -4.20466
1.672 -2.91123
1.673 -3.35579
1.674 -3.04137
1.675 -2.90789
1.676 -4.10089
1.677 -4.6368
1.678 -3.35544
1.679 -3.21686
1.68 -2.92744
1.681 -3.20269
1.682 -3.10544
1.683 -3.23301
1.684 -2.8407
1.686 -4.94477
1.687 -5.39488
1.688 -3.32829
1.689 -2.9957
1.69 -2.93472
1.691 -4.79511
1.692 -4.6107
1.693 -4.28418
1.694 -4.92956
1.695 -3.66705
1.696 -2.76186
1.697 -3.34819
1.698 -2.57091
1.699 -4.50591
1.701 -3.40806
1.702 -3.43145
1.703 -3.11215
1.704 -3.29042
1.705 -3.36064
1.706 -3.72737
1.707 -4.32259
1.708 -3.61368
1.709 -3.22906
1.71 -4.51504
1.711 -3.20521
1.712 -2.78592
1.713 -2.82949
1.715 -3.24535
1.716 -4.16886
1.717 -3.6753
1.719 -3.34331
1.72 -2.89199
1.721 -2.83228
1.722 -2.97743
1.723 -3.5316
1.725 -4.46361
1.726 -4.46235
1.727 -2.85025
1.728 -3.06718
1.729 -4.49693
1.73 -4.2974
1.731 -4.38204
1.732 -4.35414
1.733 -3.80843
1.734 -3.36189
1.735 -3.24135
1.736 -4.24372
1.737 -4.69287
1.738 -4.51636
1.739 -3.36612
1.74 -3.07264
1.741 -3.31661
1.742 -3.4418
1.743 -4.39839
1.744 -4.418
1.745 -3.2176
1.746 -4.17228
1.747 -3.11741
1.748 -2.89533
1.749 -4.00994
1.75 -2.40997
1.751 -2.95535
1.752 -3.44931
1.753 -2.93264
1.754 -3.54065
1.755 -4.625
1.756 -3.53824
1.757 -2.96476
1.758 -3.28707
1.759 -2.95039
1.76 -2.75072
1.761 -2.57826
1.762 -3.69672
1.763 -2.94895
1.764 -3.21041
1.765 -4.20548
1.766 -5.32662
1.768 -3.00293
1.769 -3.35901
1.771 -2.8137
1.772 -3.20614
1.773 -4.64327
1.774 -2.99845
1.776 -2.56604
1.778 -3.00415
1.779 -5.31457
1.781 -3.8835
1.782 -2.95582
1.784 -3.42829
1.785 -3.24484
1.789 -5.70861
1.79 -3.95461
1.791 -3.37927
1.792 -2.99641
1.793 -3.09899
1.794 -2.66015
1.796 -3.26693
1.797 -3.22476
1.798 -3.83257
1.799 -4.35994
1.8 -4.37631
1.801 -2.94263
1.803 -3.08863
1.804 -3.19897
1.805 -3.09012
1.806 -3.09459
1.807 -5.68947
1.808 -3.33481
1.809 -3.2443
1.812 -3.25049
1.813 -2.91472
1.815 -4.0698
1.817 -4.32764
1.818 -3.31388
1.819 -3.64854
1.82 -3.34445
1.821 -2.85211
1.823 -5.67686
1.824 -5.34489
1.825 -3.36436
1.826 -3.25678
1.827 -3.21656
1.83 -3.26556
1.831 -3.20594
1.832 -2.91954
1.833 -3.19157
1.834 -5.6706
1.835 -3.01007
1.836 -2.93181
1.838 -4.3344
1.839 -3.28238
1.84 -3.36835
1.841 -3.30098
1.842 -2.99379
1.843 -3.16489
1.844 -3.5747
1.845 -5.56843
1.846 -2.90532
1.847 -2.77262
1.848 -5.53987
1.852 -4.85326
1.855 -4.82734
1.857 -3.34817
1.858 -2.74549
1.86 -3.35355
1.861 -3.26374
1.863 -3.80005
1.864 -3.20578
1.867 -4.32793
1.869 -3.37005
1.87 -3.85624
1.872 -2.91312
1.873 -3.11522
1.874 -3.46
1.875 -3.63218
1.876 -3.24493
1.877 -3.24493
1.878 -3.09484
1.879 -2.83383
1.88 -3.02896
1.881 -3.13645
1.882 -5.65199
1.883 -3.17503
1.884 -3.77709
1.885 -3.40886
1.887 -3.41567
1.888 -3.06678
1.889 -3.649
1.89 -3.22527
1.893 -4.3248
1.894 -3.17665
1.896 -3.23494
1.897 -3.38609
1.899 -4.3259
1.9 -2.91645
1.901 -3.38621
1.902 -2.91557
1.904 -3.09243
1.905 -2.82414
1.906 -2.7965
1.907 -3.2709
1.908 -3.12113
1.91 -3.30285
1.911 -3.20606
1.912 -4.32549
1.913 -3.1868
1.914 -3.02906
1.915 -5.25604
1.917 -3.39455
1.918 -2.78601
1.919 -3.0825
1.92 -3.07774
1.921 -3.30285
1.922 -3.23425
1.923 -3.23208
1.924 -2.89812
1.925 -2.92943
1.926 -4.18308
1.927 -2.53499
1.928 -3.29295
1.929 -3.38609
1.93 -4.32513
1.931 -5.06596
1.932 -3.37074
1.933 -2.91087
1.934 -3.1288
1.935 -3.3746
1.936 -3.3746
1.937 -3.22115
1.94 -3.24838
1.941 -4.27586
1.942 -4.64112
1.943 -3.05581
1.944 -3.09448
1.945 -2.83187
1.947 -3.02489
1.948 -3.22369
1.949 -3.64423
1.95 -3.77278
1.951 -3.24328
1.952 -2.53438
1.953 -3.02713
1.954 -2.95689
1.956 -3.22966
1.957 -3.70531
1.958 -3.20506
1.959 -3.37373
1.96 -3.13218
1.961 -2.93045
1.962 -3.39814
1.963 -3.35733
1.964 -4.26357
1.965 -2.89277
1.966 -4.32496
1.97 -2.9284
1.971 -3.08691
1.972 -3.776
1.974 -2.8238
1.977 -3.43933
1.98 -4.32439
1.982 -3.21048
1.983 -4.24807
1.985 -3.17617
1.986 -4.32611
1.988 -4.32736
1.989 -3.2104
1.991 -5.69582
1.992 -4.29576
1.993 -3.20172
1.995 -3.20085
1.996 -4.94275
1.997 -4.91973
1.998 -3.22894
2 -2.78829
2.001 -3.10695
2.002 -3.45871
2.003 -2.98623
2.004 -2.83416
2.005 -3.24984
2.006 -2.56921
2.007 -3.2702
2.008 -3.23077
2.009 -4.81968
2.01 -3.38187
2.011 -3.58389
2.012 -4.45137
2.013 -3.18971
2.015 -3.55111
2.016 -3.23864
2.017 -4.30838
2.019 -2.78749
2.02 -4.32371
2.021 -2.9375
2.023 -3.35566
2.025 -4.25802
2.026 -2.97293
2.028 -4.32407
2.032 -3.37233
2.035 -3.26833
2.036 -3.10443
2.039 -3.20598
2.04 -4.32366
2.042 -4.92908
2.043 -4.29753
2.044 -3.42244
2.045 -2.72494
2.046 -4.32379
2.048 -3.25402
2.049 -3.33686
2.05 -3.8806
2.051 -3.66792
2.052 -3.66068
2.053 -3.17017
2.054 -3.02115
2.055 -2.81061
2.056 -3.42111
2.057 -2.79489
2.058 -3.67551
2.06 -3.40632
2.062 -5.52862
2.063 -3.23535
2.064 -3.35333
2.066 -2.95814
2.067 -3.66122
2.07 -3.26026
2.072 -3.00608
2.074 -3.9016
2.077 -2.8516
2.078 -4.02295
2.079 -4.02343
2.08 -2.96903
2.081 -3.07169
2.082 -4.05267
2.083 -3.80921
2.084 -3.14256
2.086 -4.02337
2.087 -3.23662
2.088 -2.75136
2.089 -3.23732
2.09 -3.06215
2.093 -3.40465
2.094 -4.93818
2.095 -3.59731
2.097 -5.07571
2.099 -5.02317
2.1 -3.33929
2.102 -4.32658
2.103 -4.96442
2.104 -2.90259
2.106 -3.34149
2.107 -3.35741
2.108 -5.4475
2.109 -4.96004
2.11 -4.32736
2.111 -3.17513
2.112 -4.32407
2.113 -3.48069
2.116 -3.48286
2.117 -3.04536
2.118 -4.32399
2.119 -3.43213
2.12 -4.32634
2.121 -3.05101
2.122 -4.32764
2.123 -4.32569
2.124 -3.03138
2.125 -4.32952
2.126 -3.31453
2.127 -3.20717
2.128 -4.03099
2.13 -4.03901
2.131 -4.03901
2.133 -3.4102
2.134 -3.42046
2.135 -3.02019
2.136 -3.38502
2.137 -3.15244
2.138 -4.15671
2.139 -3.42248
2.141 -4.32611
2.143 -2.8803
2.144 -4.32709
2.145 -3.40679
2.146 -3.80564
2.147 -2.90315
2.148 -3.39084
2.15 -3.16388
2.153 -3.37613
2.154 -3.0452
2.155 -4.33061
2.156 -4.012
2.157 -3.1154
2.159 -3.02288
2.16 -3.00272
2.161 -3.05424
2.163 -3.05294
2.164 -4.84938
2.165 -4.34259
2.166 -3.33076
2.167 -2.70784
2.168 -3.37999
2.169 -3.56471
2.17 -2.90686
2.172 -3.5237
2.173 -3.04149
2.174 -3.08279
2.176 -2.95914
2.177 -3.31991
2.178 -2.61409
2.179 -3.10032
2.18 -3.39692
2.182 -3.02113
2.183 -2.97818
2.184 -3.33289
2.185 -4.34197
2.186 -3.26293
2.187 -3.60403
2.188 -3.67427
2.189 -2.96388
2.19 -3.31321
2.191 -3.87006
2.192 -3.3913
2.193 -4.35631
2.194 -3.39635
2.196 -4.34583
2.197 -2.94978
2.198 -4.3374
2.199 -2.78863
2.201 -4.35007
2.203 -3.36939
2.204 -3.05052
2.205 -3.19611
2.206 -4.33138
2.207 -3.09456
2.208 -3.01886
2.21 -4.34934
2.211 -3.23304
2.212 -4.3396
2.214 -4.17002
2.217 -3.70699
2.219 -4.37489
2.22 -3.12042
2.222 -3.58293
2.224 -3.65714
2.225 -3.3835
2.226 -3.27431
2.227 -3.13774
2.228 -3.2226
2.231 -4.06224
2.232 -2.76915
2.233 -3.08229
2.234 -4.91326
2.236 -3.19355
2.237 -3.26421
2.238 -2.74897
2.24 -2.69769
2.241 -2.93606
2.242 -4.26422
2.244 -2.96848
2.245 -4.37912
2.246 -3.07235
2.247 -3.00556
2.248 -3.12484
2.249 -3.2461
2.251 -3.53593
2.252 -4.26247
2.254 -4.8649
2.256 -3.29096
2.257 -3.20062
2.258 -4.71885
2.259 -3.07536
2.26 -3.38172
2.261 -2.70134
2.262 -2.78482
2.264 -4.88472
2.265 -2.89886
2.266 -3.3265
2.267 -5.42679
2.268 -4.19096
2.269 -4.38353
2.271 -3.06774
2.273 -2.90481
2.274 -4.74539
2.275 -2.84755
2.276 -2.78956
2.277 -3.34872
2.278 -3.32349
2.279 -2.86256
2.28 -4.06607
2.281 -4.38928
2.282 -2.95796
2.283 -3.14578
2.284 -3.38084
2.285 -4.22958
2.286 -2.77606
2.288 -2.81352
2.289 -3.1298
2.29 -4.23907
2.291 -3.34564
2.292 -3.36562
2.293 -5.41151
2.294 -3.3676
2.295 -3.24395
2.296 -3.00885
2.297 -4.26566
2.298 -3.23033
2.3 -2.93822
2.301 -4.63047
2.302 -3.21013
2.303 -4.77611
2.304 -4.84555
2.305 -3.63681
2.306 -4.40956
2.307 -2.90444
2.308 -2.70716
2.309 -3.49551
2.31 -3.09873
2.311 -3.42331
2.312 -5.31484
2.313 -3.42331
2.314 -4.24879
2.315 -2.80473
2.316 -3.33458
2.317 -2.69275
2.318 -4.27592
2.319 -3.25177
2.32 -4.28005
2.321 -4.3978
2.323 -3.18405
2.324 -3.39814
2.325 -3.38234
2.326 -3.38201
2.327 -4.4237
2.328 -4.78312
2.329 -3.38201
2.33 -3.2241
2.331 -3.63012
2.332 -2.91577
2.333 -2.53834
2.335 -4.21997
2.336 -3.37273
2.337 -4.41092
2.338 -4.4312
2.339 -3.59592
2.34 -3.41233
2.341 -3.42969
2.342 -4.68674
2.343 -3.08261
2.344 -3.07741
2.345 -4.13178
2.346 -2.78124
2.347 -2.91238
2.348 -2.74007
2.35 -3.41929
2.352 -4.67586
2.353 -3.04465
2.354 -3.39254
2.356 -2.77858
2.357 -2.73938
2.358 -3.23008
2.36 -2.77465
2.361 -3.09144
2.362 -3.09461
2.363 -3.78543
2.365 -3.31697
2.366 -4.69406
2.367 -2.98564
2.368 -3.35498
2.369 -3.1199
2.37 -2.74391
2.371 -3.31724
2.372 -5.37177
2.373 -4.46063
2.374 -3.94216
2.376 -3.02106
2.377 -4.62917
2.378 -3.45962
2.379 -2.92991
2.38 -4.15976
2.381 -3.20383
2.382 -2.88859
2.384 -4.69715
2.385 -3.20438
2.386 -4.45889
2.387 -3.21837
2.388 -2.64689
2.389 -3.19957
2.392 -4.47866
2.393 -2.74495
2.394 -5.34291
2.395 -5.27417
2.396 -4.07016
2.397 -4.00596
2.399 -4.52056
2.401 -3.89903
2.402 -3.09968
2.403 -3.22062
2.404 -3.04708
2.405 -3.74831
2.406 -2.77056
2.407 -3.60816
2.408 -4.50802
2.409 -4.72891
2.41 -4.21953
2.411 -4.13885
2.412 -4.52269
2.413 -4.08744
2.415 -3.31352
2.416 -4.50597
2.417 -4.36261
2.418 -3.03411
2.419 -4.36548
2.42 -4.53801
2.421 -2.9286
2.423 -4.66403
2.424 -4.40291
2.425 -2.91316
2.427 -3.19359
2.429 -3.20574
2.43 -3.23523
2.432 -3.23496
2.433 -4.53357
2.434 -3.9315
2.435 -4.5904
2.436 -3.05672
2.437 -2.88124
2.438 -4.27812
2.439 -4.57059
2.44 -3.87595
2.441 -3.19023
2.442 -4.31529
2.443 -4.30342
2.444 -3.82479
2.446 -2.94873
2.447 -3.07375
2.448 -3.37819
2.449 -2.80547
2.451 -3.31453
2.452 -4.64392
2.453 -4.61644
2.454 -4.63275
2.455 -4.42223
2.46 -3.37906
2.461 -2.95689
2.465 -3.43079
2.467 -5.3011
2.468 -3.75652
2.469 -2.93846
2.47 -5.32411
2.471 -3.12472
2.473 -3.21864
2.474 -5.29656
2.475 -3.29869
2.476 -3.21864
2.479 -3.53057
2.48 -3.01894
2.481 -4.66111
2.484 -5.27861
2.485 -3.21021
2.486 -2.80279
2.488 -3.4951
2.489 -3.22269
2.49 -2.85615
2.491 -3.10455
2.492 -4.13649
2.493 -3.53057
2.494 -3.00445
2.497 -3.20978
2.498 -3.20077
2.499 -4.65245
2.501 -3.10618
2.502 -3.07237
2.503 -4.62778
2.504 -4.06729
2.505 -3.94755
2.51 -3.29596
2.512 -4.46769
2.514 -3.23016
2.515 -3.1086
2.518 -3.22191
2.521 -3.41592
2.523 -3.73373
2.524 -3.73373
2.526 -3.02213
2.529 -3.36794
2.531 -3.67219
2.532 -4.62753
2.533 -3.56305
2.535 -3.27936
2.536 -2.75667
2.537 -4.46949
2.542 -2.95555
2.543 -3.24395
2.544 -3.23415
2.547 -5.21836
2.55 -3.41827
2.551 -3.41827
2.557 -3.25826
2.56 -5.29204
2.564 -4.63193
2.566 -3.19875
2.571 -5.28306
2.575 -2.78846
2.577 -2.93963
2.579 -3.20768
2.58 -3.20366
2.583 -3.77873
2.584 -3.48805
2.585 -3.22753
2.586 -2.94148
2.587 -3.22995
2.588 -3.44808
2.59 -3.1705
2.591 -4.39906
2.592 -3.19937
2.594 -3.41393
2.595 -5.20595
2.6 -3.21934
2.602 -3.24972
2.604 -4.16812
2.606 -3.39023
2.607 -3.00423
2.609 -3.2709
2.612 -3.23079
2.614 -4.54477
2.615 -3.10299
2.618 -3.51743
2.62 -3.27101
2.625 -4.74206
2.627 -3.29259
2.631 -3.25509
2.632 -4.13227
2.633 -2.94531
2.637 -5.26099
2.638 -4.26623
2.641 -4.04808
2.642 -3.3059
2.645 -3.50129
2.646 -2.75309
2.648 -3.01512
2.649 -3.41645
2.65 -3.38864
2.656 -2.90669
2.66 -4.70517
2.662 -3.1043
2.663 -3.26022
2.665 -5.23517
2.666 -3.38169
2.667 -3.26602
2.668 -3.40551
2.669 -3.09846
2.673 -3.41804
2.674 -3.56524
2.675 -3.09448
2.676 -2.90133
2.677 -3.71056
2.678 -3.09626
2.68 -3.48823
2.681 -3.70868
2.682 -5.22673
2.683 -3.03167
2.684 -2.959
2.687 -3.19875
2.69 -2.90098
2.693 -3.54736
2.696 -3.69105
2.698 -3.40584
2.7 -3.02664
2.702 -4.13733
2.703 -3.28335
2.705 -4.13733
2.706 -3.38766
2.707 -2.98284
2.708 -3.0081
2.709 -3.39109
2.712 -3.00685
2.714 -3.43811
2.715 -3.35627
2.717 -3.38025
2.72 -3.24138
2.721 -4.00951
2.725 -2.95961
2.726 -3.98505
2.731 -3.21947
2.732 -3.42254
2.733 -2.8606
2.735 -2.90176
2.737 -3.07366
2.738 -2.74363
2.741 -3.0417
2.744 -3.59247
2.747 -3.26689
2.748 -4.63489
2.749 -3.50285
2.75 -3.59247
2.751 -3.28109
2.754 -3.36958
2.755 -3.23274
2.756 -3.38377
2.758 -3.4802
2.759 -4.62684
2.763 -4.21333
2.764 -4.6256
2.766 -4.62591
2.767 -3.44544
2.768 -3.4085
2.769 -3.26745
2.77 -3.4531
2.771 -3.07083
2.772 -4.62575
2.773 -2.76475
2.777 -2.93336
2.778 -3.08593
2.78 -3.38601
2.781 -2.82648
2.785 -3.44681
2.788 -3.3795
2.789 -3.3795
2.79 -5.20186
2.792 -3.2563
2.793 -3.26689
2.797 -3.2362
2.798 -3.16922
2.799 -3.43669
2.8 -5.19778
2.802 -3.06679
2.803 -5.18968
2.804 -3.17201
2.806 -3.44758
2.807 -2.75696
2.808 -3.43669
2.809 -4.38241
2.81 -2.67074
2.811 -3.53089
2.812 -4.85436
2.815 -3.07949
2.817 -3.33757
2.818 -3.04616
2.819 -3.37846
2.825 -2.90966
2.829 -3.23175
2.831 -3.42254
2.832 -5.18566
2.833 -4.15953
2.835 -4.20392
2.836 -3.80025
2.837 -2.93777
2.838 -2.66959
2.84 -3.39559
2.841 -3.41851
2.844 -5.17372
2.848 -2.96019
2.849 -3.37618
2.85 -4.62486
2.852 -5.16977
2.853 -3.39607
2.859 -3.48951
2.861 -3.39548
2.865 -5.09472
2.866 -5.11648
2.869 -2.81477
2.871 -3.00298
2.872 -2.81191
2.876 -2.96168
2.877 -3.31322
2.878 -4.13671
2.881 -2.5819
2.882 -3.01563
2.883 -3.3516
2.885 -2.94081
2.886 -3.0864
2.887 -3.39548
2.889 -3.50043
2.89 -3.25196
2.892 -2.90835
2.895 -3.55397
2.896 -3.3059
2.898 -3.10121
2.899 -2.94064
2.902 -3.22351
2.903 -3.38152
2.906 -2.87029
2.907 -3.17114
2.909 -3.23967
2.913 -4.78479
2.917 -3.08657
2.919 -4.54539
2.922 -3.39109
2.923 -2.69139
2.924 -2.95474
2.927 -3.20786
2.93 -3.38601
2.933 -3.22504
2.935 -3.2414
2.936 -3.07936
2.938 -5.1465
2.939 -3.01952
2.94 -3.41742
2.941 -4.62502
2.942 -3.08676
2.943 -3.74238
2.944 -2.99185
2.947 -4.80408
2.948 -4.62706
2.951 -3.18617
2.952 -5.13888
2.953 -2.81768
2.954 -3.08899
2.957 -3.24085
2.958 -3.22239
2.959 -3.20803
2.961 -5.07358
2.965 -3.03921
2.966 -5.14268
2.968 -2.85995
2.971 -3.50691
2.972 -3.06454
2.973 -3.28048
2.974 -3.20134
2.975 -3.76389
2.978 -3.25222
2.979 -2.92735
2.981 -2.99953
2.991 -3.29147
2.992 -3.40825
2.993 -2.92721
2.994 -3.20272
2.995 -4.81357
2.999 -3.60001
3 -3.19929
3.004 -2.93507
3.005 -3.39554
3.006 -3.10997
3.007 -2.91526
3.009 -3.41673
3.011 -3.21719
3.016 -3.11136
3.021 -4.62644
3.024 -3.56255
3.025 -3.04832
3.026 -2.91549
3.027 -3.40606
3.028 -3.69551
3.029 -2.92684
3.03 -5.04968
3.031 -3.50065
3.035 -5.10916
3.039 -3.23129
3.04 -3.26228
3.042 -3.13899
3.043 -3.30437
3.045 -2.93085
3.047 -4.42816
3.048 -2.92508
3.049 -3.16981
3.05 -3.10462
3.051 -5.0876
3.052 -2.93811
3.053 -3.25222
3.054 -3.52926
3.058 -4.19969
3.062 -2.93046
3.063 -3.51476
3.065 -2.97553
3.066 -4.19969
3.067 -3.00282
3.069 -2.92634
3.07 -3.4878
3.071 -2.84981
3.072 -3.47086
3.078 -2.85021
3.082 -3.66688
3.087 -2.95511
3.089 -3.96105
3.09 -2.94752
3.092 -4.46676
3.093 -3.01616
3.095 -3.25733
3.096 -3.38913
3.099 -3.26745
3.103 -3.09443
3.107 -4.48437
3.111 -3.25733
3.112 -2.94409
3.113 -3.39692
3.119 -3.23682
3.12 -5.05982
3.125 -3.08783
3.126 -4.62473
3.127 -2.76223
3.128 -3.07501
3.132 -2.98348
3.135 -3.08836
3.141 -2.96812
3.142 -3.97752
3.143 -4.18941
3.146 -2.8433
3.147 -3.21566
3.15 -4.2745
3.151 -5.06324
3.154 -3.5722
3.155 -3.38494
3.156 -2.84813
3.157 -4.48711
3.159 -5.06667
3.161 -5.01696
3.162 -3.55316
3.165 -3.21324
3.168 -3.61857
3.169 -2.74851
3.171 -3.25196
3.172 -3.51476
3.174 -2.84777
3.177 -3.1043
3.178 -4.62546
3.18 -2.94606
3.181 -2.74699
3.182 -4.62493
3.184 -4.07842
3.185 -3.24838
3.186 -2.96229
3.189 -3.24687
3.191 -3.54618
3.192 -3.34131
3.194 -3.60486
3.195 -5.0012
3.196 -2.92301
3.197 -2.79148
3.199 -4.56338
3.201 -3.33084
3.202 -3.40574
3.203 -3.08544
3.204 -3.34131
3.205 -2.95118
3.206 -4.62917
3.207 -3.09542
3.209 -4.62461
3.211 -4.62522
3.213 -3.25922
3.215 -4.98584
3.216 -2.79119
3.217 -3.44164
3.218 -2.83169
3.221 -2.93613
3.222 -3.23552
3.223 -5.04301
3.226 -2.9148
3.228 -3.10653
3.229 -3.32596
3.23 -3.0866
3.231 -3.18694
3.232 -3.38888
3.234 -3.62084
3.236 -3.21053
3.24 -2.95061
3.241 -4.12747
3.242 -3.23685
3.245 -4.48252
3.249 -2.97003
3.25 -3.76389
3.257 -2.99494
3.262 -3.31217
3.266 -3.72303
3.272 -2.86097
3.274 -4.64689
3.276 -3.26716
3.277 -3.22811
3.281 -3.87989
3.283 -4.9798
3.284 -3.31477
3.292 -3.6839
3.294 -3.27936
3.298 -4.93925
3.299 -3.10438
3.302 -2.99553
3.303 -4.96498
3.305 -3.64122
3.306 -2.81331
3.309 -4.95627
3.31 -3.99795
3.312 -2.88423
3.314 -3.42628
3.315 -5.01061
3.316 -3.40574
3.317 -4.26785
3.318 -3.50945
3.321 -2.93735
3.324 -4.94769
3.325 -4.70957
3.326 -3.91348
3.328 -4.62469
3.332 -2.94017
3.333 -3.21764
3.335 -4.23091
3.336 -3.39632
3.339 -3.40533
3.34 -3.40533
3.342 -3.25826
3.344 -4.9981
3.346 -4.99501
3.348 -2.94011
3.35 -2.78444
3.352 -2.96733
3.354 -3.39373
3.355 -4.94205
3.356 -3.10455
3.358 -4.39286
3.359 -3.39571
3.361 -4.6256
3.362 -3.256
3.363 -3.23732
3.367 -3.37199
3.37 -2.83216
3.374 -3.39373
3.375 -3.40535
3.379 -4.62461
3.381 -4.62463
3.382 -4.46949
3.383 -4.62575
3.387 -2.94446
3.389 -4.9768
3.39 -3.47443
3.393 -4.62461
3.395 -4.62465
3.396 -3.36016
3.398 -3.35235
3.4 -4.27902
3.402 -3.71343
3.403 -3.66331
3.404 -3.21347
3.408 -4.64798
3.409 -3.29403
3.412 -3.25581
3.414 -3.30739
3.416 -3.84147
3.421 -2.95081
3.425 -4.62473
3.431 -3.65089
3.432 -3.69668
3.434 -4.95339
3.438 -4.62469
3.441 -4.02487
3.443 -3.84147
3.444 -3.30808
3.445 -3.77981
3.446 -3.2475
3.448 -4.62511
3.451 -3.39559
3.452 -3.58065
3.453 -3.56297
3.455 -3.85038
3.456 -3.3707
3.458 -4.95053
3.46 -4.96791
3.461 -3.33026
3.462 -3.34061
3.465 -4.12581
3.466 -3.04192
3.467 -3.24073
3.468 -3.04709
3.471 -4.9068
3.473 -3.2607
3.474 -4.62706
3.476 -2.92455
3.478 -3.21028
3.48 -4.89644
3.485 -4.9337
3.488 -3.21513
3.489 -3.5875
3.49 -4.89901
3.493 -4.62607
3.5 -2.92546
3.501 -4.62522
3.502 -3.92697
3.503 -3.91991
3.507 -3.63937
3.516 -3.26126
3.518 -4.2004
3.522 -3.71643
3.523 -3.24181
3.528 -3.30507
3.53 -3.14522
3.531 -2.95048
3.532 -4.62534
3.533 -3.39554
3.534 -2.96483
3.535 -4.47143
3.537 -2.91677
3.538 -2.94318
3.541 -3.22811
3.543 -4.62858
3.547 -4.62546
3.551 -4.60183
3.552 -3.23076
3.557 -3.3967
3.559 -4.65102
3.56 -4.37912
3.562 -4.85029
3.568 -4.62778
3.569 -4.73678
3.57 -3.03591
3.571 -4.93094
3.574 -4.91206
3.576 -4.62644
3.585 -4.87153
3.589 -3.57203
3.59 -3.2254
3.591 -3.63649
3.594 -3.21904
3.596 -4.92276
3.597 -4.63013
3.598 -3.32571
3.6 -3.23076
3.601 -3.63937
3.604 -3.92208
3.605 -3.69267
3.606 -4.62729
3.609 -4.90419
3.611 -3.06986
3.613 -4.6283
3.616 -3.30546
3.619 -4.54926
3.62 -3.26248
3.621 -3.03745
3.625 -3.03503
3.627 -4.89135
3.628 -3.45386
3.629 -2.84035
3.631 -3.4981
3.632 -4.89389
3.635 -3.37806
3.636 -4.88883
3.638 -2.99382
3.639 -3.3694
3.64 -3.10054
3.649 -4.63155
3.653 -2.76774
3.657 -2.94075
3.658 -3.09536
3.661 -4.63233
3.662 -3.14631
3.668 -3.1724
3.671 -4.05532
3.673 -3.88328
3.675 -3.96946
3.677 -4.43569
3.679 -3.33662
3.681 -3.28258
3.682 -4.77044
3.683 -3.25192
3.686 -4.78525
3.689 -3.26168
3.692 -3.60675
3.693 -3.25192
3.694 -4.85725
3.695 -3.72913
3.696 -4.62948
3.7 -3.84613
3.703 -2.95282
3.706 -3.08911
3.707 -3.26438
3.71 -4.42967
3.711 -2.99818
3.715 -4.63047
3.718 -4.86912
3.72 -4.86196
3.722 -3.56326
3.723 -3.3321
3.728 -4.82151
3.729 -4.83451
3.73 -3.26899
3.732 -3.25837
3.733 -4.82364
3.737 -3.22472
3.741 -2.89251
3.745 -4.72172
3.749 -4.64416
3.75 -4.63835
3.754 -4.63193
3.756 -2.86744
3.759 -3.18539
3.761 -4.81727
3.762 -3.47464
3.765 -4.64545
3.767 -4.67378
3.77 -4.72172
3.771 -4.84571
3.773 -4.00556
3.774 -4.86672
3.777 -3.32057
3.778 -4.63998
3.779 -4.84119
3.782 -4.41784
3.783 -4.63582
3.784 -4.81102
3.785 -4.81309
3.787 -4.80086
3.788 -3.43592
3.789 -4.2021
3.79 -4.70915
3.791 -3.23548
3.794 -4.83673
3.796 -4.83231
3.797 -3.48163
3.798 -4.64112
3.801 -4.63399
3.805 -4.6368
3.81 -2.9521
3.812 -2.95224
3.813 -3.11174
3.814 -4.63782
3.82 -3.01721
3.824 -3.25369
3.825 -4.82579
3.83 -4.63888
3.832 -3.50075
3.833 -3.48811
3.835 -3.12574
3.836 -3.25061
3.838 -3.24649
3.842 -3.9604
3.846 -4.77774
3.848 -4.63943
3.849 -4.64746
3.851 -3.62009
3.852 -4.65484
3.853 -4.80896
3.854 -4.78335
3.855 -4.80692
3.857 -3.09556
3.858 -2.9461
3.863 -4.66789
3.866 -4.80286
3.868 -4.79688
3.869 -3.44631
3.871 -3.37664
3.872 -4.81518
3.873 -3.23935
3.874 -4.79886
3.875 -3.40397
3.879 -3.19648
3.885 -3.40397
3.886 -4.67899
3.887 -4.66328
3.892 -4.43154
3.894 -4.40814
3.895 -4.65564
3.896 -3.81123
3.897 -3.25133
3.898 -4.78716
3.901 -4.71463
3.902 -4.6448
3.904 -4.65726
3.905 -4.7564
3.906 -4.75134
3.909 -4.40602
3.914 -4.74802
3.915 -3.2662
3.916 -4.7759
3.917 -3.56947
3.918 -4.07962
3.919 -3.24649
3.92 -4.46852
3.921 -4.40767
3.922 -4.65406
3.926 -4.21955
3.927 -4.41967
3.928 -4.39425
3.931 -4.24305
3.932 -4.70001
3.934 -4.66063
3.937 -3.87117
3.939 -4.75301
3.94 -4.40502
3.941 -4.72911
3.946 -3.23579
3.947 -4.67793
3.95 -4.75984
3.951 -4.66418
3.952 -4.65893
3.953 -3.81123
3.954 -3.30639
3.955 -4.65809
3.957 -3.48601
3.959 -4.40308
3.96 -4.37798
3.961 -4.79101
3.962 -4.36987
3.965 -4.08286
3.966 -4.37347
3.967 -4.71463
3.968 -3.62009
3.97 -4.73994
3.971 -4.72464
3.972 -4.71187
3.973 -3.24738
3.975 -4.38603
3.976 -4.6748
3.977 -3.33458
3.978 -4.38764
3.979 -3.92664
3.98 -4.11439
3.982 -4.71743
3.983 -4.38804
3.984 -4.38889
3.985 -4.72028
3.986 -4.38866
3.987 -4.22526
3.988 -4.69875
3.989 -3.06562
3.99 -4.69503
3.992 -4.68336
3.997 -4.90159
4.006 -4.3788
4.012 -3.22969
4.028 -3.29403
4.034 -3.23864
4.036 -3.06944
4.038 -3.94467
4.045 -4.69626
4.066 -3.24803
4.071 -2.92665
4.096 -3.59118
4.098 -4.68225
4.099 -3.59118
4.111 -2.93925
4.117 -4.67178
4.118 -4.67899
4.132 -3.24443
4.134 -4.74313
4.15 -2.94787
4.152 -3.39571
4.155 -4.00807
4.171 -3.21904
4.175 -3.24803
4.179 -4.73523
4.188 -3.24592
4.198 -2.94163
4.2 -3.23864
4.22 -2.92727
4.249 -3.2732
4.25 -3.2732
4.26 -3.36511
4.261 -3.24443
4.268 -3.57411
4.274 -3.22259
4.277 -3.36511
4.284 -3.23359
4.289 -2.94491
4.324 -3.5594
4.335 -2.96287
4.369 -3.94467
4.373 -4.74967
4.39 -3.245
4.419 -2.96752
4.429 -2.9421
4.447 -2.98488
4.451 -2.94561
4.453 -3.24592
4.455 -2.94106
4.497 -3.15085
4.5 -3.245
4.512 -2.94012
4.534 -3.28645
4.547 -4.63273
4.564 -3.25141
4.589 -3.25141
4.596 -4.42173
4.599 -3.21915
4.607 -3.28645
4.615 -3.28149
4.637 -2.94876
4.714 -3.70366
4.855 -3.69646
5.113 -3.22276
5.13 -3.434
 
 
