0.003 -1.55528
0.004 -1.1805
0.005 -0.945044
0.006 -0.799186
0.007 -0.695938
0.008 -0.552637
0.009 -0.443216
0.01 -0.359596
0.011 -0.230479
0.012 -0.129229
0.013 -0.00749058
0.014 0.0953947
0.015 0.184728
0.016 0.267502
0.017 0.336413
0.018 0.414323
0.019 0.482103
0.02 0.535277
0.021 0.561451
0.022 0.591147
0.023 0.596492
0.024 0.627524
0.025 0.644339
0.026 0.638436
0.027 0.642804
0.028 0.653207
0.029 0.666373
0.03 0.659189
0.031 0.684285
0.032 0.67922
0.033 0.672561
0.034 0.656505
0.035 0.650473
0.036 0.647716
0.037 0.631721
0.038 0.631134
0.039 0.64255
0.04 0.640375
0.041 0.651494
0.042 0.651939
0.043 0.655853
0.044 0.644688
0.045 0.635578
0.046 0.623901
0.047 0.626309
0.048 0.622946
0.049 0.632403
0.05 0.623735
0.051 0.621653
0.052 0.609649
0.053 0.614729
0.054 0.604442
0.055 0.611953
0.056 0.613016
0.057 0.601291
0.058 0.59865
0.059 0.602755
0.06 0.589258
0.061 0.586005
0.062 0.57276
0.063 0.581164
0.064 0.565648
0.065 0.56534
0.066 0.55425
0.067 0.538554
0.068 0.543852
0.069 0.543125
0.07 0.541703
0.071 0.527625
0.072 0.52383
0.073 0.518493
0.074 0.500755
0.075 0.497334
0.076 0.505063
0.077 0.497752
0.078 0.488144
0.079 0.486746
0.08 0.48629
0.081 0.48863
0.082 0.488114
0.083 0.48557
0.084 0.482239
0.085 0.488085
0.086 0.469846
0.087 0.46509
0.088 0.457195
0.089 0.459931
0.09 0.451368
0.091 0.439952
0.092 0.432025
0.093 0.43897
0.094 0.441119
0.095 0.426832
0.096 0.421323
0.097 0.429874
0.098 0.4161
0.099 0.402033
0.1 0.405086
0.101 0.403956
0.102 0.398434
0.103 0.39895
0.104 0.383554
0.105 0.380134
0.106 0.380627
0.107 0.373223
0.108 0.390756
0.109 0.388002
0.11 0.385076
0.111 0.38668
0.112 0.372057
0.113 0.362352
0.114 0.362718
0.115 0.354237
0.116 0.339006
0.117 0.332315
0.118 0.333148
0.119 0.32711
0.12 0.30962
0.121 0.304368
0.122 0.310791
0.123 0.303311
0.124 0.283089
0.125 0.290344
0.126 0.289722
0.127 0.270049
0.128 0.273506
0.129 0.276118
0.13 0.269337
0.131 0.253523
0.132 0.271964
0.133 0.281781
0.134 0.277971
0.135 0.294145
0.136 0.329178
0.137 0.339798
0.138 0.3263
0.139 0.33684
0.14 0.3323
0.141 0.33605
0.142 0.323501
0.143 0.313464
0.144 0.323995
0.145 0.318288
0.146 0.294383
0.147 0.302988
0.148 0.30512
0.149 0.287195
0.15 0.271654
0.151 0.273994
0.152 0.26112
0.153 0.249375
0.154 0.266749
0.155 0.238216
0.156 0.222365
0.157 0.231062
0.158 0.234912
0.159 0.224272
0.16 0.210392
0.161 0.198782
0.162 0.191938
0.163 0.19947
0.164 0.18284
0.165 0.172043
0.166 0.18547
0.167 0.179031
0.168 0.170042
0.169 0.166025
0.17 0.169763
0.171 0.168697
0.172 0.166
0.173 0.175754
0.174 0.175192
0.175 0.162852
0.176 0.154961
0.177 0.165584
0.178 0.154132
0.179 0.16341
0.18 0.164986
0.181 0.158861
0.182 0.168535
0.183 0.165348
0.184 0.161516
0.185 0.154306
0.186 0.145549
0.187 0.163008
0.188 0.146413
0.189 0.151797
0.19 0.130661
0.191 0.141599
0.192 0.122973
0.193 0.11986
0.194 0.126853
0.195 0.13074
0.196 0.122755
0.197 0.136525
0.198 0.135317
0.199 0.124725
0.2 0.119591
0.201 0.118349
0.202 0.13585
0.203 0.114419
0.204 0.104274
0.205 0.112401
0.206 0.0932388
0.207 0.0920692
0.208 0.0944893
0.209 0.0759109
0.21 0.063714
0.211 0.0646097
0.212 0.0608191
0.213 0.0631708
0.214 0.0555122
0.215 0.0498158
0.216 0.0551001
0.217 0.0558467
0.218 0.0435396
0.219 0.0422437
0.22 0.0449457
0.221 0.0320207
0.222 0.0149527
0.223 0.0327121
0.224 0.0270034
0.225 0.00218139
0.226 0.0102933
0.227 0.00682756
0.228 -0.00323955
0.229 0.0214471
0.23 0.0104539
0.231 -0.00440179
0.232 -0.0108264
0.233 -0.00545871
0.234 -0.0210719
0.235 -0.014231
0.236 0.00358842
0.237 -0.0288716
0.238 -0.0293985
0.239 -0.00230366
0.24 -0.0275353
0.241 -0.0312857
0.242 -0.0463262
0.243 -0.0388109
0.244 -0.0528959
0.245 -0.0480876
0.246 -0.0389648
0.247 -0.0118349
0.248 -0.00539883
0.249 -0.026195
0.25 -0.0193467
0.251 -0.00879018
0.252 -0.00692193
0.253 -0.0131597
0.254 -0.00356928
0.255 0.0181039
0.256 -2.02249e-05
0.257 -0.00317331
0.258 -0.0158811
0.259 -0.00535631
0.26 -0.0224103
0.261 -0.0114122
0.262 -0.0327004
0.263 -0.0293078
0.264 -0.0477831
0.265 -0.0313854
0.266 -0.0411482
0.267 -0.0459773
0.268 -0.0534827
0.269 -0.0521892
0.27 -0.0522391
0.271 -0.0774548
0.272 -0.0884139
0.273 -0.0693947
0.274 -0.0705297
0.275 -0.0828021
0.276 -0.10659
0.277 -0.0932557
0.278 -0.0836724
0.279 -0.0947285
0.28 -0.101187
0.281 -0.108597
0.282 -0.103982
0.283 -0.10011
0.284 -0.109163
0.285 -0.111809
0.286 -0.115901
0.287 -0.113071
0.288 -0.128341
0.289 -0.122314
0.29 -0.12282
0.291 -0.112626
0.292 -0.11527
0.293 -0.109999
0.294 -0.131841
0.295 -0.117144
0.296 -0.125584
0.297 -0.115235
0.298 -0.144302
0.299 -0.128123
0.3 -0.122181
0.301 -0.101548
0.302 -0.119101
0.303 -0.137378
0.304 -0.135367
0.305 -0.131497
0.306 -0.133141
0.307 -0.131022
0.308 -0.147334
0.309 -0.170198
0.31 -0.147922
0.311 -0.161849
0.312 -0.145441
0.313 -0.141988
0.314 -0.154085
0.315 -0.154391
0.316 -0.166054
0.317 -0.158038
0.318 -0.16922
0.319 -0.17529
0.32 -0.184114
0.321 -0.173121
0.322 -0.185727
0.323 -0.177399
0.324 -0.191026
0.325 -0.172905
0.326 -0.187133
0.327 -0.193805
0.328 -0.186876
0.329 -0.204509
0.33 -0.178465
0.331 -0.19659
0.332 -0.193436
0.333 -0.191378
0.334 -0.203557
0.335 -0.211782
0.336 -0.217144
0.337 -0.211849
0.338 -0.220094
0.339 -0.207347
0.34 -0.207474
0.341 -0.209614
0.342 -0.22878
0.343 -0.210451
0.344 -0.225157
0.345 -0.234525
0.346 -0.239674
0.347 -0.245233
0.348 -0.235017
0.349 -0.251588
0.35 -0.244823
0.351 -0.245849
0.352 -0.263238
0.353 -0.2568
0.354 -0.273716
0.355 -0.263966
0.356 -0.291069
0.357 -0.301477
0.358 -0.293377
0.359 -0.317091
0.36 -0.291782
0.361 -0.307712
0.362 -0.308226
0.363 -0.303684
0.364 -0.311167
0.365 -0.313879
0.366 -0.321945
0.367 -0.320939
0.368 -0.302322
0.369 -0.315081
0.37 -0.317443
0.371 -0.320656
0.372 -0.31663
0.373 -0.31877
0.374 -0.320286
0.375 -0.317978
0.376 -0.338411
0.377 -0.367076
0.378 -0.35068
0.379 -0.354641
0.38 -0.366351
0.381 -0.366045
0.382 -0.361736
0.383 -0.37575
0.384 -0.374047
0.385 -0.379036
0.386 -0.389689
0.387 -0.35839
0.388 -0.382158
0.389 -0.402577
0.39 -0.381784
0.391 -0.391427
0.392 -0.397391
0.393 -0.402007
0.394 -0.406209
0.395 -0.40193
0.396 -0.377886
0.397 -0.400294
0.398 -0.389611
0.399 -0.384511
0.4 -0.40157
0.401 -0.39927
0.402 -0.41909
0.403 -0.410487
0.404 -0.416772
0.405 -0.41266
0.406 -0.411054
0.407 -0.440959
0.408 -0.453648
0.409 -0.413022
0.41 -0.439214
0.411 -0.422622
0.412 -0.451664
0.413 -0.448903
0.414 -0.472672
0.415 -0.462195
0.416 -0.454114
0.417 -0.454229
0.418 -0.467687
0.419 -0.469462
0.42 -0.469435
0.421 -0.456247
0.422 -0.452859
0.423 -0.447184
0.424 -0.480763
0.425 -0.471331
0.426 -0.458993
0.427 -0.441776
0.428 -0.460089
0.429 -0.46283
0.43 -0.448763
0.431 -0.459059
0.432 -0.481951
0.433 -0.482936
0.434 -0.489037
0.435 -0.461203
0.436 -0.489233
0.437 -0.487042
0.438 -0.468314
0.439 -0.494908
0.44 -0.469455
0.441 -0.473705
0.442 -0.462181
0.443 -0.489849
0.444 -0.49489
0.445 -0.504997
0.446 -0.483907
0.447 -0.488919
0.448 -0.492273
0.449 -0.489202
0.45 -0.500739
0.451 -0.515463
0.452 -0.51326
0.453 -0.525837
0.454 -0.531039
0.455 -0.535001
0.456 -0.507094
0.457 -0.547477
0.458 -0.525841
0.459 -0.518049
0.46 -0.537634
0.461 -0.525255
0.462 -0.528737
0.463 -0.533712
0.464 -0.511899
0.465 -0.525367
0.466 -0.508377
0.467 -0.531691
0.468 -0.539612
0.469 -0.543718
0.47 -0.528057
0.471 -0.538933
0.472 -0.519287
0.473 -0.536484
0.474 -0.539056
0.475 -0.537128
0.476 -0.566414
0.477 -0.564571
0.478 -0.561367
0.479 -0.566536
0.48 -0.572311
0.481 -0.577623
0.482 -0.583402
0.483 -0.60337
0.484 -0.573776
0.485 -0.589482
0.486 -0.598984
0.487 -0.604101
0.488 -0.587964
0.489 -0.631156
0.49 -0.628821
0.491 -0.619823
0.492 -0.643002
0.493 -0.615128
0.494 -0.66677
0.495 -0.640083
0.496 -0.657439
0.497 -0.657613
0.498 -0.682391
0.499 -0.645459
0.5 -0.650237
0.501 -0.64691
0.502 -0.672205
0.503 -0.662729
0.504 -0.67898
0.505 -0.662763
0.506 -0.701131
0.507 -0.694843
0.508 -0.673391
0.509 -0.692379
0.51 -0.698998
0.511 -0.703673
0.512 -0.724036
0.513 -0.703586
0.514 -0.712299
0.515 -0.708907
0.516 -0.70084
0.517 -0.720226
0.518 -0.719695
0.519 -0.735124
0.52 -0.697966
0.521 -0.704831
0.522 -0.716208
0.523 -0.720446
0.524 -0.728804
0.525 -0.709165
0.526 -0.711002
0.527 -0.729984
0.528 -0.728589
0.529 -0.724744
0.53 -0.733608
0.531 -0.744679
0.532 -0.766443
0.533 -0.749912
0.534 -0.76857
0.535 -0.767949
0.536 -0.753245
0.537 -0.771504
0.538 -0.7625
0.539 -0.767402
0.54 -0.774064
0.541 -0.784905
0.542 -0.784946
0.543 -0.81068
0.544 -0.797723
0.545 -0.804599
0.546 -0.790555
0.547 -0.802088
0.548 -0.78116
0.549 -0.777472
0.55 -0.821106
0.551 -0.802674
0.552 -0.832331
0.553 -0.838986
0.554 -0.784978
0.555 -0.823212
0.556 -0.83173
0.557 -0.820419
0.558 -0.856027
0.559 -0.864696
0.56 -0.825127
0.561 -0.834754
0.562 -0.834921
0.563 -0.842041
0.564 -0.850156
0.565 -0.858556
0.566 -0.841718
0.567 -0.850019
0.568 -0.813859
0.569 -0.833916
0.57 -0.813682
0.571 -0.834216
0.572 -0.827909
0.573 -0.843011
0.574 -0.856954
0.575 -0.826725
0.576 -0.846872
0.577 -0.822182
0.578 -0.854984
0.579 -0.82187
0.58 -0.838201
0.581 -0.835218
0.582 -0.846263
0.583 -0.845804
0.584 -0.857161
0.585 -0.836973
0.586 -0.842044
0.587 -0.829891
0.588 -0.850653
0.589 -0.866546
0.59 -0.834759
0.591 -0.84328
0.592 -0.83043
0.593 -0.844978
0.594 -0.899107
0.595 -0.874535
0.596 -0.86562
0.597 -0.879967
0.598 -0.861414
0.599 -0.843518
0.6 -0.864011
0.601 -0.849207
0.602 -0.828416
0.603 -0.82928
0.604 -0.878914
0.605 -0.846211
0.606 -0.881581
0.607 -0.842456
0.608 -0.853797
0.609 -0.858888
0.61 -0.837552
0.611 -0.863949
0.612 -0.879559
0.613 -0.862061
0.614 -0.870752
0.615 -0.903191
0.616 -0.864312
0.617 -0.892704
0.618 -0.909202
0.619 -0.885363
0.62 -0.923204
0.621 -0.893022
0.622 -0.87251
0.623 -0.852711
0.624 -0.886757
0.625 -0.899996
0.626 -0.925985
0.627 -0.87195
0.628 -0.89705
0.629 -0.928028
0.63 -0.900299
0.631 -0.883419
0.632 -0.906578
0.633 -0.946519
0.634 -0.934682
0.635 -0.938409
0.636 -0.958868
0.637 -0.930015
0.638 -0.949328
0.639 -0.980268
0.64 -0.964646
0.641 -0.953072
0.642 -0.987284
0.643 -0.968144
0.644 -0.996785
0.645 -1.00306
0.646 -1.0111
0.647 -0.979136
0.648 -0.985516
0.649 -0.981439
0.65 -1.03544
0.651 -1.03551
0.652 -0.994548
0.653 -1.0342
0.654 -1.05646
0.655 -1.03228
0.656 -1.06555
0.657 -1.00406
0.658 -1.07001
0.659 -1.01024
0.66 -0.994424
0.661 -1.06027
0.662 -1.08387
0.663 -1.07359
0.664 -1.09197
0.665 -1.0767
0.666 -1.0877
0.667 -1.07712
0.668 -1.06416
0.669 -1.13714
0.67 -1.08029
0.671 -1.09105
0.672 -1.08348
0.673 -1.06738
0.674 -1.06753
0.675 -1.06562
0.676 -1.08037
0.677 -1.08812
0.678 -1.13901
0.679 -1.1048
0.68 -1.08079
0.681 -1.08384
0.682 -1.09097
0.683 -1.15466
0.684 -1.14702
0.685 -1.09066
0.686 -1.09219
0.687 -1.12014
0.688 -1.14173
0.689 -1.1009
0.69 -1.12446
0.691 -1.16983
0.692 -1.15082
0.693 -1.15524
0.694 -1.11751
0.695 -1.14805
0.696 -1.18434
0.697 -1.15417
0.698 -1.15174
0.699 -1.14996
0.7 -1.19036
0.701 -1.13795
0.702 -1.20074
0.703 -1.16996
0.704 -1.20362
0.705 -1.18255
0.706 -1.23058
0.707 -1.23502
0.708 -1.20038
0.709 -1.21493
0.71 -1.20992
0.711 -1.23135
0.712 -1.27287
0.713 -1.25693
0.714 -1.235
0.715 -1.21502
0.716 -1.22062
0.717 -1.25998
0.718 -1.28326
0.719 -1.31498
0.72 -1.26075
0.721 -1.25604
0.722 -1.249
0.723 -1.21231
0.724 -1.3675
0.725 -1.26524
0.726 -1.28733
0.727 -1.29568
0.728 -1.3278
0.729 -1.28253
0.73 -1.33538
0.731 -1.33722
0.732 -1.2711
0.733 -1.31807
0.734 -1.25933
0.735 -1.41868
0.736 -1.32148
0.737 -1.32487
0.738 -1.35942
0.739 -1.32017
0.74 -1.27893
0.741 -1.36318
0.742 -1.35295
0.743 -1.28022
0.744 -1.28608
0.745 -1.37098
0.746 -1.38922
0.747 -1.41974
0.748 -1.33871
0.749 -1.38472
0.75 -1.34565
0.751 -1.32696
0.752 -1.37098
0.753 -1.45198
0.754 -1.35382
0.755 -1.34353
0.756 -1.41255
0.757 -1.35704
0.758 -1.32522
0.759 -1.31881
0.76 -1.36235
0.761 -1.43719
0.762 -1.33559
0.763 -1.3227
0.764 -1.38181
0.765 -1.38351
0.766 -1.42298
0.767 -1.31452
0.768 -1.42208
0.769 -1.37684
0.77 -1.45613
0.771 -1.42111
0.772 -1.45742
0.773 -1.41109
0.774 -1.39644
0.775 -1.42506
0.776 -1.41883
0.777 -1.43033
0.778 -1.44387
0.779 -1.45869
0.78 -1.42461
0.781 -1.44955
0.782 -1.46122
0.783 -1.48032
0.784 -1.44766
0.785 -1.50745
0.786 -1.5646
0.787 -1.38832
0.788 -1.52535
0.789 -1.64019
0.79 -1.44962
0.791 -1.585
0.792 -1.51612
0.793 -1.48254
0.794 -1.58848
0.795 -1.49862
0.796 -1.52443
0.797 -1.47981
0.798 -1.6071
0.799 -1.60639
0.8 -1.48516
0.801 -1.49142
0.802 -1.46959
0.803 -1.55454
0.804 -1.44262
0.805 -1.44664
0.806 -1.62538
0.807 -1.60132
0.808 -1.46092
0.809 -1.50619
0.81 -1.42844
0.811 -1.51144
0.812 -1.43188
0.813 -1.53404
0.814 -1.52065
0.815 -1.54222
0.816 -1.54808
0.817 -1.51876
0.818 -1.57862
0.819 -1.54722
0.82 -1.63022
0.821 -1.57248
0.822 -1.48054
0.823 -1.62401
0.824 -1.58776
0.825 -1.54083
0.826 -1.46048
0.827 -1.50645
0.828 -1.55916
0.829 -1.51868
0.83 -1.49804
0.831 -1.44175
0.832 -1.50577
0.833 -1.54037
0.834 -1.53692
0.835 -1.51541
0.836 -1.47812
0.837 -1.51859
0.838 -1.57119
0.839 -1.51189
0.84 -1.62557
0.841 -1.59004
0.842 -1.5058
0.843 -1.66683
0.844 -1.51908
0.845 -1.55759
0.846 -1.39977
0.847 -1.65558
0.848 -1.64806
0.849 -1.59341
0.85 -1.67522
0.851 -1.60814
0.852 -1.57126
0.853 -1.63185
0.854 -1.65425
0.855 -1.56004
0.856 -1.56024
0.857 -1.55519
0.858 -1.64547
0.859 -1.54968
0.86 -1.74494
0.861 -1.55137
0.862 -1.55272
0.863 -1.72901
0.864 -1.64654
0.865 -1.69391
0.866 -1.63085
0.867 -1.64349
0.868 -1.71613
0.869 -1.59706
0.87 -1.6912
0.871 -1.57838
0.872 -1.75322
0.873 -1.56859
0.874 -1.6602
0.875 -1.66287
0.876 -1.70858
0.877 -1.68353
0.878 -1.75713
0.879 -1.57065
0.88 -1.61175
0.881 -1.77601
0.882 -1.75453
0.883 -1.57673
0.884 -1.659
0.885 -1.57456
0.886 -1.71257
0.887 -1.72909
0.888 -1.64752
0.889 -1.66462
0.89 -1.55275
0.891 -1.74773
0.892 -1.72069
0.893 -1.6309
0.894 -1.62163
0.895 -1.59981
0.896 -1.59723
0.897 -1.54961
0.898 -1.73244
0.899 -1.83013
0.9 -1.63131
0.901 -1.65088
0.902 -1.59245
0.903 -1.53021
0.904 -1.65941
0.905 -1.50981
0.906 -1.71127
0.907 -1.65109
0.908 -1.67738
0.909 -1.65514
0.91 -1.76632
0.911 -1.78896
0.912 -1.62173
0.913 -1.67605
0.914 -1.77509
0.915 -1.66488
0.916 -1.68813
0.917 -1.64954
0.918 -1.71784
0.919 -1.7157
0.92 -1.81241
0.921 -1.63026
0.922 -1.59306
0.923 -1.67206
0.924 -1.74903
0.925 -1.81662
0.926 -1.69982
0.927 -1.71584
0.928 -1.62949
0.929 -1.71151
0.93 -1.85627
0.931 -1.62415
0.932 -1.71551
0.933 -1.65282
0.934 -1.7078
0.935 -1.64706
0.936 -1.78986
0.937 -1.73387
0.938 -1.74816
0.939 -1.61938
0.94 -1.67909
0.941 -1.71225
0.942 -1.85335
0.943 -1.94336
0.944 -1.79732
0.945 -1.60203
0.946 -1.7347
0.947 -1.79782
0.948 -1.65511
0.949 -1.62696
0.95 -1.78125
0.951 -1.63524
0.952 -1.77237
0.953 -1.82742
0.954 -1.79975
0.955 -1.76801
0.956 -1.63953
0.957 -1.92141
0.958 -1.68574
0.959 -1.70726
0.96 -1.72633
0.961 -1.88455
0.962 -1.80469
0.963 -1.75902
0.964 -1.75039
0.965 -1.8153
0.966 -1.64187
0.967 -1.83322
0.968 -1.6949
0.969 -1.84534
0.97 -1.67362
0.971 -1.87042
0.972 -1.85541
0.973 -1.72644
0.974 -1.69374
0.975 -1.67952
0.976 -1.86395
0.977 -1.77534
0.978 -1.71425
0.979 -1.8238
0.98 -1.70931
0.981 -1.87272
0.982 -1.68517
0.983 -1.67913
0.984 -1.78959
0.985 -1.70215
0.986 -1.71267
0.987 -1.7135
0.988 -1.67518
0.989 -1.98936
0.99 -1.75468
0.991 -1.71514
0.992 -1.62116
0.993 -1.8397
0.994 -1.74772
0.995 -1.80677
0.996 -1.60372
0.997 -1.79505
0.998 -1.75074
0.999 -1.82156
1 -1.66498
1.001 -1.78959
1.002 -1.80656
1.003 -1.73505
1.004 -1.75016
1.005 -1.7273
1.006 -1.78628
1.007 -1.8151
1.008 -1.67351
1.009 -1.63307
1.01 -1.7471
1.011 -1.80239
1.012 -1.74013
1.013 -1.70484
1.014 -1.82818
1.015 -1.83855
1.016 -1.70997
1.017 -1.83603
1.018 -1.84829
1.019 -1.64967
1.02 -1.90524
1.021 -1.80902
1.022 -1.72749
1.023 -1.77826
1.024 -1.77164
1.025 -1.6682
1.026 -1.99302
1.027 -1.68056
1.028 -1.74718
1.029 -1.72144
1.03 -1.81965
1.031 -1.89821
1.032 -1.8035
1.033 -1.92047
1.034 -1.83361
1.035 -1.79239
1.036 -1.76012
1.037 -1.79989
1.038 -1.86817
1.039 -1.79951
1.04 -1.8091
1.041 -1.86108
1.042 -1.96674
1.043 -1.89774
1.044 -1.92613
1.045 -1.76697
1.046 -1.80544
1.047 -1.8726
1.048 -1.93472
1.049 -1.88933
1.05 -1.77264
1.051 -1.86771
1.052 -2.01234
1.053 -1.75219
1.054 -1.85835
1.055 -1.81108
1.056 -1.86556
1.057 -1.8869
1.058 -1.73908
1.059 -1.9294
1.06 -1.95457
1.061 -1.98317
1.062 -1.7619
1.063 -2.02471
1.064 -1.82968
1.065 -1.77758
1.066 -1.82792
1.067 -1.6592
1.068 -1.86319
1.069 -1.8549
1.07 -1.92592
1.071 -1.9838
1.072 -1.78374
1.073 -1.88477
1.074 -1.78283
1.075 -1.73434
1.076 -1.97769
1.077 -2.00017
1.078 -1.89052
1.079 -2.12784
1.08 -1.71998
1.081 -1.82353
1.082 -1.66606
1.083 -1.73164
1.084 -1.90555
1.085 -1.89916
1.086 -1.77335
1.087 -1.74844
1.088 -1.91265
1.089 -1.70667
1.09 -1.76153
1.091 -1.77234
1.092 -1.8919
1.093 -1.77554
1.094 -1.79505
1.095 -1.74236
1.096 -1.89924
1.097 -1.92097
1.098 -1.85726
1.099 -1.87484
1.1 -2.10161
1.101 -1.98637
1.102 -1.87544
1.103 -1.93475
1.104 -1.80262
1.105 -1.68055
1.106 -1.82896
1.107 -1.91771
1.108 -1.82444
1.109 -1.90916
1.11 -1.74597
1.111 -1.84348
1.112 -1.92915
1.113 -1.94307
1.114 -1.83389
1.115 -1.66356
1.116 -1.87722
1.117 -1.7934
1.118 -2.00206
1.119 -1.74859
1.12 -1.84846
1.121 -1.78961
1.122 -1.88754
1.123 -2.0548
1.124 -1.88719
1.125 -1.88586
1.126 -1.86424
1.127 -1.85541
1.128 -1.99033
1.129 -2.00678
1.13 -1.99961
1.131 -1.97966
1.132 -2.00169
1.133 -1.84122
1.134 -1.91014
1.135 -1.93695
1.136 -1.80314
1.137 -1.75174
1.138 -1.95695
1.139 -1.8369
1.14 -1.94344
1.141 -1.86472
1.142 -1.88702
1.143 -2.08067
1.144 -1.97367
1.145 -1.96503
1.146 -1.84102
1.147 -2.06705
1.148 -1.90321
1.149 -1.90156
1.15 -2.11939
1.151 -1.76512
1.152 -1.91206
1.153 -2.04129
1.154 -2.00839
1.155 -1.94086
1.156 -1.8702
1.157 -1.83012
1.158 -1.89033
1.159 -1.76836
1.16 -1.95356
1.161 -2.02493
1.162 -1.86539
1.163 -1.95183
1.164 -1.90963
1.165 -1.93285
1.166 -1.97252
1.167 -2.05498
1.168 -1.81954
1.169 -1.95818
1.17 -1.82914
1.171 -1.79563
1.172 -1.83477
1.173 -1.85676
1.174 -2.21226
1.175 -1.89253
1.176 -1.85206
1.177 -1.93559
1.178 -2.00583
1.179 -1.84246
1.18 -1.92709
1.181 -1.82328
1.182 -1.97301
1.183 -1.82695
1.184 -1.86914
1.185 -1.81968
1.186 -1.93534
1.187 -1.88617
1.188 -1.989
1.189 -1.9459
1.19 -2.08976
1.191 -1.90024
1.192 -1.9138
1.193 -2.02964
1.194 -1.77018
1.195 -1.7786
1.196 -1.89231
1.197 -2.17567
1.198 -1.90627
1.199 -2.14821
1.2 -1.93752
1.201 -2.00541
1.202 -2.04377
1.203 -1.90465
1.204 -2.11766
1.205 -1.99759
1.206 -2.22554
1.207 -1.86355
1.208 -1.96615
1.209 -1.85856
1.21 -1.97723
1.211 -1.83085
1.212 -2.3268
1.213 -1.97782
1.214 -1.8998
1.215 -2.00055
1.216 -2.06711
1.217 -2.01054
1.218 -1.97261
1.219 -1.86546
1.22 -1.93109
1.221 -1.92275
1.222 -1.90545
1.223 -2.16889
1.224 -2.04818
1.225 -1.99601
1.226 -1.89803
1.227 -1.97184
1.228 -1.83689
1.229 -2.01077
1.23 -1.88809
1.231 -2.03332
1.232 -1.98333
1.233 -2.2193
1.234 -1.99642
1.235 -1.92518
1.236 -1.84701
1.237 -1.99828
1.238 -2.27447
1.239 -1.93328
1.24 -2.03369
1.241 -1.91681
1.242 -1.83611
1.243 -2.02342
1.244 -2.01311
1.245 -1.97134
1.246 -1.97101
1.247 -2.25509
1.248 -1.97793
1.249 -1.92674
1.25 -1.99012
1.251 -1.94452
1.252 -2.17737
1.253 -2.21668
1.254 -1.914
1.255 -2.1144
1.256 -1.82984
1.257 -1.93567
1.258 -2.08112
1.259 -2.00091
1.26 -1.89911
1.261 -2.18476
1.262 -1.89097
1.263 -1.89308
1.264 -1.94697
1.265 -2.03795
1.266 -1.99781
1.267 -2.06366
1.268 -1.94452
1.269 -1.76158
1.27 -1.95433
1.271 -1.96821
1.272 -1.82219
1.273 -2.16974
1.274 -2.13879
1.275 -2.00925
1.276 -1.8926
1.277 -2.00943
1.278 -2.11938
1.279 -1.7191
1.28 -1.77909
1.281 -1.86455
1.282 -2.06505
1.283 -2.12503
1.284 -1.91707
1.285 -1.99852
1.286 -1.89673
1.287 -2.10186
1.288 -2.03124
1.289 -1.95507
1.29 -2.15349
1.291 -1.9005
1.292 -1.8894
1.293 -2.02237
1.294 -1.82316
1.295 -2.04658
1.296 -2.07496
1.297 -2.12823
1.298 -2.12411
1.299 -1.86219
1.3 -1.98906
1.301 -2.18564
1.302 -1.8412
1.303 -2.14795
1.304 -1.89677
1.305 -2.13534
1.306 -2.17136
1.307 -1.99097
1.308 -2.17094
1.309 -1.94225
1.31 -1.95851
1.311 -1.99792
1.312 -2.04191
1.313 -1.92931
1.314 -2.11154
1.315 -1.99202
1.316 -1.86326
1.317 -2.04975
1.318 -2.13021
1.319 -2.19236
1.32 -2.02854
1.321 -1.88499
1.322 -2.12342
1.323 -2.16229
1.324 -1.87819
1.325 -1.9862
1.326 -1.98956
1.327 -1.95206
1.328 -2.06697
1.329 -1.85772
1.33 -1.96993
1.331 -1.99289
1.332 -2.0084
1.333 -1.9433
1.334 -1.91505
1.335 -1.97967
1.336 -1.96055
1.337 -2.07362
1.338 -2.13346
1.339 -1.98966
1.34 -2.0096
1.341 -2.16636
1.342 -1.96187
1.343 -1.93159
1.344 -2.01001
1.345 -1.96355
1.346 -2.1558
1.347 -2.02482
1.348 -2.09513
1.349 -2.24036
1.35 -2.04544
1.351 -2.15734
1.352 -2.10133
1.353 -2.07224
1.354 -1.85564
1.355 -2.09043
1.356 -2.11386
1.357 -2.15574
1.358 -2.02655
1.359 -2.06703
1.36 -2.10813
1.361 -1.98385
1.362 -2.06703
1.363 -2.26366
1.364 -2.1861
1.365 -2.08977
1.366 -2.35368
1.367 -1.97192
1.368 -1.95101
1.369 -1.8536
1.37 -2.55374
1.371 -2.11862
1.372 -2.14948
1.373 -2.13741
1.374 -2.0694
1.375 -1.85337
1.376 -2.04134
1.377 -1.92558
1.378 -2.1653
1.379 -2.09295
1.38 -1.99641
1.381 -2.06486
1.382 -2.0194
1.383 -2.10332
1.384 -2.11183
1.385 -2.12578
1.386 -2.00236
1.387 -1.96697
1.388 -2.0533
1.389 -1.92203
1.39 -2.12658
1.391 -2.04705
1.392 -1.84445
1.393 -2.27887
1.394 -2.13397
1.395 -2.08221
1.396 -2.01417
1.397 -2.35563
1.398 -1.93831
1.399 -2.15125
1.4 -2.38292
1.401 -2.10818
1.402 -2.06128
1.403 -2.1432
1.404 -2.12824
1.405 -2.01228
1.406 -2.12579
1.407 -2.0955
1.408 -2.07164
1.409 -2.05716
1.41 -2.08212
1.411 -2.10695
1.412 -2.01138
1.413 -2.18559
1.414 -2.05171
1.415 -2.3233
1.416 -2.09678
1.417 -2.16528
1.418 -2.13674
1.419 -2.11487
1.42 -2.01443
1.421 -1.9583
1.422 -2.23356
1.423 -2.09966
1.424 -2.03667
1.425 -2.18136
1.426 -2.22612
1.427 -2.02366
1.428 -2.16518
1.429 -2.09232
1.43 -2.09529
1.431 -2.09801
1.432 -2.27741
1.433 -1.90858
1.434 -2.10225
1.435 -2.07778
1.436 -1.99636
1.437 -2.11512
1.438 -1.95205
1.439 -2.20661
1.44 -1.98078
1.441 -1.81754
1.442 -2.10907
1.443 -2.26767
1.444 -2.00617
1.445 -2.11471
1.446 -2.14274
1.447 -1.9227
1.448 -2.1013
1.449 -2.1974
1.45 -2.27191
1.451 -2.08355
1.452 -2.0691
1.453 -2.12729
1.454 -2.06474
1.455 -2.31908
1.456 -1.94596
1.457 -2.07341
1.458 -2.43583
1.459 -2.15096
1.46 -2.26429
1.461 -1.89858
1.462 -2.24519
1.463 -2.18245
1.464 -2.10232
1.465 -2.21983
1.466 -2.24
1.467 -2.24127
1.468 -2.541
1.469 -2.19164
1.47 -1.8275
1.471 -1.91026
1.472 -2.12141
1.473 -2.1086
1.474 -2.29878
1.475 -2.17144
1.476 -2.49323
1.477 -2.03298
1.478 -2.05863
1.479 -2.27655
1.48 -2.24967
1.481 -2.04507
1.482 -2.03489
1.483 -1.92075
1.484 -2.24191
1.485 -2.29896
1.486 -2.43055
1.487 -2.49737
1.488 -2.10084
1.489 -2.07898
1.49 -2.34507
1.491 -2.34165
1.492 -2.19706
1.493 -2.03668
1.494 -1.90928
1.495 -2.17632
1.496 -2.22715
1.497 -2.13207
1.498 -2.07548
1.499 -2.14503
1.5 -2.13297
1.501 -2.33329
1.502 -2.0487
1.503 -2.30837
1.504 -2.00912
1.505 -2.05537
1.506 -2.04623
1.507 -2.17612
1.508 -2.04444
1.509 -2.24735
1.51 -2.26431
1.511 -2.13539
1.512 -2.29208
1.513 -2.1619
1.514 -2.15087
1.515 -2.04405
1.516 -2.24775
1.517 -2.28292
1.518 -2.23844
1.519 -2.04486
1.52 -2.13983
1.521 -2.35066
1.522 -1.81312
1.523 -2.18396
1.524 -2.14208
1.525 -2.34659
1.526 -2.04523
1.527 -1.97802
1.528 -2.44588
1.529 -2.18954
1.53 -2.17522
1.531 -2.24593
1.532 -2.25452
1.533 -2.1359
1.534 -2.16156
1.535 -1.95071
1.536 -2.1685
1.537 -2.25996
1.538 -2.03413
1.539 -2.12543
1.54 -2.22805
1.541 -2.09313
1.542 -2.01041
1.543 -2.21304
1.544 -2.14255
1.545 -2.23806
1.546 -2.53876
1.547 -2.31791
1.548 -1.96828
1.549 -1.98994
1.55 -2.0983
1.551 -2.14086
1.552 -2.17062
1.553 -2.17373
1.554 -2.01853
1.555 -2.37458
1.556 -2.1502
1.557 -2.15079
1.558 -2.20029
1.559 -2.06009
1.56 -2.18123
1.561 -2.06057
1.562 -2.19256
1.563 -2.15843
1.564 -2.21863
1.565 -2.23947
1.566 -2.31177
1.567 -2.46601
1.568 -2.17218
1.569 -2.17104
1.57 -2.3874
1.571 -2.15967
1.572 -2.16103
1.573 -2.44775
1.574 -2.23642
1.575 -2.13489
1.576 -2.16296
1.577 -1.90733
1.578 -2.10201
1.579 -2.45228
1.58 -2.1906
1.581 -2.09825
1.582 -2.15055
1.583 -1.9986
1.584 -2.15235
1.585 -2.11872
1.586 -2.07534
1.587 -2.13974
1.588 -2.52677
1.589 -2.13033
1.59 -2.21173
1.591 -2.21644
1.592 -2.34804
1.593 -2.11777
1.594 -2.05789
1.595 -2.21155
1.596 -1.97898
1.597 -2.23682
1.598 -2.04292
1.599 -2.29232
1.6 -2.0593
1.601 -2.10908
1.602 -2.04478
1.603 -2.55504
1.604 -2.16456
1.605 -2.31176
1.606 -2.01777
1.607 -2.15017
1.608 -2.27145
1.609 -1.97508
1.61 -2.08844
1.611 -2.22469
1.612 -2.38094
1.613 -2.22941
1.614 -2.17632
1.615 -2.04938
1.616 -2.09682
1.617 -2.11483
1.618 -2.18236
1.619 -2.148
1.62 -2.11025
1.621 -2.19417
1.622 -2.40919
1.623 -2.37114
1.624 -2.11835
1.625 -2.31384
1.626 -1.99448
1.627 -2.12342
1.628 -2.03264
1.629 -2.33199
1.63 -2.02912
1.631 -2.43592
1.632 -2.58339
1.633 -2.09935
1.634 -2.29023
1.635 -2.17698
1.636 -2.07438
1.637 -2.38154
1.638 -2.03824
1.639 -2.19599
1.64 -2.13673
1.641 -2.1345
1.642 -2.39308
1.643 -2.33023
1.644 -2.3019
1.645 -2.55455
1.646 -2.36973
1.647 -2.16344
1.648 -2.25709
1.649 -1.97653
1.65 -2.2671
1.651 -2.35342
1.652 -2.08725
1.653 -2.21409
1.654 -2.36024
1.655 -2.49976
1.656 -2.31737
1.657 -2.27216
1.658 -2.19408
1.659 -2.11138
1.66 -2.32281
1.661 -2.14559
1.662 -2.06279
1.663 -2.07434
1.664 -2.14575
1.665 -2.30353
1.666 -2.01333
1.667 -2.27781
1.668 -2.11284
1.669 -2.30531
1.67 -2.33436
1.671 -2.07653
1.672 -2.24556
1.673 -2.07057
1.674 -2.32745
1.675 -2.05237
1.676 -2.11538
1.677 -2.2757
1.678 -2.31513
1.679 -2.18339
1.68 -2.15938
1.681 -2.22806
1.682 -2.30936
1.683 -2.14475
1.684 -2.41114
1.685 -2.27399
1.686 -2.10682
1.687 -2.35396
1.688 -2.25325
1.689 -2.09645
1.69 -2.14378
1.691 -2.82082
1.692 -2.46282
1.693 -2.18173
1.694 -2.13078
1.695 -2.38897
1.696 -2.25626
1.697 -2.38512
1.698 -2.25329
1.699 -2.38444
1.7 -2.48607
1.701 -2.35366
1.702 -2.57171
1.703 -2.11004
1.704 -2.26032
1.705 -2.46044
1.706 -2.32478
1.707 -2.74841
1.708 -2.07293
1.709 -2.5372
1.71 -2.54423
1.711 -2.37587
1.712 -2.11619
1.713 -2.29339
1.714 -2.32459
1.715 -2.30378
1.716 -2.2343
1.717 -2.19509
1.718 -2.38921
1.719 -2.2818
1.72 -2.04979
1.721 -2.03176
1.722 -2.12493
1.723 -2.35917
1.724 -2.21811
1.725 -2.1509
1.726 -2.19732
1.727 -2.23826
1.728 -2.17493
1.729 -2.25269
1.73 -2.04681
1.731 -2.42057
1.732 -2.4038
1.733 -2.18694
1.734 -2.33979
1.735 -1.99449
1.736 -2.46258
1.737 -2.27673
1.738 -2.3789
1.739 -2.20405
1.74 -2.16598
1.741 -2.18005
1.742 -2.29319
1.743 -2.2038
1.744 -2.29297
1.745 -2.19242
1.746 -2.27611
1.747 -2.02955
1.748 -2.26415
1.749 -2.34535
1.75 -1.99281
1.751 -2.34335
1.752 -2.30843
1.753 -2.36706
1.754 -2.13805
1.755 -2.16027
1.756 -2.11271
1.757 -2.15919
1.758 -2.49586
1.759 -2.31927
1.76 -2.24401
1.761 -2.16833
1.762 -2.38907
1.763 -1.98426
1.764 -2.37976
1.765 -3.02146
1.766 -2.22185
1.767 -2.44698
1.768 -2.25931
1.769 -2.28783
1.77 -2.32458
1.771 -2.24564
1.772 -2.24486
1.773 -2.04669
1.774 -2.18073
1.775 -2.13805
1.776 -2.11522
1.777 -2.17353
1.778 -2.5586
1.779 -2.46645
1.78 -2.31608
1.781 -2.08164
1.782 -2.15504
1.783 -2.19538
1.784 -2.29585
1.785 -1.99722
1.786 -2.34815
1.787 -2.40894
1.788 -2.25163
1.789 -2.28428
1.79 -2.11971
1.791 -2.2838
1.792 -2.21702
1.793 -2.22279
1.794 -2.1431
1.795 -2.21854
1.796 -2.21216
1.797 -2.26314
1.798 -2.44009
1.799 -2.15247
1.8 -2.1333
1.801 -2.38499
1.802 -2.35415
1.803 -2.1915
1.804 -2.22697
1.805 -2.17569
1.806 -2.04255
1.807 -2.58528
1.808 -2.32247
1.809 -2.59085
1.81 -2.27339
1.811 -2.26305
1.812 -1.95061
1.813 -2.31521
1.814 -2.15823
1.815 -2.44435
1.816 -2.30031
1.817 -2.35043
1.818 -2.33737
1.819 -2.10892
1.82 -2.173
1.821 -2.12428
1.822 -2.18816
1.823 -2.28949
1.824 -2.3557
1.825 -2.29556
1.826 -2.08936
1.827 -2.29615
1.828 -2.44375
1.829 -2.31967
1.83 -2.44763
1.831 -2.10126
1.832 -1.95517
1.833 -2.12749
1.834 -2.23431
1.835 -1.93889
1.836 -2.32289
1.837 -2.22659
1.838 -2.40253
1.839 -2.31083
1.84 -2.32302
1.841 -2.38294
1.842 -1.96899
1.843 -2.36836
1.844 -2.22017
1.845 -2.37135
1.846 -2.0435
1.847 -2.16373
1.848 -2.39923
1.849 -2.21141
1.85 -2.10662
1.851 -2.25093
1.852 -2.7528
1.853 -2.46809
1.854 -2.45733
1.855 -2.42626
1.856 -2.26124
1.857 -2.24475
1.858 -2.39689
1.859 -2.67647
1.86 -2.26944
1.861 -2.32339
1.862 -2.274
1.863 -2.44412
1.864 -2.21947
1.865 -2.52551
1.866 -2.45094
1.867 -2.17365
1.868 -2.17904
1.869 -2.46698
1.87 -2.15695
1.871 -2.86306
1.872 -2.35786
1.873 -2.00943
1.874 -2.29035
1.875 -2.04728
1.876 -2.03046
1.877 -2.20279
1.878 -2.17606
1.879 -2.33065
1.88 -2.26435
1.881 -2.30818
1.882 -2.13128
1.883 -2.68945
1.884 -2.1946
1.885 -2.41475
1.886 -2.21612
1.887 -2.39001
1.888 -2.41856
1.889 -2.43262
1.89 -2.51503
1.891 -2.55815
1.892 -2.25472
1.893 -2.21217
1.894 -2.21952
1.895 -2.50983
1.896 -2.44226
1.897 -2.28148
1.898 -2.27427
1.899 -2.33305
1.9 -2.12921
1.901 -2.17192
1.902 -2.18776
1.903 -2.50678
1.904 -2.47295
1.905 -2.06932
1.906 -2.31271
1.907 -2.12935
1.908 -2.09854
1.909 -2.70696
1.91 -2.088
1.911 -2.33211
1.912 -2.06355
1.913 -2.36028
1.914 -2.271
1.915 -2.5408
1.916 -2.0371
1.917 -2.28913
1.918 -2.35776
1.919 -2.37986
1.92 -2.19813
1.921 -2.25999
1.922 -2.34193
1.923 -2.21792
1.924 -2.29289
1.925 -2.27461
1.926 -2.28376
1.927 -2.28333
1.928 -2.17756
1.929 -2.16496
1.93 -2.32485
1.931 -2.3893
1.932 -2.31818
1.933 -2.43707
1.934 -2.42824
1.935 -2.08775
1.936 -2.31529
1.937 -2.4397
1.938 -2.27225
1.939 -2.44086
1.94 -1.99651
1.941 -2.0894
1.942 -2.20244
1.943 -2.28337
1.944 -2.16856
1.945 -2.30036
1.946 -2.89448
1.947 -2.23796
1.948 -2.24704
1.949 -2.63971
1.95 -2.42857
1.951 -2.06109
1.952 -2.1357
1.953 -2.26014
1.954 -2.28847
1.955 -2.47126
1.956 -2.30649
1.957 -2.43582
1.958 -2.20146
1.959 -2.34362
1.96 -2.25149
1.961 -2.26721
1.962 -2.76036
1.963 -2.61503
1.964 -2.44586
1.965 -2.3946
1.966 -2.40054
1.967 -2.55288
1.968 -2.2918
1.969 -2.60404
1.97 -2.41075
1.971 -2.32684
1.972 -2.26779
1.973 -2.29178
1.974 -2.1833
1.975 -2.23288
1.976 -2.64488
1.977 -2.17152
1.978 -2.37588
1.979 -2.37834
1.98 -2.2137
1.981 -2.5061
1.982 -2.31424
1.983 -2.48186
1.984 -2.66274
1.985 -2.13263
1.986 -2.23652
1.987 -2.07362
1.988 -2.6898
1.989 -2.16947
1.99 -2.66116
1.991 -2.77246
1.992 -2.74323
1.993 -2.26674
1.994 -2.39536
1.995 -2.1569
1.996 -2.58153
1.997 -2.29704
1.998 -2.62478
1.999 -2.46169
2 -1.99408
2.001 -2.52717
2.002 -2.17186
2.003 -2.28585
2.004 -2.25637
2.005 -2.14341
2.006 -2.30692
2.007 -2.35115
2.008 -2.40844
2.009 -2.15221
2.01 -2.49819
2.011 -2.29573
2.012 -2.49589
2.013 -2.31705
2.014 -2.34187
2.015 -2.4926
2.016 -2.05948
2.017 -2.64416
2.018 -2.21698
2.019 -2.04068
2.02 -2.88212
2.021 -2.48557
2.022 -2.48296
2.023 -2.70129
2.024 -2.62307
2.025 -2.42839
2.026 -2.33817
2.027 -2.46057
2.028 -2.17175
2.029 -2.07259
2.03 -2.47925
2.031 -2.46667
2.032 -2.37531
2.033 -2.43281
2.034 -2.3355
2.035 -2.42387
2.036 -2.10226
2.037 -2.13454
2.038 -2.36255
2.039 -2.2521
2.04 -2.5665
2.041 -3.04136
2.042 -2.36787
2.043 -2.74242
2.044 -2.38852
2.045 -2.14118
2.046 -2.56217
2.047 -2.48106
2.048 -2.5346
2.049 -2.39677
2.05 -2.44416
2.051 -2.42946
2.052 -2.45182
2.053 -2.59295
2.054 -2.40663
2.055 -2.13508
2.056 -2.41347
2.057 -2.14789
2.058 -2.32669
2.059 -2.38624
2.06 -2.38359
2.061 -2.4901
2.062 -2.38397
2.063 -2.50387
2.064 -2.38834
2.065 -2.75078
2.066 -2.47323
2.067 -2.44681
2.068 -2.60132
2.069 -2.8838
2.07 -2.27178
2.071 -2.89535
2.072 -2.21261
2.073 -2.54776
2.074 -2.03325
2.075 -2.5481
2.076 -2.60911
2.077 -2.21856
2.078 -2.41681
2.079 -2.88715
2.08 -2.1778
2.081 -2.60352
2.082 -2.3784
2.083 -2.45906
2.084 -2.64938
2.085 -2.31233
2.086 -2.06244
2.087 -2.43065
2.088 -2.20211
2.089 -2.21077
2.09 -2.4033
2.091 -2.47808
2.092 -2.36518
2.093 -2.65289
2.094 -2.441
2.095 -2.82693
2.096 -2.27215
2.097 -2.77309
2.098 -2.37794
2.099 -2.50472
2.1 -2.11395
2.101 -2.32838
2.102 -2.47066
2.103 -2.30146
2.104 -2.24687
2.105 -2.47654
2.106 -2.11087
2.107 -2.34187
2.108 -2.30653
2.109 -2.46206
2.11 -2.23742
2.111 -2.38303
2.112 -2.79189
2.113 -2.71502
2.114 -2.38758
2.115 -2.54407
2.116 -2.57639
2.117 -2.23866
2.118 -2.20869
2.119 -2.56756
2.12 -2.53276
2.121 -2.33891
2.122 -2.50627
2.123 -2.86167
2.124 -2.30981
2.125 -2.38767
2.126 -2.57544
2.127 -2.84677
2.128 -2.39118
2.129 -2.31016
2.13 -2.89075
2.131 -2.36292
2.132 -2.71237
2.133 -2.82746
2.134 -2.42292
2.135 -2.68068
2.136 -2.44797
2.137 -2.36958
2.138 -2.58434
2.139 -2.21727
2.14 -2.40138
2.141 -2.3249
2.142 -2.57014
2.143 -2.3572
2.144 -2.66768
2.145 -2.37484
2.146 -2.52897
2.147 -2.23245
2.148 -2.4312
2.149 -2.73491
2.15 -2.43659
2.151 -2.53158
2.152 -2.40371
2.153 -2.42087
2.154 -2.39252
2.155 -2.26363
2.156 -2.39966
2.157 -2.3264
2.158 -2.86625
2.159 -2.53606
2.16 -2.75475
2.161 -2.50841
2.162 -2.40109
2.163 -2.21049
2.164 -2.25903
2.165 -2.58625
2.166 -2.26207
2.167 -2.38343
2.168 -2.51153
2.169 -2.36993
2.17 -2.24655
2.171 -2.54268
2.172 -2.6056
2.173 -2.33587
2.174 -2.83471
2.175 -2.60411
2.176 -2.19631
2.177 -2.45903
2.178 -2.37403
2.179 -2.41423
2.18 -2.07239
2.181 -2.29033
2.182 -2.50358
2.183 -2.41404
2.184 -2.28984
2.185 -2.27277
2.186 -2.44504
2.187 -2.50053
2.188 -2.2956
2.189 -2.43278
2.19 -2.33832
2.191 -2.51438
2.192 -2.41915
2.193 -2.33402
2.194 -2.79379
2.195 -2.45133
2.196 -2.60446
2.197 -2.43366
2.198 -2.20374
2.199 -2.23885
2.2 -2.28324
2.201 -2.49454
2.202 -2.6509
2.203 -2.56313
2.204 -2.11999
2.205 -2.23534
2.206 -2.2902
2.207 -2.42198
2.208 -2.09908
2.209 -2.43536
2.21 -2.1238
2.211 -2.63411
2.212 -2.51972
2.213 -2.47924
2.214 -2.72931
2.215 -2.50021
2.216 -2.58623
2.217 -2.28468
2.218 -2.64754
2.219 -2.69432
2.22 -2.19305
2.221 -2.67966
2.222 -2.51987
2.223 -2.48881
2.224 -2.35362
2.225 -2.36745
2.226 -2.40445
2.227 -2.20529
2.228 -2.33967
2.229 -2.63837
2.23 -2.89549
2.231 -2.52586
2.232 -2.54743
2.233 -2.46925
2.234 -2.17526
2.235 -2.72162
2.236 -2.37677
2.237 -2.57899
2.238 -2.16081
2.239 -2.41481
2.24 -2.21442
2.241 -2.1797
2.242 -2.59382
2.243 -2.43211
2.244 -2.53089
2.245 -2.50433
2.246 -2.26655
2.247 -2.4433
2.248 -2.29462
2.249 -2.20357
2.25 -2.58238
2.251 -2.68819
2.252 -2.62676
2.253 -2.44061
2.254 -2.65897
2.255 -2.71863
2.256 -2.47187
2.257 -2.41413
2.258 -2.29692
2.259 -2.0603
2.26 -2.60776
2.261 -2.2062
2.262 -2.35296
2.263 -2.59926
2.264 -2.56189
2.265 -2.51759
2.266 -2.27865
2.267 -2.36549
2.268 -2.54511
2.269 -2.45702
2.27 -2.51136
2.271 -2.40199
2.272 -2.88371
2.273 -2.67342
2.274 -2.53901
2.275 -2.32115
2.276 -2.03071
2.277 -2.65493
2.278 -2.42448
2.279 -2.59731
2.28 -2.56919
2.281 -2.4319
2.282 -2.13071
2.283 -2.36648
2.284 -2.46172
2.285 -2.24137
2.286 -2.16693
2.287 -2.69862
2.288 -2.42364
2.289 -2.37331
2.29 -2.49131
2.291 -2.35946
2.292 -2.91318
2.293 -2.38252
2.294 -2.50585
2.295 -2.43185
2.296 -2.38021
2.297 -2.66125
2.298 -2.66211
2.299 -2.48793
2.3 -2.34167
2.301 -2.67515
2.302 -2.38251
2.303 -2.66838
2.304 -2.43264
2.305 -2.4565
2.306 -2.48165
2.307 -2.34984
2.308 -2.51651
2.309 -2.60304
2.31 -2.66357
2.311 -2.43287
2.312 -2.44758
2.313 -2.39683
2.314 -2.56292
2.315 -2.25017
2.316 -2.88743
2.317 -2.21682
2.318 -2.4837
2.319 -2.70372
2.32 -2.61792
2.321 -2.45251
2.322 -2.43804
2.323 -2.13661
2.324 -2.64834
2.325 -2.16201
2.326 -2.26526
2.327 -2.68374
2.328 -2.41201
2.329 -2.3849
2.33 -2.39181
2.331 -2.58563
2.332 -2.34691
2.333 -2.23429
2.334 -2.24227
2.335 -2.25766
2.336 -2.28027
2.337 -2.4247
2.338 -2.66252
2.339 -2.20972
2.34 -2.42849
2.341 -2.41981
2.342 -2.74644
2.343 -2.74176
2.344 -2.01749
2.345 -2.60113
2.346 -2.15128
2.347 -2.52731
2.348 -2.20129
2.349 -2.82935
2.35 -2.45754
2.351 -2.6376
2.352 -2.36429
2.353 -2.20384
2.354 -2.40218
2.355 -2.28938
2.356 -2.41265
2.357 -2.47399
2.358 -2.30537
2.359 -2.55276
2.36 -2.40437
2.361 -2.37813
2.362 -2.27735
2.363 -2.24017
2.364 -2.94613
2.365 -2.40125
2.366 -2.6093
2.367 -2.23303
2.368 -2.42691
2.369 -2.34088
2.37 -2.07683
2.371 -2.71248
2.372 -2.35375
2.373 -2.60505
2.374 -2.73441
2.375 -2.42431
2.376 -2.22301
2.377 -2.71247
2.378 -2.6067
2.379 -2.42341
2.38 -2.62218
2.381 -2.57494
2.382 -2.26953
2.383 -2.34687
2.384 -2.6309
2.385 -2.41621
2.386 -2.37732
2.387 -2.34103
2.388 -2.1852
2.389 -2.29108
2.39 -2.81783
2.391 -2.56907
2.392 -2.25825
2.393 -2.07147
2.394 -2.50136
2.395 -2.1547
2.396 -2.36929
2.397 -2.82522
2.398 -2.82275
2.399 -2.60414
2.4 -2.35273
2.401 -2.50528
2.402 -2.54532
2.403 -2.66557
2.404 -2.12195
2.405 -2.24806
2.406 -2.38337
2.407 -2.53027
2.408 -2.77565
2.409 -2.15389
2.41 -2.66937
2.411 -2.78845
2.412 -2.46889
2.413 -2.38609
2.414 -2.48494
2.415 -2.38017
2.416 -2.38682
2.417 -2.41412
2.418 -2.26629
2.419 -2.4952
2.42 -2.65908
2.421 -2.16286
2.422 -2.33748
2.423 -2.49185
2.424 -2.44674
2.425 -2.07322
2.426 -2.5469
2.427 -2.35859
2.428 -2.4354
2.429 -2.24078
2.43 -2.43893
2.431 -2.60256
2.432 -2.26982
2.433 -2.36685
2.434 -2.35493
2.435 -2.85516
2.436 -2.36404
2.437 -2.49479
2.438 -2.5446
2.439 -2.15925
2.44 -2.69969
2.441 -2.60026
2.442 -2.70253
2.443 -2.3389
2.444 -2.42308
2.445 -2.23935
2.446 -2.43347
2.447 -2.15901
2.448 -2.62644
2.449 -2.38224
2.45 -2.68286
2.451 -2.2443
2.452 -3.15958
2.453 -2.39414
2.454 -2.53263
2.455 -2.64027
2.456 -2.66701
2.457 -2.29727
2.458 -2.62623
2.459 -2.47455
2.46 -2.41548
2.461 -2.34935
2.462 -2.47274
2.463 -2.55196
2.464 -2.89224
2.465 -2.32024
2.466 -2.31391
2.467 -2.66464
2.468 -2.47625
2.469 -2.23797
2.47 -2.2963
2.471 -2.23484
2.472 -2.27319
2.473 -2.30985
2.474 -2.47278
2.475 -2.27637
2.476 -2.34324
2.477 -2.49626
2.478 -2.71392
2.479 -2.30727
2.48 -2.58491
2.481 -2.17156
2.482 -2.3675
2.483 -2.42831
2.484 -2.79257
2.485 -2.29651
2.486 -2.39144
2.487 -2.53226
2.488 -2.65149
2.489 -2.47662
2.49 -2.42364
2.491 -2.35514
2.492 -2.56363
2.493 -2.59349
2.494 -2.53633
2.495 -2.39465
2.496 -2.608
2.497 -2.50288
2.498 -2.26322
2.499 -2.36291
2.5 -2.43577
2.501 -2.3009
2.502 -2.26285
2.503 -2.24502
2.504 -2.63199
2.505 -2.40973
2.506 -2.65795
2.507 -2.64846
2.508 -2.43306
2.509 -2.5551
2.51 -2.09848
2.511 -2.28272
2.512 -3.15881
2.513 -2.51752
2.514 -2.73047
2.515 -2.46976
2.516 -2.36988
2.517 -2.23817
2.518 -2.32306
2.519 -2.3023
2.52 -2.41483
2.521 -2.79812
2.522 -2.46401
2.523 -2.44641
2.524 -2.47999
2.525 -2.2976
2.526 -2.24464
2.527 -2.6149
2.528 -2.29394
2.529 -2.47576
2.53 -2.34322
2.531 -2.24187
2.532 -2.32462
2.533 -2.51093
2.534 -2.52036
2.535 -2.49186
2.536 -2.32013
2.537 -2.38913
2.538 -2.23509
2.539 -2.40366
2.54 -3.10042
2.541 -3.08341
2.542 -2.57254
2.543 -2.38875
2.544 -2.51765
2.545 -2.755
2.546 -2.23857
2.547 -2.59885
2.548 -2.58256
2.549 -2.72553
2.55 -2.42708
2.551 -2.50201
2.552 -2.06783
2.553 -2.48876
2.554 -2.45
2.555 -2.18206
2.556 -2.41324
2.557 -2.16604
2.558 -2.40933
2.559 -2.72586
2.56 -2.73713
2.561 -2.55837
2.562 -2.49796
2.563 -2.63041
2.564 -2.28694
2.565 -2.64878
2.566 -2.43502
2.567 -2.40045
2.568 -2.34499
2.569 -2.39653
2.57 -2.41277
2.571 -2.29915
2.572 -2.47375
2.573 -2.60885
2.574 -2.4661
2.575 -2.34774
2.576 -2.7006
2.577 -2.4041
2.578 -2.58859
2.579 -2.67561
2.58 -2.27022
2.581 -2.50283
2.582 -2.23673
2.583 -2.6126
2.584 -2.27972
2.585 -2.41354
2.586 -2.61282
2.587 -2.42608
2.588 -2.82379
2.589 -2.33152
2.59 -2.29546
2.591 -2.49678
2.592 -2.43903
2.593 -2.48124
2.594 -2.50493
2.595 -2.43192
2.596 -2.31632
2.597 -2.3166
2.598 -2.58427
2.599 -2.45767
2.6 -2.55125
2.601 -2.9074
2.602 -2.78519
2.603 -2.57541
2.604 -2.93344
2.605 -2.50929
2.606 -2.54702
2.607 -2.72436
2.608 -2.57006
2.609 -2.88292
2.61 -2.46426
2.611 -2.41791
2.612 -2.47018
2.613 -2.56339
2.614 -2.10718
2.615 -2.28887
2.616 -2.60329
2.617 -2.32124
2.618 -2.95059
2.619 -2.26674
2.62 -2.45743
2.621 -2.63996
2.622 -2.38755
2.623 -2.55466
2.624 -2.6518
2.625 -2.50434
2.626 -3.06503
2.627 -2.4554
2.628 -2.40284
2.629 -2.88634
2.63 -2.42584
2.631 -2.3512
2.632 -3.05691
2.633 -2.80382
2.634 -2.30915
2.635 -2.32142
2.636 -2.32161
2.637 -2.73461
2.638 -2.31041
2.639 -2.71087
2.64 -2.45822
2.641 -2.37669
2.642 -2.49863
2.643 -2.54297
2.644 -2.44651
2.645 -2.47044
2.646 -2.45183
2.647 -2.50293
2.648 -2.42758
2.649 -2.67248
2.65 -2.61084
2.651 -2.43627
2.652 -2.46978
2.653 -2.32552
2.654 -2.54899
2.655 -2.3979
2.656 -2.35867
2.657 -2.48466
2.658 -2.79609
2.659 -2.31764
2.66 -2.27354
2.661 -2.88936
2.662 -2.35777
2.663 -2.837
2.664 -2.49097
2.665 -2.56229
2.666 -2.81669
2.667 -2.51298
2.668 -3.2389
2.669 -2.59519
2.67 -2.63754
2.671 -2.92541
2.672 -3.37174
2.673 -2.7445
2.674 -2.65275
2.675 -2.33051
2.676 -2.51543
2.677 -3.50811
2.678 -2.79335
2.679 -2.57081
2.68 -2.53875
2.681 -2.54234
2.682 -2.29977
2.683 -2.45881
2.684 -2.92631
2.685 -2.6138
2.686 -2.70789
2.687 -2.58571
2.688 -2.86022
2.689 -2.41466
2.69 -2.58932
2.691 -2.90921
2.692 -2.89054
2.693 -2.68273
2.694 -2.3553
2.695 -2.67755
2.696 -2.44354
2.697 -2.5658
2.698 -2.31977
2.699 -2.52887
2.7 -2.61449
2.701 -2.70352
2.702 -2.34214
2.703 -3.00456
2.704 -2.80967
2.705 -2.75044
2.706 -2.50715
2.707 -2.27717
2.708 -2.59385
2.709 -2.39861
2.71 -2.89473
2.711 -2.40731
2.712 -2.46116
2.713 -2.77638
2.714 -2.62196
2.715 -2.98389
2.716 -2.51368
2.717 -2.43229
2.718 -2.33899
2.719 -2.56772
2.72 -2.42587
2.721 -2.67273
2.722 -2.45112
2.723 -2.14623
2.724 -2.52394
2.725 -2.57066
2.726 -2.6527
2.727 -2.22793
2.728 -2.31733
2.729 -2.24697
2.73 -3.903
2.731 -2.51361
2.732 -2.73115
2.733 -2.57421
2.734 -2.46963
2.735 -2.42455
2.736 -2.76615
2.737 -2.75177
2.738 -2.36576
2.739 -2.62902
2.74 -2.67473
2.741 -2.45738
2.742 -2.25162
2.743 -2.62265
2.744 -2.36094
2.745 -2.86253
2.746 -2.59088
2.747 -2.44555
2.748 -2.75065
2.749 -2.43661
2.75 -2.4182
2.751 -2.59241
2.752 -2.64378
2.753 -2.90631
2.754 -2.63897
2.755 -2.45682
2.756 -2.46212
2.757 -2.36262
2.758 -2.37924
2.759 -2.54709
2.76 -2.38738
2.761 -2.40829
2.762 -2.34572
2.763 -3.22377
2.764 -2.54383
2.765 -2.76672
2.766 -2.87179
2.767 -2.92981
2.768 -2.5702
2.769 -2.36517
2.77 -2.31854
2.771 -2.38157
2.772 -2.66577
2.773 -2.37255
2.774 -2.55661
2.775 -2.72296
2.776 -2.43185
2.777 -2.40412
2.778 -2.37029
2.779 -2.24878
2.78 -2.39933
2.781 -2.26442
2.782 -2.46051
2.783 -2.67589
2.784 -2.51891
2.785 -2.5663
2.786 -2.81678
2.787 -2.6853
2.788 -2.51778
2.789 -2.32126
2.79 -2.84889
2.791 -2.43124
2.792 -2.3312
2.793 -2.51286
2.794 -2.40593
2.795 -2.88986
2.796 -2.56106
2.797 -2.60446
2.798 -2.26973
2.799 -2.77278
2.8 -2.73516
2.801 -2.4776
2.802 -2.40436
2.803 -2.64974
2.804 -2.96338
2.805 -2.68227
2.806 -2.80336
2.807 -2.40744
2.808 -2.41839
2.809 -2.6069
2.81 -2.59628
2.811 -2.52206
2.812 -2.69445
2.813 -2.83446
2.814 -3.0074
2.815 -2.43777
2.816 -2.76213
2.817 -2.70703
2.818 -2.25962
2.819 -2.5174
2.82 -2.68972
2.821 -2.87087
2.822 -2.47464
2.823 -2.24693
2.824 -2.64571
2.825 -2.57681
2.826 -2.68318
2.827 -2.29631
2.828 -2.25847
2.829 -2.74107
2.83 -2.63547
2.831 -2.50543
2.832 -2.58512
2.833 -2.78036
2.834 -2.54589
2.835 -2.7615
2.836 -2.52638
2.837 -2.31732
2.838 -2.32509
2.839 -2.64057
2.84 -2.79719
2.841 -2.70164
2.842 -2.65097
2.843 -2.16073
2.844 -2.659
2.845 -2.24296
2.846 -2.41139
2.847 -2.34699
2.848 -2.31786
2.849 -2.96887
2.85 -3.30031
2.851 -3.17789
2.852 -2.69929
2.853 -3.32576
2.854 -2.53518
2.855 -2.66619
2.856 -2.57317
2.857 -2.76582
2.858 -2.5112
2.859 -2.69752
2.86 -2.91679
2.861 -2.55078
2.862 -2.35366
2.863 -2.49396
2.864 -2.89236
2.865 -2.74568
2.866 -2.68255
2.867 -2.54426
2.868 -2.38809
2.869 -2.17119
2.87 -2.56548
2.871 -2.81597
2.872 -2.25922
2.873 -2.5287
2.874 -2.38846
2.875 -2.99106
2.876 -2.33866
2.877 -2.55013
2.878 -2.4893
2.879 -3.0177
2.88 -2.58329
2.881 -2.44337
2.882 -2.1866
2.883 -2.71451
2.884 -2.8927
2.885 -2.73083
2.886 -2.48573
2.887 -2.3641
2.888 -2.4959
2.889 -2.26005
2.89 -2.54085
2.891 -2.73345
2.892 -2.34215
2.893 -2.63858
2.894 -2.41224
2.895 -2.15271
2.896 -2.35728
2.897 -2.61557
2.898 -2.827
2.899 -2.5678
2.9 -2.27443
2.901 -2.59022
2.902 -2.34402
2.903 -2.5096
2.904 -3.38407
2.905 -2.77284
2.906 -2.34286
2.907 -2.54072
2.908 -2.46637
2.909 -2.28634
2.91 -2.51691
2.911 -2.27536
2.912 -2.79811
2.913 -3.11048
2.914 -2.87061
2.915 -2.48806
2.916 -2.41704
2.917 -2.52916
2.918 -2.39685
2.919 -2.66622
2.92 -2.59476
2.921 -2.52615
2.922 -2.71026
2.923 -2.26885
2.924 -2.3145
2.925 -2.46824
2.926 -2.59338
2.927 -2.79984
2.928 -2.59929
2.929 -2.71583
2.93 -2.45332
2.931 -2.52267
2.932 -2.65285
2.933 -2.35608
2.934 -2.64656
2.935 -2.58884
2.936 -2.40781
2.937 -2.80155
2.938 -3.15261
2.939 -2.67805
2.94 -2.57354
2.941 -2.34478
2.942 -2.80122
2.943 -2.52617
2.944 -2.31572
2.945 -2.42965
2.946 -2.39918
2.947 -2.5344
2.948 -2.73632
2.949 -2.6826
2.95 -2.434
2.951 -2.42166
2.952 -2.68642
2.953 -2.75821
2.954 -2.30277
2.955 -2.36603
2.956 -2.38568
2.957 -2.51445
2.958 -2.65781
2.959 -3.09662
2.96 -2.92276
2.961 -2.4025
2.962 -2.367
2.963 -2.64486
2.964 -2.84463
2.965 -2.33909
2.966 -2.69246
2.967 -2.52418
2.968 -2.45312
2.969 -2.87146
2.97 -2.66011
2.971 -2.33614
2.972 -2.73982
2.973 -2.78588
2.974 -2.15125
2.975 -2.62407
2.976 -2.6646
2.977 -2.55233
2.978 -2.20148
2.979 -2.38596
2.98 -2.76873
2.981 -2.56157
2.982 -2.44835
2.983 -2.56469
2.984 -2.59824
2.985 -2.55734
2.986 -2.39096
2.987 -3.18198
2.988 -2.40353
2.989 -2.68148
2.99 -2.79336
2.991 -2.44659
2.992 -2.85175
2.993 -2.73903
2.994 -2.383
2.995 -2.30296
2.996 -2.17893
2.997 -2.31371
2.998 -2.84336
2.999 -2.45866
3 -2.58276
3.001 -2.6079
3.002 -2.34244
3.003 -2.7054
3.004 -2.64036
3.005 -2.37559
3.006 -2.75137
3.007 -2.6563
3.008 -3.73573
3.009 -2.35626
3.01 -2.52094
3.011 -2.38781
3.012 -2.5041
3.013 -2.71523
3.014 -2.83082
3.015 -2.52692
3.016 -2.55275
3.017 -2.60135
3.018 -2.8246
3.019 -2.47995
3.02 -2.41726
3.021 -2.8984
3.022 -2.39534
3.023 -2.65743
3.024 -2.9193
3.025 -2.56073
3.026 -2.42104
3.027 -3.21433
3.028 -2.29481
3.029 -2.52875
3.03 -2.3938
3.031 -2.68826
3.032 -2.94536
3.033 -2.66448
3.034 -2.73398
3.035 -2.52131
3.036 -2.30756
3.037 -2.57663
3.038 -2.597
3.039 -2.38648
3.04 -2.53448
3.041 -2.47751
3.042 -2.70374
3.043 -2.53986
3.044 -2.41629
3.045 -2.376
3.046 -2.57426
3.047 -2.74291
3.048 -2.30253
3.049 -2.52046
3.05 -2.5558
3.051 -3.25226
3.052 -2.34382
3.053 -2.77174
3.054 -2.877
3.055 -2.25384
3.056 -2.57384
3.057 -2.89829
3.058 -2.48706
3.059 -2.9903
3.06 -2.32315
3.061 -2.4814
3.062 -2.25959
3.063 -2.55278
3.064 -2.80285
3.065 -2.42397
3.066 -2.54934
3.067 -2.40825
3.068 -3.65906
3.069 -2.43622
3.07 -2.9256
3.071 -2.25764
3.072 -2.44111
3.073 -2.26266
3.074 -2.75618
3.075 -2.50253
3.076 -2.45335
3.077 -2.60774
3.078 -2.27975
3.079 -2.57155
3.08 -2.88235
3.081 -2.65386
3.082 -2.47984
3.083 -2.80906
3.084 -2.6011
3.085 -4.26078
3.086 -3.66906
3.087 -2.8653
3.088 -2.88773
3.089 -2.76738
3.09 -2.34334
3.091 -4.36281
3.092 -2.49537
3.093 -2.63336
3.094 -2.61847
3.095 -2.6322
3.096 -2.71295
3.097 -2.44781
3.098 -2.69319
3.099 -2.8413
3.1 -2.66491
3.101 -2.89149
3.102 -2.53827
3.103 -2.53685
3.104 -3.24116
3.105 -2.72753
3.106 -2.46786
3.107 -2.62041
3.108 -2.66847
3.109 -2.70725
3.11 -2.4757
3.111 -2.80006
3.112 -2.6446
3.113 -2.66703
3.114 -2.8364
3.115 -2.73607
3.116 -3.20724
3.117 -2.78708
3.118 -2.93613
3.119 -2.88124
3.12 -2.87708
3.121 -4.59087
3.122 -2.59604
3.123 -2.35091
3.124 -2.65003
3.125 -2.31272
3.126 -2.56108
3.127 -2.14934
3.128 -2.51315
3.129 -2.53202
3.13 -2.66236
3.131 -2.61114
3.132 -2.76754
3.133 -2.78198
3.134 -2.51696
3.135 -2.65028
3.136 -2.56372
3.137 -2.85227
3.138 -2.5008
3.139 -2.52165
3.14 -2.77357
3.141 -2.61836
3.142 -2.57996
3.143 -2.59713
3.144 -2.73963
3.145 -2.88374
3.146 -2.54718
3.147 -2.52435
3.148 -2.2751
3.149 -2.56965
3.15 -2.99497
3.151 -2.49594
3.152 -2.53511
3.153 -2.95817
3.154 -2.45725
3.155 -3.00917
3.156 -2.31476
3.157 -2.59125
3.158 -2.59836
3.159 -2.7134
3.16 -2.92644
3.161 -2.71347
3.162 -2.69691
3.163 -2.81322
3.164 -3.37303
3.165 -2.93889
3.166 -2.36883
3.167 -2.76223
3.168 -2.54852
3.169 -2.50953
3.17 -2.66683
3.171 -2.87592
3.172 -2.65729
3.173 -2.98079
3.174 -2.30876
3.175 -2.4817
3.176 -2.54539
3.177 -2.54193
3.178 -2.89437
3.179 -2.36058
3.18 -2.27532
3.181 -2.66157
3.182 -2.58784
3.183 -2.96426
3.184 -2.3767
3.185 -2.94192
3.186 -2.59548
3.187 -2.78344
3.188 -3.50064
3.189 -2.57258
3.19 -2.58562
3.191 -2.32496
3.192 -2.84433
3.193 -3.06927
3.194 -2.67792
3.195 -2.34271
3.196 -2.25646
3.197 -2.4499
3.198 -3.06592
3.199 -2.48842
3.2 -3.17981
3.201 -2.9348
3.202 -2.47711
3.203 -2.44926
3.204 -3.0504
3.205 -2.61134
3.206 -2.63094
3.207 -2.66078
3.208 -2.55564
3.209 -2.92983
3.21 -2.21815
3.211 -2.62092
3.212 -2.70049
3.213 -2.27253
3.214 -2.65243
3.215 -2.73952
3.216 -2.56856
3.217 -2.91211
3.218 -2.82948
3.219 -2.95348
3.22 -3.18803
3.221 -2.33273
3.222 -2.48189
3.223 -3.24465
3.224 -2.40348
3.225 -2.44889
3.226 -2.44224
3.227 -2.63184
3.228 -2.38518
3.229 -2.42784
3.23 -2.3979
3.231 -2.72557
3.232 -2.59952
3.233 -2.53598
3.234 -2.55057
3.235 -2.67657
3.236 -2.67418
3.237 -2.89139
3.238 -2.80569
3.239 -2.6167
3.24 -2.64908
3.241 -2.58595
3.242 -2.55462
3.243 -2.4469
3.244 -3.36002
3.245 -4.24684
3.246 -2.61835
3.247 -2.60572
3.248 -2.82808
3.249 -2.39252
3.25 -3.00786
3.251 -3.01994
3.252 -2.56156
3.253 -3.27221
3.254 -2.49803
3.255 -5.41675
3.256 -2.87838
3.257 -2.78741
3.258 -3.39547
3.259 -2.56441
3.26 -2.62039
3.261 -3.00183
3.262 -3.1387
3.263 -3.38002
3.264 -2.5009
3.265 -2.72102
3.266 -2.89533
3.267 -3.07202
3.268 -2.44185
3.269 -2.85566
3.27 -2.94889
3.271 -2.70442
3.272 -2.58538
3.273 -3.27113
3.274 -2.47999
3.275 -2.68971
3.276 -2.67494
3.277 -3.22811
3.278 -2.77622
3.279 -2.59203
3.28 -2.93518
3.281 -2.56223
3.282 -2.70567
3.283 -2.7544
3.284 -2.65197
3.285 -2.9413
3.286 -2.31714
3.287 -2.71036
3.288 -2.92656
3.289 -3.29377
3.29 -2.63378
3.291 -2.58661
3.292 -2.48431
3.293 -2.77642
3.294 -2.4814
3.295 -2.84488
3.296 -2.73509
3.297 -2.55333
3.298 -2.92832
3.299 -2.59498
3.3 -2.75384
3.301 -2.52388
3.302 -2.38758
3.303 -2.73724
3.304 -2.6068
3.305 -2.67043
3.306 -2.42921
3.307 -2.84566
3.308 -2.7385
3.309 -2.76224
3.31 -2.47049
3.311 -2.57451
3.312 -2.50948
3.313 -3.45641
3.314 -2.67016
3.315 -2.7808
3.316 -2.76089
3.317 -2.65669
3.318 -2.88557
3.319 -2.85057
3.32 -2.8004
3.321 -2.4657
3.322 -3.08596
3.323 -2.72576
3.324 -2.55172
3.325 -2.48187
3.326 -2.46423
3.327 -2.4589
3.328 -2.78504
3.329 -2.85404
3.33 -2.75487
3.331 -2.6987
3.332 -2.74416
3.333 -2.46832
3.334 -2.67516
3.335 -3.41744
3.336 -2.62345
3.337 -2.44994
3.338 -2.58384
3.339 -2.99368
3.34 -2.54922
3.341 -2.53047
3.342 -2.74969
3.343 -2.71293
3.344 -2.49595
3.345 -3.2655
3.346 -2.54268
3.347 -3.17156
3.348 -2.73864
3.349 -2.78755
3.35 -2.60344
3.351 -2.40785
3.352 -2.48022
3.353 -2.96937
3.354 -2.88564
3.355 -2.47911
3.356 -2.5491
3.357 -3.11377
3.358 -2.50199
3.359 -2.83188
3.36 -2.79935
3.361 -2.8462
3.362 -2.47656
3.363 -2.65218
3.364 -3.2031
3.365 -3.17656
3.366 -2.70888
3.367 -2.33263
3.368 -3.39519
3.369 -2.64452
3.37 -2.42317
3.371 -3.39564
3.372 -2.84381
3.373 -2.56229
3.374 -2.67119
3.375 -2.24645
3.376 -4.64758
3.377 -3.00776
3.378 -2.90245
3.379 -2.92308
3.38 -2.97469
3.381 -2.7785
3.382 -2.61185
3.383 -3.08503
3.384 -2.48126
3.385 -2.49395
3.386 -2.62413
3.387 -2.80316
3.388 -2.73278
3.389 -2.74951
3.39 -2.64823
3.391 -2.56505
3.392 -2.35458
3.393 -3.21261
3.394 -2.41587
3.395 -2.71797
3.396 -2.58161
3.397 -2.27883
3.398 -2.97079
3.399 -2.95271
3.4 -2.41274
3.401 -2.99336
3.402 -3.61363
3.403 -2.32056
3.404 -3.00254
3.405 -2.56096
3.406 -3.22793
3.407 -2.73203
3.408 -2.62763
3.409 -2.70088
3.41 -2.94004
3.411 -2.91316
3.412 -3.24066
3.413 -2.77734
3.414 -2.81543
3.415 -2.586
3.416 -2.54524
3.418 -2.66504
3.419 -2.33712
3.42 -2.55959
3.421 -2.42492
3.422 -2.43708
3.423 -2.94355
3.424 -2.51667
3.425 -2.40251
3.426 -2.56913
3.427 -2.92112
3.428 -2.55349
3.429 -2.58791
3.43 -2.50176
3.431 -2.45852
3.432 -2.6035
3.433 -2.7511
3.434 -2.70829
3.435 -2.60262
3.436 -2.99851
3.437 -2.68275
3.438 -2.71662
3.439 -2.39628
3.44 -2.8478
3.441 -2.96963
3.442 -2.47044
3.443 -2.44682
3.444 -2.55129
3.445 -2.66377
3.446 -2.69774
3.447 -2.6444
3.448 -3.98524
3.449 -2.67202
3.45 -2.58224
3.451 -2.41352
3.452 -2.88578
3.453 -2.78663
3.454 -3.14035
3.455 -2.69763
3.456 -2.367
3.457 -3.22234
3.458 -2.72094
3.459 -2.59212
3.46 -2.4688
3.461 -3.04221
3.462 -2.52524
3.463 -2.84819
3.464 -2.76561
3.465 -3.52634
3.466 -2.4812
3.467 -2.5407
3.468 -2.50732
3.469 -2.75277
3.47 -4.12687
3.471 -2.95406
3.472 -3.73672
3.473 -2.59005
3.474 -2.71523
3.475 -2.65804
3.476 -2.8967
3.477 -2.57172
3.478 -2.59018
3.479 -2.86271
3.48 -3.9748
3.481 -2.9855
3.482 -2.60568
3.483 -2.62022
3.484 -2.66119
3.485 -2.69265
3.486 -2.68283
3.487 -2.77637
3.488 -2.91826
3.489 -2.32552
3.49 -3.16678
3.491 -2.69433
3.492 -2.61938
3.493 -2.5419
3.494 -3.10679
3.495 -2.60191
3.496 -2.69166
3.497 -2.70582
3.498 -2.72469
3.499 -3.23159
3.5 -2.45375
3.501 -2.5886
3.502 -2.63719
3.503 -3.65466
3.504 -2.63091
3.505 -2.83144
3.506 -3.20842
3.507 -2.77454
3.508 -2.93068
3.509 -3.07696
3.51 -3.07406
3.511 -2.83055
3.512 -2.90367
3.513 -2.94525
3.514 -2.71471
3.515 -2.7617
3.516 -2.49463
3.517 -2.68284
3.518 -2.64077
3.519 -2.68684
3.521 -2.48657
3.522 -2.41054
3.523 -2.81574
3.524 -3.01338
3.525 -3.02273
3.526 -3.64544
3.527 -3.23822
3.528 -3.30123
3.529 -2.98583
3.53 -2.67998
3.531 -2.73715
3.532 -4.28153
3.533 -2.72575
3.534 -2.53142
3.535 -3.12799
3.536 -2.47572
3.537 -2.86627
3.538 -2.5903
3.539 -2.72244
3.54 -2.68641
3.541 -3.03562
3.542 -2.86719
3.543 -2.6925
3.544 -2.55119
3.545 -4.45011
3.546 -3.67013
3.547 -2.58062
3.548 -3.48401
3.549 -2.66289
3.55 -3.15236
3.551 -2.51834
3.552 -2.88457
3.553 -2.78228
3.554 -2.63627
3.555 -2.96241
3.556 -2.72752
3.557 -3.25759
3.558 -3.00926
3.559 -4.39775
3.56 -3.09931
3.561 -2.85857
3.562 -2.8693
3.563 -2.70757
3.564 -2.98946
3.565 -3.09694
3.566 -2.48151
3.567 -3.16837
3.568 -2.467
3.569 -2.98684
3.57 -2.59028
3.571 -2.72911
3.572 -2.69217
3.573 -4.31832
3.574 -2.70039
3.575 -3.73103
3.576 -2.29703
3.577 -2.93739
3.578 -2.38797
3.579 -2.61819
3.581 -2.94941
3.582 -3.29684
3.583 -2.9908
3.584 -3.10716
3.585 -2.94478
3.586 -2.74839
3.587 -2.61643
3.588 -3.36068
3.589 -2.52593
3.59 -3.12299
3.591 -2.51001
3.592 -2.67151
3.593 -2.74138
3.594 -2.62287
3.595 -2.62388
3.596 -4.35676
3.597 -2.56498
3.598 -3.16747
3.599 -2.73358
3.6 -2.19675
3.601 -2.63829
3.602 -2.72319
3.603 -2.90461
3.604 -2.58332
3.605 -2.70889
3.606 -2.87823
3.607 -2.88836
3.608 -3.17739
3.609 -4.33168
3.61 -2.89957
3.611 -2.67294
3.612 -3.67598
3.613 -3.37749
3.614 -2.79688
3.615 -2.87975
3.616 -2.54235
3.617 -3.1809
3.618 -3.47215
3.619 -4.28518
3.62 -2.93152
3.621 -2.28144
3.622 -4.38535
3.623 -2.68842
3.624 -2.51798
3.625 -2.54945
3.626 -2.92004
3.627 -2.64046
3.628 -2.70567
3.629 -2.57133
3.63 -2.72548
3.631 -2.851
3.632 -2.84004
3.633 -3.13447
3.634 -3.03518
3.635 -2.62686
3.636 -3.54921
3.637 -2.91497
3.638 -2.72515
3.639 -2.56994
3.64 -2.70929
3.641 -2.74755
3.642 -2.80939
3.643 -3.05386
3.644 -3.21013
3.645 -2.38897
3.646 -3.87912
3.647 -3.98253
3.648 -3.61077
3.649 -3.04758
3.65 -3.4062
3.651 -3.15499
3.652 -2.70001
3.653 -2.52742
3.654 -2.74825
3.655 -2.67122
3.656 -2.6061
3.657 -2.66441
3.658 -2.49748
3.659 -2.77558
3.66 -2.34238
3.661 -2.69396
3.662 -2.56241
3.663 -2.71041
3.664 -2.61834
3.665 -2.82702
3.666 -2.92246
3.667 -2.977
3.668 -2.64621
3.669 -3.09224
3.67 -2.96064
3.671 -2.65164
3.673 -3.16464
3.674 -2.4635
3.675 -2.97739
3.676 -2.97712
3.677 -2.62279
3.678 -3.05084
3.679 -3.0857
3.68 -2.85987
3.681 -2.86962
3.682 -2.99231
3.683 -2.26731
3.684 -4.30009
3.685 -3.00483
3.686 -2.73743
3.687 -2.93669
3.688 -2.57751
3.689 -3.03378
3.691 -2.52343
3.692 -2.91239
3.693 -2.8997
3.694 -2.51836
3.695 -2.5777
3.696 -2.75304
3.697 -4.12264
3.698 -2.53968
3.699 -3.2029
3.7 -3.00623
3.701 -3.07641
3.702 -3.04257
3.703 -2.52351
3.704 -3.7497
3.705 -3.38812
3.706 -2.57196
3.707 -2.72092
3.708 -3.44328
3.709 -2.77272
3.71 -2.98835
3.711 -2.88877
3.712 -3.31737
3.713 -2.96324
3.714 -3.6885
3.715 -2.85573
3.716 -4.51688
3.717 -4.42677
3.718 -2.41235
3.719 -2.92005
3.72 -2.77229
3.721 -2.99018
3.722 -2.56394
3.723 -2.78281
3.724 -4.51353
3.725 -3.12492
3.726 -3.28963
3.727 -3.60994
3.728 -2.68311
3.729 -2.64806
3.73 -2.49249
3.731 -3.06443
3.732 -3.23135
3.733 -2.51322
3.734 -2.46097
3.735 -4.64032
3.736 -2.97527
3.737 -2.65957
3.738 -2.54894
3.739 -3.50544
3.74 -4.64301
3.741 -2.53655
3.742 -3.19957
3.743 -2.90945
3.744 -2.92688
3.745 -3.07758
3.746 -2.93199
3.747 -3.49881
3.748 -3.24194
3.749 -3.10754
3.75 -2.93004
3.751 -2.72648
3.752 -2.80213
3.753 -2.95363
3.754 -2.7383
3.755 -2.96585
3.756 -2.50996
3.757 -2.73341
3.758 -2.68837
3.759 -3.18539
3.76 -2.9916
3.761 -2.35123
3.762 -3.44854
3.763 -2.95886
3.764 -2.30892
3.765 -2.78458
3.766 -3.20593
3.767 -3.05289
3.768 -3.23914
3.769 -3.19736
3.77 -2.76945
3.771 -2.95713
3.772 -2.78016
3.773 -3.17382
3.774 -2.92261
3.775 -3.0835
3.776 -2.66609
3.777 -3.09431
3.778 -2.72369
3.779 -3.39882
3.78 -4.25626
3.781 -3.44401
3.782 -2.94302
3.783 -2.70678
3.784 -3.4764
3.785 -3.17694
3.786 -3.96615
3.787 -4.80086
3.788 -3.36551
3.789 -3.12529
3.79 -3.43943
3.791 -3.01089
3.792 -2.85218
3.793 -3.18047
3.794 -2.91609
3.795 -2.98216
3.796 -2.81981
3.797 -2.57013
3.798 -3.60719
3.799 -3.34536
3.8 -2.91233
3.801 -3.79996
3.802 -3.20983
3.803 -3.01947
3.804 -2.99129
3.805 -4.54641
3.806 -2.93922
3.807 -2.89054
3.808 -3.20522
3.809 -2.73464
3.81 -2.70728
3.811 -3.66593
3.812 -2.8928
3.813 -2.97997
3.814 -2.42631
3.815 -3.03999
3.816 -3.31243
3.817 -2.53851
3.818 -2.94791
3.819 -3.44424
3.82 -2.27803
3.821 -3.03662
3.822 -2.77008
3.823 -2.82521
3.824 -2.51562
3.825 -3.05561
3.826 -2.30841
3.827 -2.74289
3.828 -2.55073
3.829 -4.39541
3.83 -2.55907
3.831 -3.22763
3.832 -2.65197
3.833 -3.00932
3.834 -2.71715
3.835 -2.61939
3.836 -2.78747
3.837 -2.94314
3.838 -2.95109
3.839 -2.58969
3.84 -4.01386
3.841 -3.85288
3.842 -3.18548
3.843 -2.86616
3.844 -4.13469
3.845 -2.84952
3.846 -4.50874
3.847 -2.53137
3.848 -2.81083
3.849 -3.62389
3.85 -2.57509
3.851 -2.93138
3.852 -2.61864
3.853 -3.26999
3.854 -4.22077
3.855 -3.06238
3.856 -3.0597
3.857 -2.49155
3.858 -2.55212
3.859 -2.95575
3.86 -3.20819
3.861 -2.52586
3.862 -3.18984
3.863 -2.66271
3.864 -2.84055
3.865 -2.77206
3.866 -3.17065
3.867 -2.88591
3.868 -3.24647
3.869 -3.065
3.87 -4.35212
3.871 -3.37664
3.872 -3.04618
3.873 -2.79751
3.874 -2.50797
3.875 -2.87957
3.876 -3.43026
3.877 -3.16869
3.878 -4.07988
3.879 -2.50378
3.88 -2.93478
3.881 -4.47424
3.882 -3.17354
3.883 -2.86909
3.884 -2.68777
3.885 -3.36721
3.886 -3.27256
3.887 -2.93706
3.888 -3.21524
3.889 -3.83268
3.89 -4.18438
3.891 -5.20938
3.892 -3.86161
3.893 -4.10368
3.894 -2.76347
3.895 -2.97811
3.896 -2.94157
3.897 -2.99413
3.898 -2.76627
3.899 -2.69817
3.9 -4.66565
3.901 -3.16458
3.902 -3.33358
3.903 -2.88452
3.904 -3.20667
3.905 -3.48765
3.906 -4.19821
3.907 -2.71301
3.908 -3.23976
3.909 -3.97935
3.91 -3.91486
3.911 -3.42849
3.912 -5.25383
3.913 -2.97838
3.914 -3.01281
3.915 -2.93401
3.916 -3.51108
3.917 -2.83616
3.918 -3.15344
3.919 -3.17183
3.92 -3.26106
3.921 -2.64979
3.922 -4.13782
3.923 -3.02954
3.924 -3.31084
3.925 -2.94113
3.926 -2.72553
3.927 -2.917
3.928 -2.72679
3.929 -4.10619
3.93 -3.18117
3.931 -2.99307
3.932 -3.19081
3.933 -4.36868
3.934 -3.16303
3.935 -4.21774
3.936 -2.64692
3.937 -3.46455
3.938 -3.45663
3.939 -2.78362
3.94 -2.76466
3.941 -2.84796
3.942 -2.94132
3.943 -2.97386
3.944 -3.97243
3.945 -2.84725
3.946 -2.97568
3.947 -3.16376
3.948 -2.69121
3.949 -2.63628
3.95 -3.00381
3.951 -3.20734
3.952 -3.14054
3.953 -2.88652
3.954 -2.68128
3.955 -3.82133
3.956 -2.9261
3.957 -2.74942
3.958 -2.53222
3.959 -3.98036
3.96 -4.09262
3.961 -3.53177
3.962 -3.1174
3.963 -2.65795
3.964 -3.47991
3.965 -2.93652
3.966 -2.9087
3.967 -3.24383
3.968 -3.42048
3.969 -3.68073
3.97 -3.94372
3.971 -2.83998
3.972 -2.93424
3.973 -2.8191
3.974 -4.07084
3.975 -2.86215
3.976 -2.92935
3.977 -2.96696
3.978 -2.78967
3.979 -3.54513
3.98 -2.87245
3.981 -3.72817
3.982 -2.56641
3.983 -3.21293
3.984 -2.55274
3.985 -3.13263
3.986 -2.73063
3.987 -2.79863
3.988 -3.0944
3.989 -2.94327
3.99 -3.97197
3.991 -2.40195
3.992 -3.24152
3.993 -2.982
3.994 -4.56033
3.995 -3.2622
3.997 -4.61618
3.998 -4.40606
3.999 -3.45067
4 -3.22309
4.001 -2.70194
4.002 -4.2879
4.003 -3.38601
4.004 -3.14119
4.005 -3.50734
4.006 -4.3788
4.007 -2.77357
4.008 -3.81022
4.009 -4.07928
4.01 -3.23184
4.011 -2.53261
4.012 -2.7308
4.013 -4.92562
4.014 -2.75792
4.015 -2.75604
4.016 -3.23812
4.017 -3.25684
4.018 -3.47071
4.019 -2.81923
4.02 -2.70793
4.021 -2.77665
4.022 -3.23165
4.023 -4.45286
4.024 -2.96947
4.025 -3.06456
4.027 -2.59289
4.028 -3.17189
4.029 -4.22169
4.03 -2.66406
4.031 -4.62514
4.033 -5.18036
4.034 -2.51258
4.035 -3.01842
4.036 -2.7536
4.037 -3.16974
4.038 -3.82914
4.039 -2.93049
4.04 -3.32803
4.041 -3.24234
4.042 -2.89719
4.043 -5.14265
4.044 -2.81031
4.045 -4.22879
4.046 -2.81633
4.047 -3.26129
4.048 -3.37603
4.049 -3.2415
4.05 -2.69829
4.052 -5.21786
4.054 -4.72106
4.055 -3.17047
4.056 -4.78409
4.057 -3.08916
4.058 -2.72414
4.059 -4.03197
4.061 -2.85884
4.062 -4.92565
4.063 -2.75674
4.064 -2.96498
4.065 -3.26129
4.066 -3.239
4.067 -3.21892
4.068 -2.98632
4.069 -4.15324
4.07 -4.60421
4.071 -2.61393
4.072 -2.90576
4.073 -4.5544
4.074 -4.48644
4.075 -2.92814
4.076 -2.83087
4.077 -3.23308
4.079 -2.64692
4.08 -3.2859
4.081 -2.95107
4.082 -3.57894
4.083 -4.65116
4.084 -4.21465
4.085 -3.21071
4.086 -3.23831
4.087 -3.50137
4.088 -3.24424
4.089 -2.964
4.09 -4.48602
4.091 -3.27813
4.093 -4.92752
4.094 -3.25146
4.095 -4.7782
4.096 -3.0766
4.098 -3.25509
4.099 -2.57149
4.101 -5.30035
4.102 -3.23954
4.103 -3.24613
4.105 -3.1492
4.106 -2.92858
4.107 -3.2167
4.108 -5.21044
4.109 -2.95202
4.11 -3.41245
4.111 -2.56253
4.112 -3.08954
4.113 -2.94007
4.115 -2.68544
4.116 -4.28314
4.117 -2.90879
4.118 -4.67899
4.119 -4.74315
4.122 -2.93242
4.124 -2.87905
4.125 -3.24226
4.128 -5.16629
4.129 -3.29253
4.13 -3.12
4.131 -2.86989
4.132 -2.80803
4.134 -3.23509
4.135 -3.08283
4.136 -3.21233
4.137 -3.12804
4.139 -2.9295
4.14 -3.47694
4.141 -2.82774
4.142 -3.44876
4.144 -2.53255
4.146 -3.11754
4.147 -3.42457
4.148 -2.71934
4.149 -4.92679
4.15 -2.67617
4.151 -2.63735
4.152 -3.39571
4.153 -3.23882
4.154 -3.24353
4.155 -3.40615
4.157 -3.23959
4.158 -2.58893
4.159 -3.60007
4.16 -3.23644
4.161 -2.80869
4.162 -3.24911
4.163 -2.93376
4.164 -3.24356
4.167 -2.90835
4.168 -2.77593
4.169 -3.93201
4.171 -2.95055
4.172 -4.87176
4.173 -4.92619
4.174 -2.82142
4.175 -2.6621
4.176 -2.74959
4.177 -3.26231
4.178 -4.30711
4.179 -3.73688
4.181 -3.27643
4.182 -3.27255
4.183 -4.92863
4.184 -2.69003
4.185 -2.78374
4.186 -3.20338
4.187 -2.93553
4.188 -3.24592
4.189 -2.94528
4.191 -4.92701
4.192 -2.69521
4.193 -4.92625
4.194 -3.24682
4.195 -3.25572
4.196 -2.93765
4.197 -5.19388
4.198 -2.76479
4.199 -3.21323
4.2 -2.69554
4.201 -2.93787
4.202 -4.20203
4.205 -3.23617
4.206 -4.92635
4.207 -2.77483
4.208 -2.64662
4.21 -3.27294
4.211 -3.59364
4.212 -5.17791
4.213 -3.25615
4.214 -5.17644
4.215 -3.11837
4.216 -2.93806
4.217 -2.92511
4.218 -3.09417
4.219 -4.92899
4.22 -2.92727
4.221 -3.24
4.222 -2.80193
4.224 -3.17001
4.225 -3.12442
4.226 -2.68364
4.227 -2.52809
4.229 -3.62195
4.23 -2.93838
4.231 -4.99653
4.232 -2.86493
4.233 -4.62815
4.235 -2.77465
4.236 -2.84908
4.237 -3.54994
4.238 -3.33836
4.239 -2.64709
4.24 -2.50236
4.243 -3.26383
4.245 -4.92931
4.248 -4.92942
4.249 -3.22604
4.25 -3.2732
4.251 -2.71584
4.252 -4.77469
4.254 -3.38181
4.255 -4.86886
4.256 -5.17013
4.257 -3.36265
4.258 -2.93799
4.259 -2.97266
4.26 -2.69427
4.261 -3.24443
4.262 -2.97175
4.263 -2.94165
4.264 -2.97525
4.265 -3.42742
4.266 -2.93779
4.267 -4.97873
4.268 -2.87642
4.27 -4.58699
4.271 -4.73261
4.272 -3.18587
4.273 -3.24451
4.274 -3.05398
4.275 -3.28144
4.276 -3.04497
4.277 -3.36511
4.278 -3.2286
4.279 -2.80311
4.28 -3.3089
4.281 -3.02945
4.282 -2.95048
4.284 -2.6945
4.285 -2.94564
4.287 -3.20941
4.288 -3.23686
4.289 -2.94042
4.29 -2.51044
4.291 -2.92762
4.292 -3.28978
4.293 -3.2461
4.294 -3.27779
4.295 -2.96038
4.296 -3.21368
4.297 -2.76493
4.298 -3.24359
4.299 -5.1606
4.3 -5.16391
4.301 -4.53818
4.302 -3.26097
4.304 -4.93062
4.305 -5.15873
4.306 -2.56592
4.307 -4.47719
4.308 -3.30717
4.309 -3.08891
4.31 -4.62234
4.311 -2.62029
4.312 -3.34825
4.313 -5.15779
4.314 -5.16486
4.316 -3.43536
4.317 -3.24545
4.32 -2.74116
4.321 -5.15546
4.322 -2.66421
4.324 -2.84375
4.325 -3.28801
4.326 -2.76435
4.327 -2.94716
4.328 -2.7684
4.329 -3.2461
4.33 -5.11744
4.331 -3.2286
4.332 -5.16297
4.333 -3.2334
4.334 -3.24423
4.335 -2.66662
4.337 -4.84671
4.339 -2.92246
4.34 -2.94113
4.341 -3.27516
4.342 -2.92559
4.344 -3.17311
4.345 -2.46571
4.346 -2.70605
4.347 -2.94014
4.348 -3.25104
4.35 -3.2751
4.351 -2.76478
4.352 -3.24029
4.354 -3.26569
4.355 -3.23537
4.356 -3.6151
4.357 -3.22656
4.358 -3.78846
4.359 -3.01973
4.36 -2.95747
4.361 -2.92193
4.362 -3.4779
4.363 -2.93418
4.364 -3.23637
4.365 -5.12508
4.366 -3.21958
4.367 -4.6943
4.368 -4.0939
4.369 -3.15936
4.371 -2.9408
4.372 -2.94218
4.373 -3.28019
4.374 -2.63909
4.375 -3.21941
4.376 -4.72494
4.377 -2.93445
4.378 -3.24361
4.379 -2.94009
4.381 -2.79507
4.382 -2.94007
4.383 -3.24211
4.384 -4.45662
4.385 -2.78543
4.387 -2.6383
4.388 -3.24658
4.39 -3.2392
4.391 -3.13158
4.392 -4.74728
4.394 -4.82415
4.396 -3.23843
4.397 -3.23442
4.398 -3.77984
4.399 -3.24751
4.4 -3.28735
4.401 -2.77374
4.403 -3.27194
4.404 -4.48373
4.405 -5.13332
4.406 -3.80483
4.407 -3.22272
4.41 -3.45491
4.412 -2.79183
4.414 -4.93012
4.418 -3.22489
4.419 -2.77861
4.421 -5.1422
4.423 -2.76147
4.424 -4.19155
4.425 -5.08817
4.426 -4.93271
4.428 -4.98729
4.429 -2.9421
4.43 -3.21207
4.432 -2.92433
4.433 -3.24548
4.435 -5.14401
4.436 -2.96587
4.437 -3.25653
4.438 -4.60492
4.439 -2.68462
4.44 -3.2465
4.442 -3.25739
4.443 -3.21775
4.445 -3.23849
4.446 -5.13729
4.447 -2.72788
4.448 -2.87671
4.449 -4.93256
4.45 -3.27732
4.451 -2.76725
4.452 -3.54394
4.453 -2.63396
4.454 -5.10267
4.455 -2.94106
4.456 -3.22481
4.457 -2.93206
4.458 -3.2347
4.459 -4.69783
4.46 -2.96589
4.462 -3.29125
4.463 -3.26618
4.464 -3.29862
4.465 -5.1307
4.466 -3.24561
4.467 -2.92894
4.469 -5.09592
4.47 -3.91553
4.471 -4.72034
4.472 -4.93036
4.474 -2.66393
4.475 -2.93747
4.476 -5.12551
4.477 -4.73329
4.478 -3.29694
4.479 -2.80215
4.48 -2.9284
4.481 -3.22757
4.482 -3.02917
4.484 -5.13201
4.485 -4.8152
4.486 -3.21374
4.487 -4.63908
4.488 -4.45651
4.49 -4.92868
4.491 -3.21327
4.493 -3.50714
4.497 -3.14627
4.498 -3.24257
4.5 -3.245
4.501 -5.11369
4.502 -5.08361
4.503 -2.65063
4.504 -4.85432
4.505 -4.93094
4.506 -5.12294
4.507 -3.21462
4.508 -2.94004
4.509 -4.81287
4.51 -5.12251
4.511 -4.93107
4.512 -2.92747
4.515 -3.28594
4.516 -4.92571
4.517 -2.83277
4.518 -2.94658
4.519 -4.59402
4.52 -2.76375
4.522 -2.94462
4.523 -4.93234
4.524 -2.61988
4.526 -5.07581
4.527 -4.93049
4.528 -5.10347
4.529 -3.2228
4.53 -3.20859
4.531 -3.63234
4.534 -3.28005
4.535 -3.28104
4.536 -2.93613
4.538 -3.22121
4.539 -3.22373
4.54 -4.93055
4.542 -4.93599
4.544 -4.93088
4.545 -2.93595
4.546 -4.70367
4.547 -4.63273
4.548 -2.95448
4.55 -3.21969
4.551 -3.22502
4.552 -3.25064
4.553 -2.93962
4.555 -4.72421
4.556 -4.71385
4.557 -2.94178
4.558 -3.23488
4.559 -5.10107
4.56 -3.23488
4.561 -2.93904
4.562 -5.1166
4.564 -3.23373
4.565 -2.94681
4.566 -3.06792
4.567 -4.70903
4.57 -3.72916
4.572 -3.8135
4.573 -2.93592
4.574 -4.93212
4.576 -3.23573
4.577 -5.08173
4.578 -4.70949
4.579 -3.23611
4.581 -3.15524
4.583 -5.11828
4.584 -2.96194
4.585 -4.50392
4.586 -3.14068
4.589 -3.23787
4.59 -5.10428
4.591 -3.25159
4.592 -4.93801
4.593 -3.3484
4.594 -4.55411
4.595 -3.23627
4.596 -2.92749
4.597 -2.64351
4.598 -4.93811
4.599 -2.75401
4.6 -5.10227
4.602 -3.21732
4.603 -3.24117
4.604 -4.58318
4.605 -2.93588
4.606 -5.09202
4.607 -3.26739
4.608 -3.33169
4.609 -4.28573
4.61 -2.97091
4.611 -2.92499
4.612 -3.24518
4.613 -4.95029
4.614 -4.54331
4.615 -3.27188
4.616 -4.69688
4.619 -4.63463
4.62 -3.20613
4.621 -4.36257
4.622 -5.06398
4.623 -3.55209
4.624 -4.77415
4.625 -3.59833
4.627 -2.93753
4.629 -4.29652
4.63 -3.98015
4.631 -3.23734
4.632 -4.93302
4.633 -3.24023
4.635 -3.56532
4.636 -4.63746
4.637 -2.94542
4.639 -5.06189
4.64 -4.39328
4.641 -5.06539
4.643 -5.08893
4.644 -4.94
4.645 -2.95274
4.647 -4.5714
4.648 -4.00419
4.649 -4.43003
4.65 -4.4048
4.651 -4.55619
4.653 -5.08098
4.654 -4.48854
4.655 -5.12209
4.657 -4.40794
4.658 -4.93448
4.659 -4.94077
4.66 -5.05639
4.661 -4.37323
4.662 -4.70237
4.663 -3.41779
4.664 -3.83327
4.666 -4.92948
4.667 -4.10724
4.669 -3.58105
4.67 -4.79007
4.671 -3.99531
4.672 -5.05605
4.673 -5.06119
4.674 -5.12896
4.675 -4.63622
4.679 -3.21863
4.681 -2.97789
4.682 -4.93553
4.683 -3.07896
4.684 -3.23997
4.685 -4.65989
4.686 -4.94344
4.687 -5.07398
4.689 -4.56818
4.69 -4.93581
4.691 -4.62957
4.692 -5.07728
4.693 -4.54648
4.694 -5.05201
4.695 -4.94296
4.696 -5.05402
4.697 -4.64058
4.699 -4.77186
4.701 -4.77333
4.703 -5.05571
4.704 -5.07001
4.705 -2.9601
4.707 -4.73598
4.708 -4.77533
4.709 -4.93562
4.71 -4.22926
4.711 -4.54006
4.712 -4.9339
4.713 -4.55016
4.714 -3.66632
4.715 -4.41855
4.716 -4.69864
4.717 -4.93655
4.718 -4.64017
4.721 -3.6007
4.723 -4.68394
4.726 -4.54094
4.728 -4.72911
4.729 -5.05707
4.73 -4.694
4.732 -5.08248
4.733 -3.27215
4.734 -5.0874
4.735 -5.03842
4.736 -4.76542
4.738 -4.57208
4.739 -4.6616
4.741 -4.49757
4.742 -5.0487
4.743 -4.57796
4.744 -5.06223
4.745 -4.76121
4.746 -4.36905
4.747 -4.66898
4.748 -5.04254
4.749 -5.03133
4.75 -4.94237
4.752 -4.41947
4.753 -4.50581
4.754 -5.05912
4.755 -4.09038
4.757 -5.06085
4.758 -5.05436
4.759 -3.19673
4.761 -4.93781
4.762 -4.64001
4.763 -4.94861
4.765 -3.79656
4.767 -3.32786
4.768 -4.69487
4.771 -4.70224
4.772 -4.71665
4.773 -4.75049
4.774 -5.00962
4.775 -4.75724
4.776 -4.37611
4.778 -5.05503
4.779 -5.03163
4.78 -4.64256
4.781 -3.42294
4.783 -4.69306
4.785 -4.7485
4.789 -3.20749
4.79 -4.94607
4.791 -4.69966
4.792 -3.74369
4.794 -4.12294
4.795 -4.76792
4.797 -4.73028
4.798 -4.6971
4.799 -5.04739
4.8 -4.69331
4.801 -3.33749
4.802 -4.65042
4.803 -4.94066
4.804 -5.04772
4.805 -4.74734
4.806 -4.53491
4.807 -5.02477
4.81 -4.55434
4.811 -4.69631
4.814 -4.4987
4.815 -4.96322
4.817 -4.50247
4.818 -4.73358
4.819 -4.93832
4.82 -5.03561
4.823 -4.40198
4.824 -5.04447
4.826 -4.40084
4.827 -3.20802
4.828 -4.35523
4.829 -5.00749
4.83 -4.64244
4.831 -4.4907
4.832 -4.93617
4.833 -4.94368
4.834 -5.01178
4.836 -5.03377
4.837 -4.52917
4.838 -5.0028
4.839 -4.6683
4.84 -4.46696
4.841 -5.01647
4.842 -4.67808
4.843 -4.5154
4.844 -4.67367
4.845 -5.00127
4.846 -4.68392
4.847 -4.54658
4.848 -4.3906
4.849 -4.48775
4.85 -4.95569
4.851 -4.70519
4.852 -4.68529
4.853 -5.03623
4.855 -3.65442
4.856 -4.69078
4.857 -4.66181
4.858 -4.67647
4.859 -4.20011
4.86 -5.01425
4.861 -4.36736
4.862 -5.02982
4.863 -5.00936
4.864 -5.02713
4.865 -4.27635
4.866 -4.51913
4.867 -4.66237
4.868 -4.95713
4.869 -4.54516
4.87 -4.69853
4.871 -3.61371
4.872 -4.5197
4.873 -4.94454
4.874 -4.7105
4.875 -4.3804
4.876 -4.38376
4.877 -4.41342
4.878 -4.29316
4.879 -4.72684
4.88 -4.71085
4.881 -4.35459
4.882 -4.51434
4.885 -4.29362
4.886 -3.71261
4.887 -4.49774
4.888 -3.40447
4.889 -4.95086
4.89 -4.37638
4.891 -4.36118
4.892 -4.20049
4.893 -4.96199
4.894 -4.65313
4.895 -3.27907
4.898 -4.68351
4.899 -4.49769
4.9 -4.37166
4.903 -4.6686
4.904 -4.3868
4.905 -4.6617
4.906 -4.95522
4.907 -4.51264
4.908 -4.53284
4.909 -4.50168
4.91 -4.26969
4.911 -4.66513
4.912 -4.36374
4.913 -4.49688
4.914 -4.51205
4.915 -4.51102
4.916 -4.51447
4.917 -4.9613
4.918 -4.53046
4.919 -4.97894
4.92 -4.49054
4.921 -4.49993
4.922 -4.20079
4.923 -4.99604
4.924 -4.2023
4.925 -4.52664
4.926 -3.21779
4.927 -4.69142
4.928 -4.96482
4.929 -5.02743
4.93 -4.38281
4.931 -4.38264
4.932 -4.69421
4.933 -4.97358
4.934 -4.20931
4.935 -4.52266
4.936 -4.49803
4.937 -4.29174
4.938 -4.07544
4.939 -4.13858
4.94 -4.03353
4.941 -4.2837
4.942 -4.02249
4.943 -4.27465
4.944 -3.83944
4.945 -4.27957
4.946 -4.04102
4.947 -4.37963
4.948 -4.28392
4.949 -4.38197
4.951 -5.00882
4.963 -4.96357
4.965 -4.98151
4.968 -4.98436
4.97 -4.98729
4.971 -4.55456
4.972 -4.9591
4.973 -4.99124
4.975 -4.97831
4.977 -5.01703
4.98 -5.03042
4.995 -5.01206
5.003 -4.96665
5.005 -4.94916
5.011 -4.98282
5.015 -4.98867
5.026 -3.85902
5.03 -4.95383
5.034 -3.0053
5.043 -4.9546
5.054 -4.98
5.055 -4.95
5.057 -5.00229
5.06 -5.03531
5.086 -4.96573
5.096 -3.25418
5.099 -4.99053
5.107 -4.94044
5.113 -3.22276
5.128 -4.93852
5.13 -3.434
5.136 -4.98821
5.142 -4.99218
5.154 -4.98752
5.178 -4.96095
5.182 -4.95538
5.193 -5.00565
5.198 -4.70942
5.226 -4.95277
5.239 -3.40587
5.28 -4.97419
5.439 -4.9586
5.669 -4.79023
5.694 -5.03285
5.813 -3.20535
5.981 -4.96147
6.055 -5.00989
6.317 -4.86054
6.594 -3.516
8.292 -3.42384
29.42 -4.04835
47.507 -3.42384
1353.66 -3.29512
 
 
