0.003 -1.55158
0.004 -1.14664
0.005 -0.92571
0.006 -0.79865
0.007 -0.655127
0.008 -0.574419
0.009 -0.449054
0.01 -0.347783
0.011 -0.245731
0.012 -0.127384
0.013 0.00353969
0.014 0.105602
0.015 0.189877
0.016 0.266596
0.017 0.354094
0.018 0.414197
0.019 0.487664
0.02 0.525685
0.021 0.563681
0.022 0.572691
0.023 0.591039
0.024 0.627504
0.025 0.633617
0.026 0.638291
0.027 0.644028
0.028 0.658654
0.029 0.657902
0.03 0.661434
0.031 0.679795
0.032 0.680493
0.033 0.671355
0.034 0.661321
0.035 0.651417
0.036 0.650683
0.037 0.645361
0.038 0.635448
0.039 0.63884
0.04 0.639867
0.041 0.65447
0.042 0.647488
0.043 0.646285
0.044 0.639715
0.045 0.637421
0.046 0.629644
0.047 0.627532
0.048 0.624676
0.049 0.622905
0.05 0.623983
0.051 0.616869
0.052 0.616013
0.053 0.618405
0.054 0.603552
0.055 0.614752
0.056 0.606714
0.057 0.600563
0.058 0.599093
0.059 0.60044
0.06 0.590496
0.061 0.593668
0.062 0.570953
0.063 0.571296
0.064 0.56238
0.065 0.561042
0.066 0.553795
0.067 0.544943
0.068 0.544794
0.069 0.534425
0.07 0.545264
0.071 0.529801
0.072 0.532094
0.073 0.5161
0.074 0.502429
0.075 0.493131
0.076 0.490185
0.077 0.481333
0.078 0.484884
0.079 0.487868
0.08 0.482898
0.081 0.492235
0.082 0.475935
0.083 0.484181
0.084 0.47913
0.085 0.476499
0.086 0.47692
0.087 0.459643
0.088 0.45711
0.089 0.456095
0.09 0.454228
0.091 0.444246
0.092 0.433729
0.093 0.445896
0.094 0.432606
0.095 0.425051
0.096 0.420016
0.097 0.428572
0.098 0.430877
0.099 0.421807
0.1 0.405542
0.101 0.407653
0.102 0.414629
0.103 0.388014
0.104 0.390543
0.105 0.379143
0.106 0.379373
0.107 0.391896
0.108 0.38388
0.109 0.379587
0.11 0.382726
0.111 0.381835
0.112 0.366068
0.113 0.355161
0.114 0.358945
0.115 0.340608
0.116 0.343938
0.117 0.333576
0.118 0.336626
0.119 0.314645
0.12 0.308045
0.121 0.298034
0.122 0.30947
0.123 0.295455
0.124 0.292762
0.125 0.286666
0.126 0.279166
0.127 0.280055
0.128 0.273595
0.129 0.271467
0.13 0.261916
0.131 0.272347
0.132 0.278784
0.133 0.28145
0.134 0.282966
0.135 0.290698
0.136 0.324004
0.137 0.330501
0.138 0.339932
0.139 0.327647
0.14 0.323324
0.141 0.324225
0.142 0.337622
0.143 0.316743
0.144 0.320491
0.145 0.317249
0.146 0.309587
0.147 0.305689
0.148 0.317196
0.149 0.299825
0.15 0.301186
0.151 0.289481
0.152 0.284677
0.153 0.254341
0.154 0.248378
0.155 0.248778
0.156 0.23242
0.157 0.227685
0.158 0.228423
0.159 0.218918
0.16 0.208274
0.161 0.206399
0.162 0.178373
0.163 0.177323
0.164 0.182636
0.165 0.184376
0.166 0.176102
0.167 0.164429
0.168 0.168792
0.169 0.1644
0.17 0.164283
0.171 0.16972
0.172 0.167355
0.173 0.166459
0.174 0.151555
0.175 0.149128
0.176 0.158461
0.177 0.161601
0.178 0.167879
0.179 0.171212
0.18 0.159366
0.181 0.145526
0.182 0.159348
0.183 0.160947
0.184 0.159402
0.185 0.14625
0.186 0.146645
0.187 0.147434
0.188 0.136775
0.189 0.126603
0.19 0.12453
0.191 0.1502
0.192 0.138936
0.193 0.126715
0.194 0.14268
0.195 0.134562
0.196 0.142237
0.197 0.123867
0.198 0.133583
0.199 0.120576
0.2 0.121628
0.201 0.120457
0.202 0.120098
0.203 0.115792
0.204 0.114246
0.205 0.100224
0.206 0.100279
0.207 0.0861482
0.208 0.0753942
0.209 0.0685963
0.21 0.0750942
0.211 0.067423
0.212 0.056835
0.213 0.0600397
0.214 0.0537855
0.215 0.0578841
0.216 0.0612364
0.217 0.0598015
0.218 0.0348498
0.219 0.0308137
0.22 0.0403604
0.221 0.0406076
0.222 0.0283932
0.223 0.0271859
0.224 0.0231601
0.225 0.0202999
0.226 0.0285759
0.227 0.0334109
0.228 0.00122384
0.229 0.0141081
0.23 -0.00363414
0.231 0.0203853
0.232 -0.00502392
0.233 0.0164973
0.234 0.00567122
0.235 -0.0235114
0.236 0.00932402
0.237 -0.022089
0.238 -0.0210479
0.239 -0.0103662
0.24 -0.0262106
0.241 -0.030858
0.242 -0.0397769
0.243 -0.0411151
0.244 -0.0600493
0.245 -0.037128
0.246 -0.050627
0.247 -0.024456
0.248 -0.0251255
0.249 -0.0171978
0.25 -0.0333049
0.251 -0.00825066
0.252 0.000982014
0.253 -0.00475271
0.254 -0.00303042
0.255 -0.00375684
0.256 0.00934102
0.257 0.0021108
0.258 -0.0208076
0.259 -0.0205784
0.26 -0.00393744
0.261 -0.0340501
0.262 -0.029135
0.263 -0.02519
0.264 -0.0417185
0.265 -0.0437128
0.266 -0.0494949
0.267 -0.0370959
0.268 -0.0512502
0.269 -0.0389851
0.27 -0.0547828
0.271 -0.0704974
0.272 -0.0667353
0.273 -0.0711546
0.274 -0.0671342
0.275 -0.093612
0.276 -0.0837575
0.277 -0.0901059
0.278 -0.103543
0.279 -0.0998602
0.28 -0.0867861
0.281 -0.101959
0.282 -0.122727
0.283 -0.108941
0.284 -0.109917
0.285 -0.11856
0.286 -0.104849
0.287 -0.123367
0.288 -0.10722
0.289 -0.124417
0.29 -0.122266
0.291 -0.115178
0.292 -0.112497
0.293 -0.11993
0.294 -0.11543
0.295 -0.105928
0.296 -0.124704
0.297 -0.118758
0.298 -0.11599
0.299 -0.123609
0.3 -0.119343
0.301 -0.122094
0.302 -0.12819
0.303 -0.102666
0.304 -0.120457
0.305 -0.13409
0.306 -0.137999
0.307 -0.132853
0.308 -0.143148
0.309 -0.151658
0.31 -0.155685
0.311 -0.178175
0.312 -0.179046
0.313 -0.170776
0.314 -0.167914
0.315 -0.169508
0.316 -0.166056
0.317 -0.161756
0.318 -0.149801
0.319 -0.152957
0.32 -0.195683
0.321 -0.178733
0.322 -0.199402
0.323 -0.187947
0.324 -0.177815
0.325 -0.170972
0.326 -0.203695
0.327 -0.197566
0.328 -0.209229
0.329 -0.19029
0.33 -0.236564
0.331 -0.225692
0.332 -0.187184
0.333 -0.205912
0.334 -0.208339
0.335 -0.205936
0.336 -0.220131
0.337 -0.216231
0.338 -0.200261
0.339 -0.220311
0.34 -0.23762
0.341 -0.224778
0.342 -0.233765
0.343 -0.219351
0.344 -0.239946
0.345 -0.238542
0.346 -0.22875
0.347 -0.251532
0.348 -0.24246
0.349 -0.251182
0.35 -0.259636
0.351 -0.246582
0.352 -0.274333
0.353 -0.251996
0.354 -0.285331
0.355 -0.259543
0.356 -0.298564
0.357 -0.274278
0.358 -0.315753
0.359 -0.275981
0.36 -0.308139
0.361 -0.288476
0.362 -0.293976
0.363 -0.288142
0.364 -0.296104
0.365 -0.314445
0.366 -0.310434
0.367 -0.303625
0.368 -0.287697
0.369 -0.309468
0.37 -0.312422
0.371 -0.310511
0.372 -0.330706
0.373 -0.296651
0.374 -0.330148
0.375 -0.351585
0.376 -0.335739
0.377 -0.360221
0.378 -0.355778
0.379 -0.346003
0.38 -0.34634
0.381 -0.345041
0.382 -0.352573
0.383 -0.360037
0.384 -0.350876
0.385 -0.402418
0.386 -0.371004
0.387 -0.361528
0.388 -0.378266
0.389 -0.390797
0.39 -0.365234
0.391 -0.387388
0.392 -0.394967
0.393 -0.395852
0.394 -0.380966
0.395 -0.365103
0.396 -0.391997
0.397 -0.402843
0.398 -0.37567
0.399 -0.398384
0.4 -0.424992
0.401 -0.420368
0.402 -0.425449
0.403 -0.407904
0.404 -0.419863
0.405 -0.406857
0.406 -0.421318
0.407 -0.442322
0.408 -0.450902
0.409 -0.431064
0.41 -0.444519
0.411 -0.444576
0.412 -0.451912
0.413 -0.463943
0.414 -0.459096
0.415 -0.497677
0.416 -0.474615
0.417 -0.46669
0.418 -0.47545
0.419 -0.47981
0.42 -0.475941
0.421 -0.474864
0.422 -0.475262
0.423 -0.476774
0.424 -0.476968
0.425 -0.478652
0.426 -0.491928
0.427 -0.455345
0.428 -0.465503
0.429 -0.449795
0.43 -0.439925
0.431 -0.480207
0.432 -0.462534
0.433 -0.447349
0.434 -0.479607
0.435 -0.476795
0.436 -0.437748
0.437 -0.46542
0.438 -0.464796
0.439 -0.465413
0.44 -0.445853
0.441 -0.469866
0.442 -0.460147
0.443 -0.483906
0.444 -0.493198
0.445 -0.492173
0.446 -0.474321
0.447 -0.481905
0.448 -0.500557
0.449 -0.501003
0.45 -0.501372
0.451 -0.504029
0.452 -0.509852
0.453 -0.511319
0.454 -0.521549
0.455 -0.53379
0.456 -0.508427
0.457 -0.548559
0.458 -0.550315
0.459 -0.515464
0.46 -0.551548
0.461 -0.538924
0.462 -0.543025
0.463 -0.552024
0.464 -0.536705
0.465 -0.539449
0.466 -0.521659
0.467 -0.541414
0.468 -0.546899
0.469 -0.540312
0.47 -0.564279
0.471 -0.541593
0.472 -0.552302
0.473 -0.562417
0.474 -0.530163
0.475 -0.543039
0.476 -0.571828
0.477 -0.559446
0.478 -0.569637
0.479 -0.564645
0.48 -0.567349
0.481 -0.570908
0.482 -0.553732
0.483 -0.601576
0.484 -0.547435
0.485 -0.600026
0.486 -0.587917
0.487 -0.625876
0.488 -0.630572
0.489 -0.6146
0.49 -0.621076
0.491 -0.627595
0.492 -0.635978
0.493 -0.623386
0.494 -0.627552
0.495 -0.632036
0.496 -0.656288
0.497 -0.664091
0.498 -0.638723
0.499 -0.646888
0.5 -0.669792
0.501 -0.647787
0.502 -0.678835
0.503 -0.64663
0.504 -0.658346
0.505 -0.648801
0.506 -0.707102
0.507 -0.713346
0.508 -0.693904
0.509 -0.678078
0.51 -0.683095
0.511 -0.701009
0.512 -0.679126
0.513 -0.710651
0.514 -0.705988
0.515 -0.707961
0.516 -0.714044
0.517 -0.696853
0.518 -0.719693
0.519 -0.736514
0.52 -0.716286
0.521 -0.700589
0.522 -0.704034
0.523 -0.716184
0.524 -0.722849
0.525 -0.737124
0.526 -0.733143
0.527 -0.704983
0.528 -0.697454
0.529 -0.716877
0.53 -0.739535
0.531 -0.719321
0.532 -0.74737
0.533 -0.764303
0.534 -0.759711
0.535 -0.726595
0.536 -0.739846
0.537 -0.728705
0.538 -0.758514
0.539 -0.745526
0.54 -0.791063
0.541 -0.772574
0.542 -0.774205
0.543 -0.774613
0.544 -0.768081
0.545 -0.782223
0.546 -0.774389
0.547 -0.805636
0.548 -0.812796
0.549 -0.821816
0.55 -0.808661
0.551 -0.822342
0.552 -0.828407
0.553 -0.873444
0.554 -0.807932
0.555 -0.828185
0.556 -0.840599
0.557 -0.837955
0.558 -0.829035
0.559 -0.816399
0.56 -0.819648
0.561 -0.840897
0.562 -0.839378
0.563 -0.840502
0.564 -0.834631
0.565 -0.850383
0.566 -0.830025
0.567 -0.814481
0.568 -0.840735
0.569 -0.813215
0.57 -0.849073
0.571 -0.815217
0.572 -0.812166
0.573 -0.854316
0.574 -0.823874
0.575 -0.785286
0.576 -0.835124
0.577 -0.813912
0.578 -0.838007
0.579 -0.822024
0.58 -0.842211
0.581 -0.838842
0.582 -0.823339
0.583 -0.842915
0.584 -0.855105
0.585 -0.850242
0.586 -0.859215
0.587 -0.839289
0.588 -0.860469
0.589 -0.837408
0.59 -0.838408
0.591 -0.848913
0.592 -0.823625
0.593 -0.868265
0.594 -0.855994
0.595 -0.8502
0.596 -0.878937
0.597 -0.862691
0.598 -0.854714
0.599 -0.852248
0.6 -0.833004
0.601 -0.885424
0.602 -0.81342
0.603 -0.842875
0.604 -0.849137
0.605 -0.863518
0.606 -0.839815
0.607 -0.864127
0.608 -0.838985
0.609 -0.857005
0.61 -0.833938
0.611 -0.863369
0.612 -0.877117
0.613 -0.855
0.614 -0.858844
0.615 -0.841844
0.616 -0.877486
0.617 -0.891503
0.618 -0.885863
0.619 -0.875951
0.62 -0.880395
0.621 -0.879389
0.622 -0.837788
0.623 -0.914213
0.624 -0.863385
0.625 -0.884795
0.626 -0.91092
0.627 -0.894917
0.628 -0.911279
0.629 -0.888837
0.63 -0.922725
0.631 -0.933704
0.632 -0.910443
0.633 -0.918836
0.634 -0.953626
0.635 -0.941249
0.636 -0.964152
0.637 -0.957667
0.638 -0.919437
0.639 -0.955554
0.64 -0.925824
0.641 -1.01102
0.642 -0.961741
0.643 -0.95578
0.644 -0.968753
0.645 -1.01324
0.646 -1.02665
0.647 -0.978705
0.648 -1.02636
0.649 -0.976383
0.65 -1.0297
0.651 -1.01317
0.652 -1.03186
0.653 -1.03773
0.654 -1.05068
0.655 -1.00658
0.656 -1.04329
0.657 -1.00896
0.658 -1.0339
0.659 -1.00349
0.66 -0.993207
0.661 -1.04973
0.662 -1.0738
0.663 -1.05236
0.664 -1.0918
0.665 -1.07871
0.666 -1.06066
0.667 -1.06592
0.668 -1.07117
0.669 -1.10667
0.67 -1.1047
0.671 -1.10472
0.672 -1.06602
0.673 -1.13361
0.674 -1.03406
0.675 -1.08285
0.676 -1.01403
0.677 -1.0909
0.678 -1.12671
0.679 -1.13963
0.68 -1.04893
0.681 -1.10906
0.682 -1.11396
0.683 -1.11508
0.684 -1.06971
0.685 -1.09385
0.686 -1.1539
0.687 -1.13502
0.688 -1.10974
0.689 -1.04827
0.69 -1.12948
0.691 -1.15067
0.692 -1.13411
0.693 -1.11892
0.694 -1.11409
0.695 -1.19638
0.696 -1.10572
0.697 -1.13118
0.698 -1.17333
0.699 -1.18846
0.7 -1.16793
0.701 -1.16447
0.702 -1.18477
0.703 -1.19916
0.704 -1.25207
0.705 -1.17702
0.706 -1.19678
0.707 -1.22449
0.708 -1.24372
0.709 -1.18649
0.71 -1.24295
0.711 -1.22544
0.712 -1.25154
0.713 -1.23669
0.714 -1.25386
0.715 -1.21682
0.716 -1.22452
0.717 -1.26676
0.718 -1.23523
0.719 -1.31359
0.72 -1.25184
0.721 -1.26198
0.722 -1.32081
0.723 -1.33623
0.724 -1.28699
0.725 -1.29732
0.726 -1.21303
0.727 -1.27055
0.728 -1.3161
0.729 -1.21555
0.73 -1.37031
0.731 -1.30864
0.732 -1.23053
0.733 -1.2864
0.734 -1.34634
0.735 -1.31135
0.736 -1.37369
0.737 -1.32914
0.738 -1.32504
0.739 -1.40531
0.74 -1.34219
0.741 -1.37707
0.742 -1.31266
0.743 -1.37644
0.744 -1.29622
0.745 -1.38736
0.746 -1.36598
0.747 -1.36057
0.748 -1.36401
0.749 -1.42035
0.75 -1.28565
0.751 -1.32731
0.752 -1.31084
0.753 -1.40333
0.754 -1.353
0.755 -1.41776
0.756 -1.31147
0.757 -1.26955
0.758 -1.34603
0.759 -1.27223
0.76 -1.34171
0.761 -1.3332
0.762 -1.32295
0.763 -1.40072
0.764 -1.37221
0.765 -1.40868
0.766 -1.49895
0.767 -1.36813
0.768 -1.41334
0.769 -1.42505
0.77 -1.4287
0.771 -1.39413
0.772 -1.43387
0.773 -1.48188
0.774 -1.45158
0.775 -1.44562
0.776 -1.46446
0.777 -1.39193
0.778 -1.49995
0.779 -1.47458
0.78 -1.4701
0.781 -1.4776
0.782 -1.46251
0.783 -1.3835
0.784 -1.45466
0.785 -1.42104
0.786 -1.48888
0.787 -1.47033
0.788 -1.49639
0.789 -1.51627
0.79 -1.44932
0.791 -1.53058
0.792 -1.60736
0.793 -1.50593
0.794 -1.50935
0.795 -1.49765
0.796 -1.40664
0.797 -1.51176
0.798 -1.56318
0.799 -1.52847
0.8 -1.57262
0.801 -1.49739
0.802 -1.55721
0.803 -1.54948
0.804 -1.47928
0.805 -1.52965
0.806 -1.57991
0.807 -1.58662
0.808 -1.4564
0.809 -1.46451
0.81 -1.57798
0.811 -1.49935
0.812 -1.50995
0.813 -1.50124
0.814 -1.52771
0.815 -1.56259
0.816 -1.56442
0.817 -1.50134
0.818 -1.40985
0.819 -1.48716
0.82 -1.59302
0.821 -1.60266
0.822 -1.48272
0.823 -1.52739
0.824 -1.55513
0.825 -1.61395
0.826 -1.54989
0.827 -1.52697
0.828 -1.65739
0.829 -1.54476
0.83 -1.57045
0.831 -1.46293
0.832 -1.43916
0.833 -1.66667
0.834 -1.55285
0.835 -1.53503
0.836 -1.64417
0.837 -1.50525
0.838 -1.63846
0.839 -1.58108
0.84 -1.67734
0.841 -1.51863
0.842 -1.60002
0.843 -1.49037
0.844 -1.56688
0.845 -1.65102
0.846 -1.57821
0.847 -1.66379
0.848 -1.62039
0.849 -1.52487
0.85 -1.63444
0.851 -1.65037
0.852 -1.59146
0.853 -1.49914
0.854 -1.55244
0.855 -1.53832
0.856 -1.55823
0.857 -1.46542
0.858 -1.66149
0.859 -1.59012
0.86 -1.7083
0.861 -1.54453
0.862 -1.50523
0.863 -1.60163
0.864 -1.51646
0.865 -1.62595
0.866 -1.65248
0.867 -1.69794
0.868 -1.54708
0.869 -1.62157
0.87 -1.61526
0.871 -1.5841
0.872 -1.68567
0.873 -1.61715
0.874 -1.67142
0.875 -1.62519
0.876 -1.64076
0.877 -1.60956
0.878 -1.62443
0.879 -1.61876
0.88 -1.5692
0.881 -1.60295
0.882 -1.7323
0.883 -1.67998
0.884 -1.63069
0.885 -1.69638
0.886 -1.5985
0.887 -1.73603
0.888 -1.58104
0.889 -1.65041
0.89 -1.61533
0.891 -1.71691
0.892 -1.54079
0.893 -1.71593
0.894 -1.64158
0.895 -1.70591
0.896 -1.61862
0.897 -1.7264
0.898 -1.63505
0.899 -1.68076
0.9 -1.73748
0.901 -1.62182
0.902 -1.5911
0.903 -1.7047
0.904 -1.67476
0.905 -1.60672
0.906 -1.64081
0.907 -1.56145
0.908 -1.69979
0.909 -1.58476
0.91 -1.65002
0.911 -1.74976
0.912 -1.63433
0.913 -1.69893
0.914 -1.65348
0.915 -1.66666
0.916 -1.66146
0.917 -1.84568
0.918 -1.67882
0.919 -1.78586
0.92 -1.66851
0.921 -1.69462
0.922 -1.62613
0.923 -1.80781
0.924 -1.63106
0.925 -1.66801
0.926 -1.75596
0.927 -1.67693
0.928 -1.79602
0.929 -1.73453
0.93 -1.76433
0.931 -1.75034
0.932 -1.61356
0.933 -1.57896
0.934 -1.66392
0.935 -1.73639
0.936 -1.63407
0.937 -1.85405
0.938 -1.67001
0.939 -1.70778
0.94 -1.68776
0.941 -1.66513
0.942 -1.71048
0.943 -1.82879
0.944 -1.69985
0.945 -1.73686
0.946 -1.54238
0.947 -1.84219
0.948 -1.84099
0.949 -1.59447
0.95 -1.70919
0.951 -1.65915
0.952 -1.73732
0.953 -1.68272
0.954 -1.74341
0.955 -1.61816
0.956 -1.69465
0.957 -1.78213
0.958 -1.7577
0.959 -1.58695
0.96 -1.68881
0.961 -1.81105
0.962 -1.68188
0.963 -1.73156
0.964 -1.82246
0.965 -1.69562
0.966 -1.70274
0.967 -1.74252
0.968 -1.64427
0.969 -1.91233
0.97 -1.80443
0.971 -1.81061
0.972 -1.79291
0.973 -1.76856
0.974 -1.73683
0.975 -1.68276
0.976 -1.83048
0.977 -1.8382
0.978 -1.76609
0.979 -1.65283
0.98 -1.77224
0.981 -1.80168
0.982 -1.75414
0.983 -1.66493
0.984 -1.78811
0.985 -1.66801
0.986 -1.70638
0.987 -1.6433
0.988 -1.83529
0.989 -1.79495
0.99 -1.72292
0.991 -1.58568
0.992 -1.71975
0.993 -1.78202
0.994 -1.78623
0.995 -1.76745
0.996 -1.73337
0.997 -1.74709
0.998 -1.84704
0.999 -1.71069
1 -1.79037
1.001 -1.77878
1.002 -1.65749
1.003 -1.6613
1.004 -1.74874
1.005 -1.69742
1.006 -2.03468
1.007 -1.72541
1.008 -1.74347
1.009 -1.86884
1.01 -1.80122
1.011 -1.74596
1.012 -1.76894
1.013 -1.86233
1.014 -1.65334
1.015 -1.85425
1.016 -1.75838
1.017 -1.69682
1.018 -1.76427
1.019 -1.5458
1.02 -1.91007
1.021 -1.67034
1.022 -1.84136
1.023 -1.7716
1.024 -1.83024
1.025 -1.9005
1.026 -1.85979
1.027 -1.80707
1.028 -1.7106
1.029 -1.755
1.03 -1.79946
1.031 -1.85073
1.032 -1.78709
1.033 -1.67214
1.034 -1.91971
1.035 -1.68933
1.036 -1.75956
1.037 -2.00915
1.038 -1.88901
1.039 -1.85453
1.04 -1.89479
1.041 -1.71137
1.042 -1.85487
1.043 -1.73775
1.044 -1.81653
1.045 -1.78688
1.046 -1.74342
1.047 -1.81778
1.048 -1.83566
1.049 -1.92295
1.05 -1.72931
1.051 -1.83417
1.052 -1.98982
1.053 -1.99197
1.054 -1.80854
1.055 -1.85144
1.056 -1.77782
1.057 -1.64411
1.058 -1.67075
1.059 -1.80904
1.06 -1.74659
1.061 -1.76249
1.062 -1.74415
1.063 -1.91947
1.064 -1.81936
1.065 -1.95975
1.066 -1.83311
1.067 -1.65274
1.068 -1.83451
1.069 -1.90545
1.07 -1.72
1.071 -1.78391
1.072 -1.82366
1.073 -1.84179
1.074 -1.83969
1.075 -1.73182
1.076 -1.8172
1.077 -1.9099
1.078 -1.75109
1.079 -2.01617
1.08 -1.63362
1.081 -1.84633
1.082 -1.919
1.083 -1.88342
1.084 -1.93624
1.085 -1.8723
1.086 -1.83046
1.087 -1.75906
1.088 -1.87458
1.089 -1.77979
1.09 -1.81315
1.091 -1.74468
1.092 -2.02377
1.093 -1.82208
1.094 -1.99413
1.095 -1.65304
1.096 -1.85598
1.097 -1.85255
1.098 -1.89779
1.099 -1.79675
1.1 -1.79645
1.101 -1.9019
1.102 -1.87616
1.103 -1.92911
1.104 -1.88112
1.105 -1.95591
1.106 -1.86142
1.107 -2.0317
1.108 -1.91583
1.109 -1.98771
1.11 -2.03854
1.111 -1.84796
1.112 -1.97268
1.113 -1.87762
1.114 -1.88812
1.115 -1.67224
1.116 -1.69762
1.117 -2.0585
1.118 -1.96791
1.119 -1.93981
1.12 -1.97923
1.121 -1.74873
1.122 -1.81096
1.123 -1.92041
1.124 -1.91235
1.125 -1.83037
1.126 -1.92198
1.127 -1.89956
1.128 -1.95236
1.129 -1.83625
1.13 -1.91415
1.131 -1.77278
1.132 -1.77342
1.133 -1.81166
1.134 -2.13885
1.135 -1.81003
1.136 -1.85053
1.137 -1.66387
1.138 -2.02224
1.139 -1.98326
1.14 -1.91546
1.141 -2.01532
1.142 -1.83287
1.143 -2.04066
1.144 -1.87008
1.145 -1.75357
1.146 -2.06825
1.147 -1.93552
1.148 -1.84919
1.149 -1.95703
1.15 -1.89383
1.151 -1.78361
1.152 -1.77675
1.153 -1.81834
1.154 -1.81804
1.155 -1.87371
1.156 -2.03799
1.157 -1.90159
1.158 -1.704
1.159 -1.97371
1.16 -1.79031
1.161 -2.01258
1.162 -1.89669
1.163 -1.80795
1.164 -1.99808
1.165 -1.81475
1.166 -1.90351
1.167 -1.93574
1.168 -2.01075
1.169 -1.95016
1.17 -1.90772
1.171 -1.86316
1.172 -1.71202
1.173 -1.79617
1.174 -2.0111
1.175 -1.78253
1.176 -1.90142
1.177 -1.91622
1.178 -2.09414
1.179 -1.83637
1.18 -1.96094
1.181 -1.77378
1.182 -1.80346
1.183 -2.03375
1.184 -1.91705
1.185 -1.89736
1.186 -2.02329
1.187 -1.86806
1.188 -1.97941
1.189 -1.86688
1.19 -1.95942
1.191 -1.91296
1.192 -1.93766
1.193 -1.96917
1.194 -1.96741
1.195 -1.77964
1.196 -2.05672
1.197 -2.00208
1.198 -1.9039
1.199 -2.04162
1.2 -1.93656
1.201 -1.79463
1.202 -1.90395
1.203 -1.81911
1.204 -2.14197
1.205 -2.10234
1.206 -1.99777
1.207 -1.89399
1.208 -1.97991
1.209 -1.84975
1.21 -2.00765
1.211 -2.11317
1.212 -1.92728
1.213 -1.97978
1.214 -1.90072
1.215 -1.90539
1.216 -2.02
1.217 -1.85267
1.218 -2.07096
1.219 -2.03066
1.22 -1.98747
1.221 -1.93499
1.222 -1.82648
1.223 -2.03017
1.224 -1.95149
1.225 -1.86771
1.226 -1.93676
1.227 -1.96473
1.228 -1.94167
1.229 -2.09996
1.23 -1.99949
1.231 -2.00348
1.232 -1.79843
1.233 -1.87088
1.234 -1.85476
1.235 -2.13886
1.236 -1.8325
1.237 -1.99299
1.238 -2.01545
1.239 -2.09971
1.24 -2.01881
1.241 -1.86635
1.242 -1.82399
1.243 -1.8759
1.244 -1.95296
1.245 -1.66865
1.246 -2.07858
1.247 -2.08075
1.248 -1.91028
1.249 -1.86111
1.25 -2.01894
1.251 -1.76841
1.252 -1.95299
1.253 -2.01539
1.254 -1.9218
1.255 -1.97623
1.256 -1.89491
1.257 -2.10206
1.258 -1.98772
1.259 -2.01334
1.26 -1.95308
1.261 -1.83968
1.262 -1.9916
1.263 -1.94026
1.264 -2.06575
1.265 -2.11535
1.266 -1.93252
1.267 -2.04649
1.268 -1.89925
1.269 -2.03048
1.27 -1.97149
1.271 -1.93477
1.272 -1.96235
1.273 -1.89713
1.274 -2.01803
1.275 -2.05811
1.276 -1.96905
1.277 -2.04076
1.278 -2.10731
1.279 -2.02361
1.28 -2.0742
1.281 -1.72257
1.282 -1.80731
1.283 -1.87484
1.284 -1.91985
1.285 -2.05763
1.286 -2.01444
1.287 -2.02549
1.288 -2.21499
1.289 -1.99193
1.29 -2.16203
1.291 -2.0496
1.292 -1.8323
1.293 -2.12992
1.294 -1.98944
1.295 -2.00653
1.296 -1.98568
1.297 -2.18239
1.298 -2.07615
1.299 -1.94498
1.3 -1.94724
1.301 -2.04034
1.302 -2.05014
1.303 -2.12697
1.304 -1.92406
1.305 -1.872
1.306 -2.22496
1.307 -1.95354
1.308 -1.99966
1.309 -1.8582
1.31 -2.01444
1.311 -1.97442
1.312 -2.21876
1.313 -2.05885
1.314 -2.14568
1.315 -1.91592
1.316 -1.85958
1.317 -2.10126
1.318 -2.08681
1.319 -1.94138
1.32 -1.95707
1.321 -1.99882
1.322 -2.02072
1.323 -1.80102
1.324 -1.97316
1.325 -1.83693
1.326 -1.95355
1.327 -1.99959
1.328 -2.12636
1.329 -1.96794
1.33 -2.07181
1.331 -2.07734
1.332 -2.12631
1.333 -1.8369
1.334 -1.92139
1.335 -2.00776
1.336 -2.05321
1.337 -1.92601
1.338 -2.12413
1.339 -2.10786
1.34 -2.1923
1.341 -2.06872
1.342 -1.87067
1.343 -2.02794
1.344 -1.93612
1.345 -2.02855
1.346 -2.02377
1.347 -1.84641
1.348 -1.96129
1.349 -2.26749
1.35 -1.95762
1.351 -2.34072
1.352 -1.95409
1.353 -2.14163
1.354 -1.88779
1.355 -2.19202
1.356 -2.06937
1.357 -2.11032
1.358 -1.87129
1.359 -2.00513
1.36 -2.21514
1.361 -1.94224
1.362 -2.68298
1.363 -1.90027
1.364 -2.19417
1.365 -2.10022
1.366 -1.85778
1.367 -2.07921
1.368 -2.0747
1.369 -2.01677
1.37 -2.21477
1.371 -2.1437
1.372 -2.03225
1.373 -1.93886
1.374 -1.99159
1.375 -2.06984
1.376 -1.9917
1.377 -1.93976
1.378 -1.94402
1.379 -1.95738
1.38 -1.91741
1.381 -2.06395
1.382 -2.01202
1.383 -1.94521
1.384 -2.06669
1.385 -2.12704
1.386 -1.90197
1.387 -2.2249
1.388 -2.26997
1.389 -2.08706
1.39 -2.11421
1.391 -2.01884
1.392 -2.05765
1.393 -1.98813
1.394 -2.08866
1.395 -1.87808
1.396 -2.06514
1.397 -2.35411
1.398 -1.9602
1.399 -2.13794
1.4 -2.14586
1.401 -2.17052
1.402 -2.09666
1.403 -2.2114
1.404 -2.18373
1.405 -2.06843
1.406 -2.34674
1.407 -2.22303
1.408 -2.47667
1.409 -2.1181
1.41 -2.25698
1.411 -2.08747
1.412 -2.1379
1.413 -2.02907
1.414 -1.95932
1.415 -2.09091
1.416 -2.06796
1.417 -2.19686
1.418 -1.99402
1.419 -2.54899
1.42 -2.13978
1.421 -2.08826
1.422 -1.99855
1.423 -2.05549
1.424 -2.17651
1.425 -2.05231
1.426 -2.27266
1.427 -2.12051
1.428 -2.11872
1.429 -2.00923
1.43 -2.28369
1.431 -1.93556
1.432 -2.15054
1.433 -2.13893
1.434 -1.94533
1.435 -1.95966
1.436 -2.11506
1.437 -2.22653
1.438 -2.01748
1.439 -2.26131
1.44 -2.06229
1.441 -2.14
1.442 -2.18074
1.443 -2.04668
1.444 -2.0537
1.445 -2.36533
1.446 -2.16736
1.447 -2.00735
1.448 -2.23121
1.449 -2.06426
1.45 -2.17852
1.451 -1.93224
1.452 -2.29717
1.453 -2.30273
1.454 -2.23583
1.455 -2.24256
1.456 -1.85937
1.457 -2.28457
1.458 -2.2861
1.459 -1.93442
1.46 -2.34706
1.461 -2.20548
1.462 -2.09626
1.463 -1.91735
1.464 -2.17555
1.465 -1.94995
1.466 -2.06287
1.467 -1.95877
1.468 -2.2477
1.469 -2.07573
1.47 -2.06477
1.471 -2.25729
1.472 -2.06668
1.473 -1.99352
1.474 -2.31114
1.475 -2.06231
1.476 -2.57973
1.477 -2.45417
1.478 -1.99822
1.479 -2.10937
1.48 -2.39506
1.481 -2.15406
1.482 -2.20168
1.483 -2.08642
1.484 -1.94836
1.485 -2.36908
1.486 -2.25249
1.487 -2.31437
1.488 -2.16213
1.489 -2.14153
1.49 -2.34253
1.491 -2.32453
1.492 -2.21521
1.493 -2.14197
1.494 -2.12596
1.495 -2.07072
1.496 -2.51903
1.497 -2.2056
1.498 -2.3146
1.499 -1.96295
1.5 -2.14487
1.501 -2.15848
1.502 -2.15113
1.503 -2.16251
1.504 -2.30463
1.505 -2.19803
1.506 -2.02871
1.507 -2.3141
1.508 -2.1837
1.509 -2.25223
1.51 -2.45657
1.511 -2.15428
1.512 -2.0435
1.513 -1.98749
1.514 -2.22462
1.515 -2.09744
1.516 -2.34016
1.517 -2.13136
1.518 -2.17364
1.519 -2.20029
1.52 -2.12693
1.521 -2.50114
1.522 -2.13966
1.523 -2.23259
1.524 -2.28547
1.525 -2.33412
1.526 -2.09677
1.527 -2.03448
1.528 -2.35252
1.529 -2.21986
1.53 -2.21982
1.531 -2.01669
1.532 -2.24565
1.533 -2.16006
1.534 -2.12304
1.535 -2.08953
1.536 -2.22434
1.537 -2.02287
1.538 -2.03603
1.539 -2.12189
1.54 -2.1981
1.541 -2.00801
1.542 -2.21462
1.543 -2.06907
1.544 -2.10686
1.545 -2.15714
1.546 -2.15848
1.547 -2.16704
1.548 -2.19043
1.549 -2.05814
1.55 -2.26232
1.551 -2.20239
1.552 -2.08077
1.553 -2.09035
1.554 -2.13145
1.555 -2.19349
1.556 -2.0372
1.557 -2.07222
1.558 -2.42239
1.559 -2.14929
1.56 -2.08841
1.561 -2.16304
1.562 -2.06258
1.563 -2.03599
1.564 -2.19664
1.565 -2.40282
1.566 -2.13806
1.567 -2.01353
1.568 -2.40933
1.569 -2.22155
1.57 -2.02369
1.571 -2.11011
1.572 -1.93532
1.573 -2.1867
1.574 -2.02635
1.575 -2.03585
1.576 -2.39376
1.577 -2.73938
1.578 -1.91719
1.579 -2.39534
1.58 -2.79151
1.581 -2.1449
1.582 -2.33677
1.583 -1.85732
1.584 -2.16271
1.585 -2.43191
1.586 -2.05541
1.587 -2.12926
1.588 -2.19592
1.589 -2.34533
1.59 -2.12988
1.591 -2.08768
1.592 -2.11128
1.593 -2.17007
1.594 -2.23303
1.595 -2.07484
1.596 -1.91188
1.597 -2.15605
1.598 -2.40848
1.599 -2.18139
1.6 -2.05639
1.601 -2.20447
1.602 -1.86744
1.603 -2.57866
1.604 -2.19486
1.605 -2.26694
1.606 -2.31474
1.607 -2.18923
1.608 -2.44268
1.609 -2.28287
1.61 -2.25966
1.611 -2.01615
1.612 -2.2896
1.613 -2.14262
1.614 -2.47253
1.615 -2.24732
1.616 -2.08101
1.617 -2.14391
1.618 -2.12612
1.619 -2.04921
1.62 -2.26704
1.621 -2.12123
1.622 -2.26578
1.623 -2.00216
1.624 -2.13254
1.625 -2.41148
1.626 -2.09832
1.627 -2.19747
1.628 -2.13377
1.629 -2.10292
1.63 -2.43313
1.631 -2.14349
1.632 -2.0695
1.633 -2.26425
1.634 -2.26003
1.635 -2.21099
1.636 -2.5005
1.637 -2.32738
1.638 -2.36972
1.639 -2.27552
1.64 -2.2095
1.641 -2.08386
1.642 -2.04266
1.643 -2.06862
1.644 -2.43083
1.645 -2.01171
1.646 -2.42885
1.647 -2.39247
1.648 -2.00588
1.649 -1.99476
1.65 -2.61981
1.651 -2.3066
1.652 -2.4318
1.653 -2.29628
1.654 -2.34652
1.655 -2.45503
1.656 -2.23229
1.657 -2.38967
1.658 -2.39212
1.659 -2.18298
1.66 -2.3546
1.661 -2.415
1.662 -2.09908
1.663 -2.44992
1.664 -2.12152
1.665 -2.40867
1.666 -2.12507
1.667 -2.33344
1.668 -2.0491
1.669 -2.61878
1.67 -2.18129
1.671 -2.0962
1.672 -2.08969
1.673 -2.14035
1.674 -2.23815
1.675 -2.15456
1.676 -2.04774
1.677 -2.11743
1.678 -2.37524
1.679 -2.23156
1.68 -2.42312
1.681 -2.11847
1.682 -2.28871
1.683 -2.20345
1.684 -2.29079
1.685 -2.22548
1.686 -2.15416
1.687 -2.26588
1.688 -2.37121
1.689 -2.17706
1.69 -1.98216
1.691 -2.50523
1.692 -2.24468
1.693 -2.07941
1.694 -2.00611
1.695 -2.19779
1.696 -2.05417
1.697 -2.32629
1.698 -2.27118
1.699 -2.5889
1.7 -2.31824
1.701 -2.45424
1.702 -2.30808
1.703 -2.24368
1.704 -2.73443
1.705 -2.37581
1.706 -2.13751
1.707 -2.23165
1.708 -2.16245
1.709 -2.1937
1.71 -2.32528
1.711 -2.05892
1.712 -2.12255
1.713 -2.35736
1.714 -2.43697
1.715 -2.20548
1.716 -2.37153
1.717 -2.28091
1.718 -2.24173
1.719 -2.37342
1.72 -2.28266
1.721 -1.97903
1.722 -2.1431
1.723 -2.32084
1.724 -2.25598
1.725 -2.12596
1.726 -2.45953
1.727 -2.06744
1.728 -2.09803
1.729 -2.22353
1.73 -2.29427
1.731 -2.0762
1.732 -2.24555
1.733 -2.17497
1.734 -2.12788
1.735 -2.34515
1.736 -2.16046
1.737 -2.13512
1.738 -2.29484
1.739 -2.23474
1.74 -2.24448
1.741 -2.42782
1.742 -2.19814
1.743 -2.47152
1.744 -2.25885
1.745 -2.11469
1.746 -2.27125
1.747 -2.18099
1.748 -2.03133
1.749 -2.48479
1.75 -2.12553
1.751 -2.44226
1.752 -2.16476
1.753 -2.12388
1.754 -2.63699
1.755 -2.16255
1.756 -2.13102
1.757 -2.14126
1.758 -2.2607
1.759 -2.21332
1.76 -2.16933
1.761 -2.08964
1.762 -2.19531
1.763 -2.1587
1.764 -2.52217
1.765 -2.5657
1.766 -2.27617
1.767 -2.23961
1.768 -2.29759
1.769 -2.30451
1.77 -2.19203
1.771 -2.46072
1.772 -2.0844
1.773 -2.08686
1.774 -2.61436
1.775 -2.83036
1.776 -2.12367
1.777 -2.3527
1.778 -1.93524
1.779 -2.90571
1.78 -2.28836
1.781 -2.34683
1.782 -2.28046
1.783 -2.16981
1.784 -2.48188
1.785 -2.19902
1.786 -2.4813
1.787 -2.18943
1.788 -2.42083
1.789 -2.36058
1.79 -2.24276
1.791 -2.24811
1.792 -1.92661
1.793 -2.26485
1.794 -2.21815
1.795 -2.33266
1.796 -2.20957
1.797 -2.28091
1.798 -2.42742
1.799 -2.13506
1.8 -2.14366
1.801 -2.21602
1.802 -2.44115
1.803 -2.28567
1.804 -2.27296
1.805 -2.07607
1.806 -2.47289
1.807 -2.42414
1.808 -2.56192
1.809 -2.23028
1.81 -2.23208
1.811 -2.30314
1.812 -2.06565
1.813 -2.31601
1.814 -2.4958
1.815 -2.41921
1.816 -2.23015
1.817 -2.27305
1.818 -2.18231
1.819 -2.41764
1.82 -2.35074
1.821 -2.17499
1.822 -2.19722
1.823 -2.4934
1.824 -2.48078
1.825 -2.29037
1.826 -2.47346
1.827 -2.15074
1.828 -2.60582
1.829 -2.43375
1.83 -2.24182
1.831 -2.37747
1.832 -2.37428
1.833 -2.28792
1.834 -2.21727
1.835 -2.1713
1.836 -2.18645
1.837 -2.34721
1.838 -2.38697
1.839 -2.35145
1.84 -2.72797
1.841 -2.36469
1.842 -2.0255
1.843 -2.10766
1.844 -2.34415
1.845 -2.0752
1.846 -2.23479
1.847 -2.3622
1.848 -2.56233
1.849 -2.19523
1.85 -2.3916
1.851 -2.22931
1.852 -2.62164
1.853 -2.49161
1.854 -2.32027
1.855 -2.28813
1.856 -2.09546
1.857 -2.19768
1.858 -2.21347
1.859 -2.35741
1.86 -2.59136
1.861 -2.39866
1.862 -2.20642
1.863 -2.50812
1.864 -2.33117
1.865 -2.46232
1.866 -2.51614
1.867 -2.52083
1.868 -2.74889
1.869 -2.47653
1.87 -2.32832
1.871 -2.49049
1.872 -2.19674
1.873 -2.43468
1.874 -2.24224
1.875 -2.5569
1.876 -2.1649
1.877 -2.13999
1.878 -2.1144
1.879 -2.1488
1.88 -2.336
1.881 -2.45702
1.882 -2.35969
1.883 -2.65812
1.884 -2.49768
1.885 -2.32592
1.886 -2.07424
1.887 -2.13095
1.888 -2.26892
1.889 -2.59734
1.89 -2.4737
1.891 -2.47049
1.892 -2.35368
1.893 -2.19646
1.894 -2.43159
1.895 -2.70558
1.896 -2.43251
1.897 -2.30012
1.898 -2.75224
1.899 -2.30393
1.9 -2.16218
1.901 -2.5214
1.902 -2.2875
1.903 -2.34348
1.904 -2.37641
1.905 -2.25687
1.906 -2.36484
1.907 -2.14271
1.908 -2.25109
1.909 -2.46439
1.91 -2.158
1.911 -2.435
1.912 -2.3715
1.913 -2.2532
1.914 -2.552
1.915 -2.43677
1.916 -2.27583
1.917 -2.33623
1.918 -2.08249
1.919 -2.32447
1.92 -2.16914
1.921 -2.39768
1.922 -2.3596
1.923 -2.28684
1.924 -2.38044
1.925 -2.17567
1.926 -2.30827
1.927 -2.19159
1.928 -2.4844
1.929 -2.63798
1.93 -2.37672
1.931 -2.3928
1.932 -2.38817
1.933 -2.44959
1.934 -2.21454
1.935 -2.11759
1.936 -2.22864
1.937 -2.40186
1.938 -2.71917
1.939 -2.16995
1.94 -2.30904
1.941 -2.31455
1.942 -2.37014
1.943 -2.34581
1.944 -2.2953
1.945 -2.25626
1.946 -2.44848
1.947 -2.13855
1.948 -2.35988
1.949 -2.36599
1.95 -2.45607
1.951 -2.05576
1.952 -2.0614
1.953 -2.18409
1.954 -2.36456
1.955 -2.48965
1.956 -2.22358
1.957 -2.3075
1.958 -2.32541
1.959 -2.70145
1.96 -2.14908
1.961 -2.1794
1.962 -2.32626
1.963 -2.08425
1.964 -2.76057
1.965 -2.11224
1.966 -2.27666
1.967 -2.00167
1.968 -2.20525
1.969 -2.46616
1.97 -2.10936
1.971 -2.23192
1.972 -2.21135
1.973 -2.09317
1.974 -2.39721
1.975 -2.3615
1.976 -2.48759
1.977 -2.28095
1.978 -2.59224
1.979 -2.18446
1.98 -2.31614
1.981 -2.22258
1.982 -2.43519
1.983 -2.63046
1.984 -2.18415
1.985 -2.61649
1.986 -2.26345
1.987 -2.12975
1.988 -2.09836
1.989 -2.3034
1.99 -2.18854
1.991 -2.74655
1.992 -2.25911
1.993 -2.71751
1.994 -2.36833
1.995 -2.51021
1.996 -2.55817
1.997 -2.22055
1.998 -2.28078
1.999 -2.37669
2 -2.04559
2.001 -2.29819
2.002 -2.39867
2.003 -2.42123
2.004 -2.36668
2.005 -2.15502
2.006 -2.02271
2.007 -2.24888
2.008 -2.40344
2.009 -2.35936
2.01 -2.14006
2.011 -2.45838
2.012 -2.29148
2.013 -2.68016
2.014 -2.37719
2.015 -2.22006
2.016 -2.17804
2.017 -2.405
2.018 -2.08349
2.019 -2.1063
2.02 -2.57314
2.021 -2.25022
2.022 -2.20748
2.023 -2.23498
2.024 -2.54367
2.025 -3.0549
2.026 -2.29762
2.027 -2.39551
2.028 -2.19056
2.029 -2.26266
2.03 -2.67312
2.031 -2.58709
2.032 -2.18079
2.033 -2.4617
2.034 -2.48909
2.035 -2.2424
2.036 -2.21412
2.037 -2.19988
2.038 -2.51806
2.039 -2.39257
2.04 -2.20278
2.041 -2.28913
2.042 -2.47039
2.043 -2.27313
2.044 -2.29398
2.045 -2.02126
2.046 -2.49007
2.047 -2.67267
2.048 -2.34848
2.049 -2.18406
2.05 -2.56741
2.051 -2.18366
2.052 -2.5052
2.053 -2.31716
2.054 -2.19158
2.055 -2.37687
2.056 -2.35756
2.057 -2.09347
2.058 -2.0088
2.059 -2.3284
2.06 -2.37522
2.061 -2.24724
2.062 -2.20309
2.063 -2.67139
2.064 -2.10718
2.065 -2.31945
2.066 -2.20535
2.067 -2.35938
2.068 -2.89421
2.069 -2.77162
2.07 -2.29651
2.071 -2.48337
2.072 -2.24147
2.073 -2.48293
2.074 -2.50628
2.075 -2.47851
2.076 -2.14199
2.077 -2.31738
2.078 -2.5426
2.079 -2.46931
2.08 -2.62962
2.081 -2.5872
2.082 -2.61879
2.083 -2.28874
2.084 -2.48705
2.085 -2.44942
2.086 -2.39767
2.087 -2.51619
2.088 -2.34964
2.089 -2.42358
2.09 -2.284
2.091 -2.7443
2.092 -2.30678
2.093 -2.28264
2.094 -2.40101
2.095 -2.7869
2.096 -2.30114
2.097 -2.25133
2.098 -2.09072
2.099 -2.35334
2.1 -2.47597
2.101 -2.77186
2.102 -2.50517
2.103 -2.31077
2.104 -2.30373
2.105 -2.47901
2.106 -2.11291
2.107 -2.26441
2.108 -2.84527
2.109 -2.34576
2.11 -2.79444
2.111 -2.41189
2.112 -2.4284
2.113 -2.4838
2.114 -2.36309
2.115 -2.22676
2.116 -2.53286
2.117 -2.29718
2.118 -2.39097
2.119 -2.63584
2.12 -2.46943
2.121 -2.32107
2.122 -2.3153
2.123 -2.43688
2.124 -2.61307
2.125 -2.4596
2.126 -2.50062
2.127 -2.26904
2.128 -2.24454
2.129 -2.31526
2.13 -2.50025
2.131 -2.28412
2.132 -3.2815
2.133 -2.31646
2.134 -2.27503
2.135 -2.27603
2.136 -2.52882
2.137 -2.3606
2.138 -2.23944
2.139 -2.19343
2.14 -2.28753
2.141 -2.382
2.142 -2.70401
2.143 -2.29134
2.144 -2.69107
2.145 -2.23111
2.146 -2.34123
2.147 -2.2141
2.148 -2.42917
2.149 -2.22149
2.15 -2.3788
2.151 -2.44068
2.152 -2.23196
2.153 -2.39328
2.154 -2.25003
2.155 -2.34359
2.156 -2.64902
2.157 -2.43256
2.158 -2.42371
2.159 -2.43561
2.16 -2.30755
2.161 -2.46505
2.162 -2.51476
2.163 -2.2829
2.164 -2.33583
2.165 -2.2588
2.166 -2.19943
2.167 -2.20663
2.168 -2.31079
2.169 -2.66105
2.17 -2.53353
2.171 -2.4698
2.172 -2.08127
2.173 -2.34338
2.174 -2.1617
2.175 -2.20659
2.176 -2.18917
2.177 -2.49852
2.178 -2.12105
2.179 -2.5045
2.18 -2.39629
2.181 -2.39179
2.182 -2.22768
2.183 -2.42076
2.184 -2.46848
2.185 -2.54731
2.186 -2.33796
2.187 -2.38338
2.188 -2.27913
2.189 -2.25706
2.19 -2.61032
2.191 -2.42019
2.192 -2.29998
2.193 -2.71558
2.194 -2.25728
2.195 -2.51714
2.196 -2.79225
2.197 -2.158
2.198 -2.28027
2.199 -2.36894
2.2 -2.30852
2.201 -2.27003
2.202 -2.53015
2.203 -2.49391
2.204 -2.29862
2.205 -2.20958
2.206 -2.54381
2.207 -2.32118
2.208 -2.16925
2.209 -2.44871
2.21 -3.13317
2.211 -2.25258
2.212 -2.31946
2.213 -2.21876
2.214 -2.31056
2.215 -2.3667
2.216 -2.7604
2.217 -2.38476
2.218 -2.46999
2.219 -2.49791
2.22 -2.79338
2.221 -2.59396
2.222 -2.50276
2.223 -2.43716
2.224 -2.54326
2.225 -2.44103
2.226 -2.24727
2.227 -2.12646
2.228 -2.38865
2.229 -2.40492
2.23 -2.85673
2.231 -2.46745
2.232 -2.2447
2.233 -2.7364
2.234 -3.18895
2.235 -2.32368
2.236 -2.23273
2.237 -2.24114
2.238 -2.42448
2.239 -2.50646
2.24 -2.36589
2.241 -2.46623
2.242 -2.76751
2.243 -2.73648
2.244 -2.42373
2.245 -2.1639
2.246 -2.38864
2.247 -2.38996
2.248 -2.07309
2.249 -2.48745
2.25 -2.39289
2.251 -2.45603
2.252 -2.25714
2.253 -2.23286
2.254 -2.37332
2.255 -2.6663
2.256 -2.55456
2.257 -2.55522
2.258 -2.34415
2.259 -2.58366
2.26 -2.36171
2.261 -2.21222
2.262 -2.4173
2.263 -2.62258
2.264 -2.69272
2.265 -2.52873
2.266 -2.12609
2.267 -2.31595
2.268 -2.29344
2.269 -2.96608
2.27 -2.68387
2.271 -2.32498
2.272 -2.9471
2.273 -2.46401
2.274 -4.02312
2.275 -2.48761
2.276 -2.24627
2.277 -2.40432
2.278 -2.57544
2.279 -2.44406
2.28 -2.53887
2.281 -2.63813
2.282 -2.27678
2.283 -2.5831
2.284 -2.91958
2.285 -2.49741
2.286 -2.25971
2.287 -2.27358
2.288 -2.44356
2.289 -2.26538
2.29 -3.00807
2.291 -2.50739
2.292 -2.5063
2.293 -2.37678
2.294 -2.21388
2.295 -2.36815
2.296 -2.81671
2.297 -3.20399
2.298 -2.32946
2.299 -2.43312
2.3 -2.4842
2.301 -2.29816
2.302 -2.2584
2.303 -2.43198
2.304 -2.31007
2.305 -2.50288
2.306 -2.50909
2.307 -2.41094
2.308 -2.05725
2.309 -2.48746
2.31 -2.32755
2.311 -2.37446
2.312 -2.49413
2.313 -2.2775
2.314 -2.54037
2.315 -2.25847
2.316 -2.37505
2.317 -2.26698
2.318 -2.2726
2.319 -2.4778
2.32 -3.2234
2.321 -2.38023
2.322 -2.45751
2.323 -2.24384
2.324 -2.83767
2.325 -2.45286
2.326 -2.14653
2.327 -2.21985
2.328 -2.46108
2.329 -2.40438
2.33 -2.33802
2.331 -2.37591
2.332 -2.25273
2.333 -2.32545
2.334 -2.28552
2.335 -3.06158
2.336 -2.38813
2.337 -2.5905
2.338 -2.7784
2.339 -2.37896
2.34 -2.62072
2.341 -2.49173
2.342 -2.92604
2.343 -2.4165
2.344 -2.43695
2.345 -2.55724
2.346 -2.32545
2.347 -2.49668
2.348 -2.27876
2.349 -2.58071
2.35 -2.44593
2.351 -2.51358
2.352 -2.59398
2.353 -2.43589
2.354 -2.24739
2.355 -2.79793
2.356 -2.26042
2.357 -2.44302
2.358 -2.30353
2.359 -2.38312
2.36 -2.38222
2.361 -2.54939
2.362 -2.24747
2.363 -2.23155
2.364 -2.98353
2.365 -2.88992
2.366 -2.42923
2.367 -2.49582
2.368 -2.46689
2.369 -2.38313
2.37 -2.26277
2.371 -2.38727
2.372 -2.51461
2.373 -2.59049
2.374 -2.68371
2.375 -2.44819
2.376 -2.29215
2.377 -2.71776
2.378 -2.55063
2.379 -2.39303
2.38 -2.54879
2.381 -2.60772
2.382 -2.17748
2.383 -2.37959
2.384 -2.24126
2.385 -2.50373
2.386 -2.53534
2.387 -2.29254
2.388 -2.50523
2.389 -2.22066
2.39 -2.63052
2.391 -3.14581
2.392 -2.55681
2.393 -2.223
2.394 -2.33294
2.395 -2.76773
2.396 -2.78352
2.397 -2.21158
2.398 -2.51728
2.399 -2.32849
2.4 -2.42924
2.401 -2.52588
2.402 -2.48027
2.403 -2.49207
2.404 -2.25685
2.405 -2.74346
2.406 -2.37135
2.407 -2.93635
2.408 -2.79233
2.409 -2.92412
2.41 -2.43891
2.411 -2.55339
2.412 -2.4166
2.413 -2.51305
2.414 -2.4575
2.415 -2.306
2.416 -2.60261
2.417 -2.49744
2.418 -2.28405
2.419 -2.41153
2.42 -2.22592
2.421 -2.36647
2.422 -2.24244
2.423 -2.35929
2.424 -2.37904
2.425 -2.51062
2.426 -2.59771
2.427 -2.46348
2.428 -2.51647
2.429 -2.51843
2.43 -2.42601
2.431 -2.44751
2.432 -2.32774
2.433 -2.4714
2.434 -2.19598
2.435 -2.68615
2.436 -2.60486
2.437 -2.44855
2.438 -2.42784
2.439 -2.35864
2.44 -2.45691
2.441 -2.17158
2.442 -2.72877
2.443 -2.48666
2.444 -2.23456
2.445 -2.43603
2.446 -2.52412
2.447 -2.31512
2.448 -2.51749
2.449 -2.57996
2.45 -2.84634
2.451 -2.32576
2.452 -2.86967
2.453 -2.42948
2.454 -2.63727
2.455 -2.67792
2.456 -2.67005
2.457 -3.71769
2.458 -2.76463
2.459 -2.29594
2.46 -2.49983
2.461 -2.73494
2.462 -2.62899
2.463 -2.8032
2.464 -2.51535
2.465 -2.39141
2.466 -2.49307
2.467 -2.45443
2.468 -2.61267
2.469 -2.27648
2.47 -2.5101
2.471 -2.24434
2.472 -2.28119
2.473 -2.70189
2.474 -2.34372
2.475 -2.2533
2.476 -2.32808
2.477 -2.28474
2.478 -2.58342
2.479 -2.33521
2.48 -2.26838
2.481 -2.38843
2.482 -3.20195
2.483 -2.55359
2.484 -2.54673
2.485 -2.56812
2.486 -2.35874
2.487 -2.73389
2.488 -2.40935
2.489 -2.17218
2.49 -2.21147
2.491 -2.52654
2.492 -2.44746
2.493 -2.35462
2.494 -2.49585
2.495 -2.38308
2.496 -2.74591
2.497 -2.51223
2.498 -2.31115
2.499 -2.3758
2.5 -2.52286
2.501 -2.537
2.502 -2.46892
2.503 -2.37743
2.504 -2.49523
2.505 -2.64595
2.506 -2.61836
2.507 -2.42965
2.508 -2.41137
2.509 -3.16495
2.51 -2.53346
2.511 -2.72326
2.512 -2.66996
2.513 -2.61596
2.514 -2.88605
2.515 -2.37828
2.516 -3.65835
2.517 -2.59606
2.518 -2.964
2.519 -2.30219
2.52 -2.25508
2.521 -2.60936
2.522 -2.54361
2.523 -2.29934
2.524 -2.41339
2.525 -2.53914
2.526 -2.50906
2.527 -2.66814
2.528 -2.67108
2.529 -2.36498
2.53 -2.42182
2.531 -2.22341
2.532 -2.82983
2.533 -2.60744
2.534 -2.7442
2.535 -2.41437
2.536 -2.35298
2.537 -2.43887
2.538 -2.36611
2.539 -2.60187
2.54 -2.68956
2.541 -2.37347
2.542 -2.4409
2.543 -2.52707
2.544 -2.53142
2.545 -2.5751
2.546 -2.94928
2.547 -3.26853
2.548 -2.72135
2.549 -2.61889
2.55 -2.30445
2.551 -2.27195
2.552 -2.36113
2.553 -2.52257
2.554 -2.60977
2.555 -2.25987
2.556 -2.4336
2.557 -2.46676
2.558 -2.57241
2.559 -2.4857
2.56 -2.30401
2.561 -2.94648
2.562 -2.51311
2.563 -2.61424
2.564 -2.61195
2.565 -2.74681
2.566 -2.45935
2.567 -2.61679
2.568 -2.5844
2.569 -2.63332
2.57 -2.70368
2.571 -2.56969
2.572 -2.36043
2.573 -2.24205
2.574 -2.83442
2.575 -2.43303
2.576 -2.55331
2.577 -2.3073
2.578 -2.30676
2.579 -2.62456
2.58 -2.43523
2.581 -2.63672
2.582 -2.29397
2.583 -2.61393
2.584 -2.15744
2.585 -2.70137
2.586 -2.2763
2.587 -2.09874
2.588 -2.60567
2.589 -3.00533
2.59 -2.50705
2.591 -2.25358
2.592 -2.64452
2.593 -2.56088
2.594 -2.4803
2.595 -2.78988
2.596 -2.44375
2.597 -2.3622
2.598 -2.60597
2.599 -2.75205
2.6 -2.396
2.601 -2.37115
2.602 -2.46488
2.603 -2.53595
2.604 -2.56116
2.605 -2.28172
2.606 -2.40674
2.607 -2.26501
2.608 -2.60547
2.609 -2.52259
2.61 -2.6905
2.611 -2.43421
2.612 -2.33654
2.613 -2.50917
2.614 -2.32031
2.615 -2.42055
2.616 -3.21351
2.617 -2.62985
2.618 -2.66538
2.619 -2.7324
2.62 -2.57242
2.621 -2.81049
2.622 -2.86059
2.623 -2.58125
2.624 -2.59196
2.625 -2.7682
2.626 -2.47759
2.627 -2.39004
2.628 -2.53201
2.629 -2.29639
2.63 -2.66528
2.631 -2.41117
2.632 -2.49861
2.633 -2.4075
2.634 -2.30801
2.635 -2.87652
2.636 -2.22114
2.637 -2.65656
2.638 -2.6693
2.639 -2.67113
2.64 -2.40655
2.641 -2.65368
2.642 -2.64051
2.643 -2.24596
2.644 -2.65776
2.645 -2.53442
2.646 -2.42868
2.647 -2.3197
2.648 -2.26957
2.649 -2.84884
2.65 -2.65039
2.651 -2.63099
2.652 -2.44599
2.653 -2.0808
2.654 -2.23931
2.655 -2.46023
2.656 -2.51087
2.657 -3.26813
2.658 -2.53774
2.659 -2.5457
2.66 -2.88021
2.661 -2.47506
2.662 -2.67587
2.663 -2.77761
2.664 -2.69545
2.665 -2.49716
2.666 -2.49997
2.667 -2.55267
2.668 -2.38636
2.669 -2.54303
2.67 -2.52711
2.671 -2.42951
2.672 -2.61937
2.673 -2.3734
2.674 -3.3937
2.675 -2.0882
2.676 -2.24863
2.677 -2.42665
2.678 -2.35879
2.679 -2.30679
2.68 -2.51532
2.681 -2.42144
2.682 -2.26654
2.683 -2.68602
2.684 -2.27313
2.685 -2.6637
2.686 -2.47885
2.687 -2.638
2.688 -2.60916
2.689 -2.61101
2.69 -2.37441
2.691 -2.86517
2.692 -2.80417
2.693 -2.45414
2.694 -2.3468
2.695 -2.84241
2.696 -2.35151
2.697 -2.45359
2.698 -2.33822
2.699 -2.89041
2.7 -2.71888
2.701 -2.48811
2.702 -2.31492
2.703 -2.80294
2.704 -3.03744
2.705 -2.50164
2.706 -2.79825
2.707 -2.53431
2.708 -2.43587
2.709 -2.89859
2.71 -2.46823
2.711 -2.8017
2.712 -2.39089
2.713 -2.39369
2.714 -2.48388
2.715 -2.3578
2.716 -2.40039
2.717 -2.54783
2.718 -2.75793
2.719 -2.42845
2.72 -2.30178
2.721 -2.37512
2.722 -2.51244
2.723 -3.31418
2.724 -2.51611
2.725 -2.46884
2.726 -2.56168
2.727 -2.51506
2.728 -2.68337
2.729 -2.6432
2.73 -2.56514
2.731 -2.86131
2.732 -2.6224
2.733 -2.35804
2.734 -2.46981
2.735 -2.412
2.736 -3.12029
2.737 -2.41615
2.738 -2.22349
2.739 -2.81748
2.74 -2.73144
2.741 -2.4757
2.742 -2.66731
2.743 -2.61186
2.744 -2.4193
2.745 -2.7717
2.746 -2.53201
2.747 -2.70554
2.748 -2.95928
2.749 -2.58634
2.75 -2.68227
2.751 -2.53143
2.752 -2.43982
2.753 -2.81332
2.754 -2.41407
2.755 -2.48447
2.756 -2.68894
2.757 -2.79679
2.758 -2.42891
2.759 -2.50527
2.76 -2.55029
2.761 -2.38113
2.762 -2.39998
2.763 -2.35717
2.764 -2.80745
2.765 -2.38155
2.766 -2.59578
2.767 -2.8414
2.768 -2.43128
2.769 -2.71901
2.77 -2.28907
2.771 -2.488
2.772 -2.63293
2.773 -2.49773
2.774 -2.50404
2.775 -2.78634
2.776 -2.59841
2.777 -2.77257
2.778 -2.61294
2.779 -2.69558
2.78 -2.36047
2.781 -2.65353
2.782 -2.46171
2.783 -2.68767
2.784 -2.48135
2.785 -2.30497
2.786 -2.68171
2.787 -2.62024
2.788 -2.84304
2.789 -2.50242
2.79 -3.25005
2.791 -2.72693
2.792 -3.07447
2.793 -2.51781
2.794 -2.55043
2.795 -2.11942
2.796 -2.63161
2.797 -2.73385
2.798 -2.39917
2.799 -2.72907
2.8 -2.96789
2.801 -2.37795
2.802 -2.97082
2.803 -2.76736
2.804 -2.08993
2.805 -2.73093
2.806 -2.35911
2.807 -2.56746
2.808 -2.56271
2.809 -2.2309
2.81 -2.34156
2.811 -2.32932
2.812 -3.08348
2.813 -2.89188
2.814 -2.54333
2.815 -2.71475
2.816 -2.73168
2.817 -2.53508
2.818 -2.3508
2.819 -2.87979
2.82 -3.37235
2.821 -2.98921
2.822 -2.41716
2.823 -2.54374
2.824 -2.61515
2.825 -2.68138
2.826 -2.80931
2.827 -2.52859
2.828 -2.58305
2.829 -2.88537
2.83 -2.89737
2.831 -2.51335
2.832 -2.58755
2.833 -2.84329
2.834 -2.6379
2.835 -2.47685
2.836 -2.4309
2.837 -2.41167
2.838 -2.22783
2.839 -2.6139
2.84 -2.89446
2.841 -2.65982
2.842 -2.4442
2.843 -2.45178
2.844 -2.39908
2.845 -2.58997
2.846 -2.6005
2.847 -3.1242
2.848 -2.64716
2.849 -2.28847
2.85 -2.79158
2.851 -2.58911
2.852 -3.15511
2.853 -2.50231
2.854 -2.47398
2.855 -2.60773
2.856 -2.40562
2.857 -2.45964
2.858 -2.47722
2.859 -2.35604
2.86 -2.69376
2.861 -2.26646
2.862 -2.37996
2.863 -3.15697
2.864 -2.46526
2.865 -2.53947
2.866 -2.58966
2.867 -2.62901
2.868 -2.68744
2.869 -2.25424
2.87 -2.67764
2.871 -2.40798
2.872 -2.2799
2.873 -2.38147
2.874 -2.45679
2.875 -2.75133
2.876 -2.60234
2.877 -2.87384
2.878 -2.46817
2.879 -2.53135
2.88 -2.43505
2.881 -2.31236
2.882 -2.63316
2.883 -2.61534
2.884 -2.78433
2.885 -2.3056
2.886 -2.53675
2.887 -2.67706
2.888 -2.4496
2.889 -2.53764
2.89 -2.32036
2.891 -2.32201
2.892 -2.56952
2.893 -2.62097
2.894 -2.68958
2.895 -2.28917
2.896 -2.57655
2.897 -3.06651
2.898 -2.56499
2.899 -2.687
2.9 -3.2277
2.901 -2.52258
2.902 -2.73461
2.903 -2.44627
2.904 -2.58065
2.905 -2.72717
2.906 -2.44154
2.907 -2.66518
2.908 -2.54039
2.909 -2.46972
2.91 -2.48198
2.911 -2.60585
2.912 -2.44994
2.913 -2.38313
2.914 -2.62356
2.915 -2.66716
2.916 -2.47184
2.917 -2.28614
2.918 -2.52445
2.919 -2.7219
2.92 -2.66302
2.921 -2.40877
2.922 -2.39584
2.923 -2.44082
2.924 -2.4342
2.925 -2.61381
2.926 -2.38305
2.927 -2.52874
2.928 -2.3266
2.929 -2.81283
2.93 -2.45593
2.931 -2.43998
2.932 -2.35958
2.933 -2.33138
2.934 -2.54722
2.935 -2.8012
2.936 -2.51961
2.937 -2.25792
2.938 -2.53469
2.939 -2.28085
2.94 -2.97687
2.941 -3.15597
2.942 -2.69532
2.943 -2.51883
2.944 -2.34743
2.945 -2.50886
2.946 -3.08273
2.947 -2.5916
2.948 -2.58411
2.949 -2.5352
2.95 -2.54936
2.951 -2.3792
2.952 -2.59849
2.953 -2.20809
2.954 -2.56877
2.955 -2.70959
2.956 -2.46772
2.957 -2.43544
2.958 -2.31461
2.959 -2.40871
2.96 -2.73286
2.961 -2.38617
2.962 -2.43022
2.963 -2.34604
2.964 -2.46091
2.965 -2.72745
2.966 -2.53737
2.967 -3.05559
2.968 -2.50612
2.969 -2.54681
2.97 -2.57012
2.971 -2.77763
2.972 -2.56351
2.973 -2.69701
2.974 -2.15698
2.975 -2.90562
2.976 -2.77483
2.977 -2.94505
2.978 -2.31959
2.979 -2.55235
2.98 -2.52904
2.981 -2.49973
2.982 -2.46953
2.983 -2.30043
2.984 -2.49902
2.985 -2.38382
2.986 -2.61681
2.987 -3.36062
2.988 -2.36459
2.989 -2.76127
2.99 -2.39415
2.991 -2.40286
2.992 -2.54585
2.993 -2.63195
2.994 -2.58285
2.995 -2.66911
2.996 -2.43169
2.997 -2.80584
2.998 -2.54545
2.999 -2.61638
3 -2.69311
3.001 -2.56871
3.002 -2.74681
3.003 -3.028
3.004 -2.56008
3.005 -2.37412
3.006 -2.65792
3.007 -2.45317
3.008 -2.65059
3.009 -2.77813
3.01 -2.6376
3.011 -3.19575
3.012 -2.56725
3.013 -2.42818
3.014 -2.46998
3.015 -2.21116
3.016 -2.52669
3.017 -2.70917
3.018 -2.77331
3.019 -2.43537
3.02 -2.60124
3.021 -2.55977
3.022 -2.65479
3.023 -2.68556
3.024 -2.63326
3.025 -2.82047
3.026 -2.29341
3.027 -2.91452
3.028 -3.19346
3.029 -2.46557
3.03 -2.91747
3.031 -2.6089
3.032 -2.39121
3.033 -2.46898
3.034 -2.57352
3.035 -2.6496
3.036 -2.66956
3.037 -2.53473
3.038 -2.68809
3.039 -2.66269
3.04 -2.45628
3.041 -2.52353
3.042 -2.34904
3.043 -2.79232
3.044 -2.53634
3.045 -2.54654
3.046 -2.70432
3.047 -2.55887
3.048 -2.33589
3.049 -2.47934
3.05 -2.63671
3.051 -2.3541
3.052 -2.10927
3.053 -2.81132
3.054 -2.47204
3.055 -2.4396
3.056 -2.60094
3.057 -2.55755
3.058 -2.37783
3.059 -3.04858
3.06 -2.53967
3.061 -3.38201
3.062 -2.34132
3.063 -2.32754
3.064 -3.17085
3.065 -2.35816
3.066 -3.12182
3.067 -2.65573
3.068 -2.66605
3.069 -2.33376
3.07 -2.61222
3.071 -2.53289
3.072 -2.51076
3.073 -2.65563
3.074 -2.5499
3.075 -2.46489
3.076 -2.74443
3.077 -2.9611
3.078 -2.20134
3.079 -2.44651
3.08 -2.62674
3.081 -2.54644
3.082 -2.74623
3.083 -2.49869
3.084 -2.55345
3.085 -2.3314
3.086 -2.88756
3.087 -2.42569
3.088 -2.72959
3.089 -2.68985
3.09 -2.65928
3.091 -2.6659
3.092 -2.31389
3.093 -2.7005
3.094 -2.49835
3.095 -2.90109
3.096 -2.64917
3.097 -2.578
3.098 -2.44743
3.099 -2.68834
3.1 -2.63219
3.101 -2.92797
3.102 -2.67934
3.103 -2.65526
3.104 -3.06267
3.105 -2.8234
3.106 -2.65118
3.107 -2.59772
3.108 -2.59846
3.109 -2.71042
3.11 -3.31217
3.111 -2.46106
3.112 -2.68868
3.113 -2.52033
3.114 -3.14841
3.115 -2.32964
3.116 -2.88331
3.117 -2.86413
3.118 -4.01944
3.119 -2.30297
3.12 -2.97609
3.121 -2.59363
3.122 -2.52945
3.123 -2.81624
3.124 -2.4585
3.125 -2.4853
3.126 -3.09243
3.127 -2.32835
3.128 -2.6191
3.129 -3.12731
3.13 -3.00447
3.131 -2.32855
3.132 -2.37143
3.133 -2.7806
3.134 -2.35803
3.135 -2.52012
3.136 -3.21815
3.137 -2.67119
3.138 -2.43726
3.139 -2.65157
3.14 -2.84015
3.141 -2.42368
3.142 -2.39037
3.143 -3.06641
3.144 -2.87324
3.145 -3.0553
3.146 -2.35404
3.147 -2.45177
3.148 -2.4731
3.149 -2.86332
3.15 -2.56704
3.151 -2.55628
3.152 -2.45414
3.153 -2.925
3.154 -2.65953
3.155 -2.64765
3.156 -2.52226
3.157 -2.52132
3.158 -2.89304
3.159 -2.53174
3.16 -2.3403
3.161 -2.52213
3.162 -2.47109
3.163 -3.53563
3.164 -2.93272
3.165 -2.63529
3.166 -2.75355
3.167 -3.08731
3.168 -2.9975
3.169 -2.45444
3.17 -2.59946
3.171 -2.40519
3.172 -3.02449
3.173 -2.62029
3.174 -2.2333
3.175 -2.44617
3.176 -2.30684
3.177 -2.21028
3.178 -2.63504
3.179 -2.34414
3.18 -2.20338
3.181 -2.36709
3.182 -2.57494
3.183 -2.34476
3.184 -3.10333
3.185 -2.61237
3.186 -2.52768
3.187 -2.63993
3.188 -2.98491
3.189 -2.35071
3.19 -2.58832
3.191 -2.65606
3.192 -2.4846
3.193 -2.26792
3.194 -2.57784
3.195 -2.72939
3.196 -2.52017
3.197 -2.34657
3.198 -2.65325
3.199 -3.82587
3.2 -3.95187
3.201 -2.51874
3.202 -2.44679
3.203 -2.4977
3.204 -2.47615
3.205 -2.42534
3.206 -2.95126
3.207 -2.39576
3.208 -2.7
3.209 -2.47418
3.21 -2.39479
3.211 -2.78422
3.212 -2.62921
3.213 -2.53587
3.214 -3.41984
3.215 -2.51428
3.216 -2.63
3.217 -2.56191
3.218 -2.25967
3.219 -3.06232
3.22 -2.3107
3.221 -2.40142
3.222 -2.9147
3.223 -2.88275
3.224 -2.41385
3.225 -2.32737
3.226 -2.44835
3.227 -2.83536
3.228 -2.49192
3.229 -2.42155
3.23 -2.45628
3.231 -2.51159
3.232 -3.20368
3.233 -2.6339
3.234 -3.04009
3.235 -2.82723
3.236 -2.39333
3.237 -2.84154
3.238 -3.00487
3.239 -2.93959
3.24 -2.585
3.241 -2.71724
3.242 -2.62703
3.243 -2.41073
3.244 -2.48595
3.245 -3.33018
3.246 -2.62961
3.247 -2.48472
3.248 -3.08836
3.249 -2.50141
3.25 -2.67554
3.251 -2.78674
3.252 -2.50883
3.253 -2.56431
3.254 -2.50312
3.255 -3.32767
3.256 -2.59725
3.257 -2.64538
3.258 -2.44874
3.259 -2.63698
3.26 -2.83111
3.261 -2.70932
3.262 -2.46438
3.263 -2.51467
3.264 -2.93634
3.265 -2.53349
3.266 -2.61806
3.267 -2.60793
3.268 -3.19936
3.269 -2.71473
3.27 -2.56566
3.271 -2.89774
3.272 -2.69438
3.273 -3.00072
3.274 -2.56829
3.275 -2.75183
3.276 -2.21801
3.277 -2.93834
3.278 -2.90056
3.279 -2.64733
3.28 -2.50247
3.281 -2.41035
3.282 -2.76539
3.283 -2.41475
3.284 -2.55117
3.285 -2.29014
3.286 -2.6919
3.287 -2.53185
3.288 -2.45417
3.289 -3.26498
3.29 -2.45825
3.291 -2.36612
3.292 -2.67328
3.293 -2.68437
3.294 -2.40671
3.295 -2.46961
3.296 -3.00928
3.297 -2.56775
3.298 -2.98433
3.299 -2.37148
3.3 -2.61358
3.301 -2.79231
3.302 -2.49975
3.303 -2.5602
3.304 -2.62819
3.305 -2.50371
3.306 -2.40096
3.307 -2.70046
3.308 -3.38855
3.309 -2.92392
3.31 -2.39457
3.311 -2.80636
3.312 -2.37576
3.313 -2.6544
3.314 -2.90485
3.315 -3.32571
3.316 -2.70296
3.317 -2.778
3.318 -2.35495
3.319 -2.29879
3.32 -2.52284
3.321 -2.71199
3.322 -2.8839
3.323 -2.839
3.324 -3.00544
3.325 -2.57755
3.326 -2.89306
3.327 -2.84304
3.328 -3.1983
3.329 -2.62447
3.33 -2.62598
3.331 -2.34086
3.332 -2.52132
3.333 -3.10565
3.334 -2.59394
3.335 -2.51447
3.336 -2.96194
3.337 -2.40926
3.338 -2.53069
3.339 -2.51213
3.34 -2.43464
3.341 -2.85821
3.342 -2.70088
3.343 -3.10688
3.344 -2.64179
3.345 -3.00313
3.346 -2.67306
3.347 -2.77935
3.348 -2.74496
3.349 -2.60608
3.35 -2.53395
3.351 -3.18936
3.352 -2.50193
3.353 -3.13135
3.354 -2.66196
3.355 -2.96856
3.356 -2.40631
3.357 -2.46212
3.358 -2.82485
3.359 -2.64346
3.36 -2.74029
3.361 -2.69933
3.362 -2.62214
3.363 -2.54441
3.364 -2.6737
3.365 -3.21397
3.366 -2.53939
3.367 -2.45713
3.368 -2.73581
3.369 -2.74424
3.37 -2.25264
3.371 -2.8673
3.372 -2.66386
3.373 -2.69952
3.374 -2.577
3.375 -2.69342
3.376 -2.57581
3.377 -2.74447
3.378 -2.97542
3.379 -3.32193
3.38 -2.60603
3.381 -3.25572
3.382 -3.166
3.383 -2.8281
3.384 -2.82316
3.385 -2.4171
3.386 -2.73953
3.387 -2.39288
3.388 -2.55594
3.389 -2.82529
3.39 -2.4495
3.391 -2.84825
3.392 -2.69253
3.393 -2.80361
3.394 -3.06099
3.395 -2.4607
3.396 -2.70414
3.397 -2.71055
3.398 -2.40849
3.399 -3.32314
3.4 -2.86136
3.401 -2.98839
3.402 -2.63021
3.403 -2.84549
3.404 -2.9018
3.405 -2.90828
3.406 -3.0623
3.407 -2.82737
3.408 -2.61282
3.409 -2.58535
3.41 -2.64648
3.411 -2.61847
3.412 -2.52188
3.413 -2.9795
3.414 -2.81642
3.415 -2.49304
3.416 -3.29897
3.417 -2.8903
3.418 -2.90181
3.419 -2.34019
3.42 -2.9329
3.421 -2.70823
3.422 -2.4666
3.423 -2.69637
3.424 -2.86211
3.425 -2.60585
3.426 -2.67727
3.427 -2.78152
3.428 -3.48024
3.429 -2.84089
3.43 -4.85721
3.431 -2.60773
3.432 -3.66262
3.433 -2.66327
3.434 -3.02746
3.435 -2.95467
3.436 -2.5087
3.437 -2.4203
3.438 -2.49333
3.439 -2.56178
3.44 -2.44165
3.441 -2.46295
3.442 -2.77867
3.443 -2.76487
3.444 -2.6171
3.445 -2.68475
3.446 -2.5917
3.447 -2.34796
3.448 -2.98056
3.449 -2.5534
3.45 -2.92617
3.451 -2.47542
3.452 -2.80993
3.453 -2.36628
3.454 -3.40013
3.455 -2.60458
3.456 -2.70709
3.457 -3.17044
3.458 -2.93839
3.459 -3.25601
3.46 -2.94846
3.461 -2.78655
3.462 -2.9472
3.463 -2.94963
3.464 -2.68002
3.465 -2.43694
3.466 -2.48513
3.467 -2.31007
3.468 -2.75342
3.469 -2.91318
3.47 -2.81953
3.471 -2.70001
3.472 -2.64164
3.473 -2.46747
3.474 -2.64914
3.475 -2.79489
3.476 -2.53914
3.477 -2.62897
3.478 -2.79648
3.479 -2.73151
3.48 -2.89223
3.481 -3.13306
3.482 -2.60083
3.483 -2.84532
3.484 -2.76618
3.485 -2.41248
3.486 -2.64536
3.487 -4.17184
3.488 -2.9193
3.489 -3.0583
3.49 -2.89451
3.491 -2.74731
3.492 -2.90482
3.493 -2.90633
3.494 -2.85351
3.495 -2.66263
3.496 -3.26221
3.497 -2.70376
3.498 -2.65391
3.499 -2.58476
3.5 -2.50611
3.501 -2.81771
3.502 -3.42428
3.503 -3.35662
3.504 -2.61167
3.505 -3.0045
3.506 -2.52476
3.507 -2.74216
3.508 -3.39611
3.509 -2.46159
3.51 -2.51564
3.511 -2.53984
3.512 -3.15612
3.514 -2.63952
3.515 -2.55358
3.516 -3.07358
3.517 -2.95639
3.518 -2.90098
3.519 -2.92783
3.52 -2.93643
3.521 -4.03583
3.522 -3.09848
3.523 -2.88058
3.524 -4.50893
3.525 -2.75195
3.526 -3.63968
3.527 -2.95812
3.528 -2.52404
3.529 -3.0311
3.53 -2.65268
3.531 -2.90915
3.532 -4.14798
3.533 -3.2371
3.534 -2.77153
3.535 -3.27113
3.536 -3.23719
3.537 -2.36841
3.538 -2.69048
3.539 -4.01274
3.54 -2.84681
3.541 -2.69943
3.542 -3.21594
3.543 -2.72389
3.544 -2.8044
3.545 -2.66703
3.546 -2.72914
3.547 -2.63654
3.548 -2.73281
3.549 -2.95589
3.55 -2.99416
3.551 -2.51932
3.552 -2.80865
3.553 -2.88847
3.554 -2.61872
3.555 -3.13995
3.556 -2.83717
3.557 -2.82889
3.558 -3.20438
3.559 -2.73894
3.56 -2.87369
3.561 -2.71355
3.562 -2.70702
3.563 -2.44773
3.564 -2.83179
3.565 -4.44124
3.566 -2.78014
3.567 -2.40122
3.568 -2.38011
3.569 -2.64786
3.57 -2.75812
3.571 -2.64852
3.572 -2.78338
3.573 -2.58134
3.574 -2.46777
3.575 -2.8915
3.576 -2.67031
3.577 -2.64862
3.578 -2.77791
3.579 -2.9126
3.58 -3.15379
3.581 -3.48649
3.582 -3.12844
3.583 -3.15191
3.584 -3.99437
3.585 -2.93556
3.586 -3.24086
3.587 -3.06012
3.588 -2.81885
3.589 -2.94403
3.59 -2.95109
3.591 -2.44575
3.592 -2.87941
3.593 -3.12291
3.594 -2.4771
3.595 -2.7695
3.596 -3.65165
3.597 -2.57101
3.598 -3.02356
3.599 -3.04336
3.6 -2.72647
3.601 -2.48939
3.602 -3.19332
3.603 -4.1563
3.604 -3.12292
3.605 -3.69051
3.606 -2.81158
3.607 -2.74387
3.608 -2.63382
3.609 -2.50959
3.61 -3.19313
3.611 -2.64441
3.612 -4.97169
3.613 -3.02687
3.614 -2.83879
3.615 -2.92085
3.616 -3.10908
3.617 -4.32423
3.618 -2.70937
3.619 -2.84891
3.62 -3.17934
3.621 -2.41384
3.622 -2.83605
3.623 -2.65437
3.624 -2.91757
3.625 -2.80479
3.626 -2.85251
3.627 -3.1723
3.628 -3.31364
3.629 -2.3483
3.63 -2.54538
3.631 -3.21307
3.632 -2.64431
3.633 -2.90344
3.634 -3.07213
3.635 -2.69254
3.636 -3.5503
3.637 -2.93208
3.638 -2.68154
3.639 -2.30244
3.64 -2.384
3.641 -2.97497
3.642 -2.91779
3.643 -3.1732
3.644 -2.93745
3.645 -2.89995
3.646 -2.99683
3.647 -2.59558
3.648 -3.20447
3.649 -2.7429
3.65 -2.538
3.651 -3.47864
3.652 -2.56293
3.653 -2.57646
3.654 -3.52237
3.655 -2.74572
3.656 -3.36032
3.657 -2.6436
3.658 -2.67254
3.659 -2.68892
3.66 -2.73792
3.661 -2.45722
3.662 -3.14096
3.663 -2.70001
3.664 -2.75751
3.665 -3.42966
3.666 -3.20549
3.667 -2.91262
3.668 -2.70601
3.669 -3.63042
3.67 -3.0512
3.671 -2.85977
3.672 -2.91889
3.673 -3.26912
3.674 -2.53547
3.675 -2.8239
3.676 -3.77457
3.677 -2.91211
3.678 -2.97748
3.679 -2.91845
3.68 -2.63778
3.681 -3.25923
3.682 -3.38468
3.683 -2.32337
3.684 -2.87876
3.685 -2.78913
3.686 -3.31284
3.687 -2.79776
3.688 -3.54081
3.689 -3.17559
3.69 -2.73407
3.691 -3.53548
3.692 -3.18988
3.693 -3.1765
3.694 -2.74127
3.695 -2.86862
3.696 -3.18451
3.697 -2.82511
3.698 -3.9814
3.699 -2.47377
3.7 -2.55013
3.701 -2.70949
3.702 -2.45642
3.703 -2.60066
3.704 -2.76665
3.705 -2.95279
3.706 -2.67702
3.707 -2.53846
3.708 -2.68468
3.709 -3.04887
3.71 -2.75234
3.711 -2.6251
3.712 -2.61798
3.713 -2.75529
3.714 -3.16748
3.715 -2.87425
3.716 -2.96273
3.717 -2.77277
3.718 -3.2128
3.719 -2.6117
3.72 -2.90889
3.721 -3.16728
3.722 -2.48225
3.723 -2.57005
3.724 -3.42046
3.725 -3.46328
3.726 -3.68048
3.727 -2.91863
3.728 -2.72303
3.729 -3.33921
3.73 -2.75293
3.731 -2.57912
3.732 -2.81162
3.733 -2.77386
3.734 -2.74295
3.735 -2.83384
3.736 -3.06575
3.737 -2.59736
3.738 -3.01982
3.739 -4.37583
3.74 -2.45292
3.741 -2.47143
3.742 -2.87239
3.743 -2.6619
3.744 -2.80155
3.745 -2.9877
3.746 -3.00176
3.747 -3.18597
3.748 -2.62259
3.749 -3.04892
3.75 -2.78006
3.751 -2.57463
3.752 -3.14403
3.753 -3.21095
3.754 -3.00509
3.755 -2.84979
3.756 -2.65855
3.757 -4.52241
3.758 -4.40499
3.759 -3.01388
3.76 -3.45004
3.761 -4.0448
3.762 -2.79201
3.763 -4.30311
3.764 -2.40911
3.765 -2.90689
3.766 -2.86423
3.767 -2.9542
3.768 -2.89262
3.769 -2.72441
3.77 -2.89068
3.771 -2.54456
3.772 -2.78656
3.773 -2.86694
3.774 -3.22468
3.775 -2.89377
3.776 -2.8383
3.777 -2.78865
3.778 -3.13195
3.779 -2.91539
3.78 -2.88823
3.781 -4.41827
3.782 -2.89678
3.783 -3.16657
3.784 -4.38641
3.785 -3.18613
3.786 -3.19756
3.787 -2.83819
3.788 -2.8437
3.789 -2.77123
3.79 -2.59658
3.791 -2.5906
3.792 -2.77702
3.793 -3.37027
3.794 -3.81886
3.795 -5.09975
3.796 -3.37533
3.797 -2.5855
3.798 -2.98358
3.799 -2.9799
3.8 -2.447
3.801 -3.23308
3.802 -2.90814
3.803 -3.52094
3.804 -2.86261
3.805 -2.98721
3.806 -2.71957
3.807 -3.16427
3.808 -2.99098
3.809 -3.11977
3.81 -2.89052
3.811 -4.61839
3.812 -2.77364
3.813 -2.96236
3.814 -3.10289
3.815 -2.93861
3.816 -2.86434
3.817 -3.21967
3.818 -2.97001
3.819 -4.14378
3.82 -2.4374
3.821 -2.76733
3.822 -4.16836
3.823 -3.23919
3.824 -3.05873
3.825 -3.94523
3.826 -2.55178
3.827 -2.58356
3.828 -5.1781
3.829 -2.92068
3.83 -3.24183
3.831 -5.09933
3.832 -2.65744
3.833 -2.91683
3.834 -2.74948
3.835 -2.66508
3.836 -2.65074
3.837 -3.02654
3.838 -2.81299
3.839 -2.6409
3.84 -5.14819
3.841 -2.80131
3.842 -2.98582
3.843 -5.26892
3.844 -2.63491
3.845 -4.83552
3.846 -2.84741
3.847 -2.70046
3.848 -3.38024
3.849 -3.08284
3.85 -3.57196
3.851 -2.68575
3.852 -3.01813
3.853 -3.19988
3.854 -4.78335
3.855 -3.48589
3.856 -2.92614
3.857 -2.67615
3.858 -2.92778
3.859 -3.2158
3.861 -3.14764
3.862 -2.95603
3.863 -3.04618
3.864 -3.06952
3.865 -4.31012
3.866 -2.87525
3.867 -5.44208
3.868 -3.52699
3.869 -3.40945
3.87 -4.95182
3.871 -2.52853
3.872 -2.95271
3.873 -3.0367
3.874 -3.23863
3.875 -3.29916
3.876 -2.97082
3.877 -2.63143
3.878 -3.20669
3.879 -3.19349
3.88 -2.97273
3.881 -4.70648
3.882 -4.4166
3.883 -3.40739
3.884 -4.24536
3.885 -2.88313
3.886 -3.32953
3.887 -3.05399
3.888 -2.9287
3.889 -3.32816
3.89 -3.46056
3.891 -2.98798
3.892 -3.24379
3.893 -2.97741
3.894 -4.22368
3.895 -3.22665
3.896 -2.85523
3.897 -2.74187
3.898 -2.77539
3.899 -2.89705
3.9 -3.74131
3.901 -2.96484
3.902 -3.03928
3.903 -2.95385
3.904 -3.05407
3.905 -4.22429
3.906 -3.22109
3.907 -3.47707
3.908 -3.49129
3.909 -2.77564
3.91 -5.40318
3.911 -5.80069
3.912 -2.96089
3.913 -3.28763
3.914 -3.24081
3.915 -3.13436
3.916 -3.6732
3.917 -2.81484
3.918 -3.17619
3.919 -3.22954
3.92 -4.34013
3.921 -4.22099
3.922 -3.30134
3.923 -2.79568
3.924 -3.20615
3.925 -3.27714
3.926 -2.89508
3.927 -2.65356
3.928 -3.19962
3.929 -3.02412
3.93 -3.12769
3.931 -3.22047
3.932 -2.75418
3.933 -2.85631
3.934 -4.01989
3.935 -3.19039
3.936 -2.57082
3.937 -3.7899
3.938 -2.73525
3.939 -3.4932
3.94 -3.06208
3.941 -2.53067
3.942 -4.7365
3.943 -3.21318
3.944 -2.96122
3.945 -3.22313
3.946 -2.53718
3.947 -2.64372
3.948 -2.91667
3.949 -4.78923
3.95 -2.91461
3.951 -4.66418
3.952 -2.92809
3.953 -2.48022
3.954 -2.50383
3.955 -2.96038
3.956 -3.28859
3.957 -3.0176
3.958 -3.28367
3.959 -3.20069
3.96 -3.19604
3.961 -3.49565
3.962 -2.90514
3.963 -3.26764
3.964 -3.27509
3.965 -2.78861
3.966 -4.37347
3.967 -3.06928
3.968 -2.70843
3.969 -4.77
3.97 -4.66469
3.971 -3.47194
3.972 -3.30622
3.973 -2.48118
3.974 -2.96826
3.975 -2.77301
3.976 -2.92486
3.977 -2.79683
3.978 -3.43403
3.979 -3.0067
3.98 -3.75334
3.981 -4.64937
3.982 -4.71743
3.983 -3.22007
3.984 -2.9382
3.985 -3.12934
3.986 -3.20765
3.987 -4.17588
3.988 -3.77456
3.989 -3.06562
3.99 -4.25657
3.991 -2.91097
3.992 -3.33013
3.993 -3.39202
3.994 -5.05589
3.995 -2.58791
3.996 -2.93902
3.997 -4.73594
3.999 -3.40214
4 -3.21122
4.001 -5.1621
4.002 -4.81982
4.003 -4.4652
4.004 -4.43331
4.005 -3.045
4.006 -2.63736
4.007 -2.90594
4.008 -4.20719
4.009 -2.89565
4.01 -2.86931
4.011 -3.60762
4.012 -2.88769
4.013 -4.47029
4.014 -2.92527
4.015 -2.65895
4.016 -3.21376
4.017 -4.91221
4.018 -4.56831
4.019 -3.20454
4.02 -4.53521
4.021 -2.92282
4.022 -3.21246
4.023 -5.13126
4.024 -3.17604
4.025 -2.94787
4.026 -3.06365
4.027 -2.9488
4.028 -2.95728
4.029 -2.95696
4.03 -3.18863
4.031 -3.2726
4.032 -2.9385
4.033 -4.54359
4.034 -2.76294
4.036 -2.96485
4.037 -3.32514
4.038 -3.90073
4.039 -4.6811
4.04 -3.2405
4.041 -4.33079
4.042 -2.86751
4.043 -3.23738
4.044 -2.9308
4.045 -2.90389
4.046 -2.7546
4.047 -3.08082
4.048 -4.68985
4.05 -5.02254
4.051 -5.00137
4.052 -2.79652
4.053 -4.40658
4.054 -2.64383
4.055 -3.12763
4.056 -2.98494
4.057 -2.85889
4.058 -2.99774
4.059 -3.36668
4.06 -3.23112
4.061 -4.67954
4.062 -3.1796
4.063 -2.87951
4.064 -2.76021
4.065 -5.45655
4.066 -3.23688
4.067 -5.13175
4.068 -3.01403
4.069 -3.28769
4.07 -2.96626
4.071 -2.66639
4.072 -4.83461
4.073 -2.87352
4.074 -4.84461
4.075 -3.27007
4.076 -4.74931
4.077 -2.96758
4.078 -4.98001
4.079 -2.6364
4.08 -4.26438
4.081 -3.20503
4.082 -3.2098
4.083 -3.22833
4.084 -4.93091
4.085 -4.42402
4.086 -4.50382
4.087 -2.93688
4.088 -3.26161
4.089 -2.78099
4.09 -4.71069
4.091 -2.94235
4.092 -2.85112
4.093 -5.29711
4.094 -3.70799
4.095 -2.64209
4.096 -2.88058
4.097 -4.4478
4.098 -3.11082
4.099 -2.88315
4.1 -3.46835
4.101 -2.65807
4.102 -2.78243
4.103 -3.22672
4.104 -2.94346
4.105 -4.31738
4.106 -3.23306
4.107 -4.80215
4.108 -4.30992
4.109 -4.70198
4.11 -4.27286
4.111 -2.92223
4.112 -3.19581
4.113 -3.31584
4.114 -2.9451
4.115 -2.95816
4.117 -2.962
4.118 -4.3063
4.119 -3.2741
4.12 -2.97721
4.121 -4.72143
4.122 -2.94593
4.123 -4.19051
4.124 -2.88018
4.125 -3.19793
4.126 -3.22047
4.127 -2.82702
4.128 -3.2602
4.129 -3.30528
4.13 -2.9218
4.131 -4.3043
4.132 -2.96022
4.133 -3.81753
4.134 -4.40997
4.135 -3.09954
4.136 -2.93735
4.137 -2.85316
4.138 -2.57794
4.139 -2.92301
4.14 -5.44375
4.141 -4.83176
4.142 -4.41441
4.143 -4.48092
4.144 -2.9152
4.145 -5.49668
4.146 -3.23735
4.147 -4.54684
4.148 -2.9333
4.149 -2.75375
4.15 -2.45865
4.151 -2.79534
4.152 -3.38477
4.153 -4.8473
4.154 -4.65706
4.155 -2.91173
4.156 -4.09297
4.157 -3.44067
4.158 -2.95987
4.159 -4.56874
4.16 -3.23467
4.161 -4.27134
4.162 -3.25743
4.163 -3.21115
4.164 -2.93366
4.165 -3.17181
4.166 -3.24393
4.167 -2.72557
4.168 -3.2751
4.169 -2.94446
4.17 -2.72498
4.171 -3.2005
4.172 -3.23457
4.173 -4.4866
4.174 -4.43006
4.175 -3.21105
4.176 -3.2183
4.177 -2.82021
4.178 -4.2758
4.179 -3.18436
4.18 -2.52367
4.181 -2.93767
4.182 -3.28225
4.183 -2.68556
4.184 -4.35949
4.185 -4.31136
4.186 -3.1815
4.187 -4.50211
4.188 -3.1594
4.189 -2.92971
4.19 -2.77623
4.191 -4.53244
4.192 -2.49207
4.193 -2.95228
4.194 -2.95076
4.195 -3.2445
4.196 -2.93029
4.197 -3.25159
4.198 -2.93894
4.2 -2.97888
4.201 -5.02455
4.202 -3.21872
4.203 -5.07675
4.204 -4.40786
4.205 -4.65375
4.206 -4.57079
4.207 -2.96289
4.208 -2.92976
4.209 -3.40888
4.21 -5.04024
4.211 -2.95057
4.212 -3.33056
4.213 -3.22459
4.214 -5.15777
4.215 -2.72025
4.216 -3.30155
4.217 -3.23889
4.218 -4.12998
4.219 -3.19879
4.22 -2.55846
4.221 -5.15263
4.222 -3.29136
4.223 -3.25131
4.224 -3.18832
4.225 -4.85472
4.226 -2.66688
4.227 -4.58876
4.228 -3.01738
4.229 -3.23375
4.23 -3.24108
4.231 -4.62602
4.232 -2.94847
4.233 -3.07893
4.234 -4.71753
4.235 -4.8765
4.236 -2.75522
4.237 -3.23986
4.238 -3.25718
4.239 -3.80694
4.24 -2.90409
4.242 -4.39074
4.243 -2.9269
4.244 -5.07692
4.245 -3.21022
4.246 -3.27579
4.247 -2.92362
4.248 -4.47018
4.249 -2.69563
4.25 -2.98334
4.251 -4.75431
4.252 -3.81032
4.253 -4.72727
4.254 -2.98489
4.255 -5.06303
4.256 -3.24798
4.257 -2.77355
4.258 -4.87876
4.259 -2.9378
4.26 -3.34917
4.261 -2.64744
4.262 -5.56566
4.263 -3.28238
4.264 -3.43247
4.265 -3.23234
4.266 -2.78594
4.267 -2.77658
4.268 -3.56258
4.269 -4.63535
4.27 -4.48692
4.272 -4.78345
4.273 -3.34814
4.274 -3.15312
4.275 -3.22057
4.276 -3.23024
4.277 -2.32513
4.278 -3.2286
4.279 -2.76889
4.28 -3.23118
4.281 -3.51888
4.282 -4.44755
4.283 -2.93026
4.284 -2.5531
4.285 -3.24106
4.286 -3.21677
4.287 -4.80562
4.288 -4.63492
4.289 -2.93873
4.29 -5.14252
4.291 -3.26378
4.292 -3.62613
4.293 -3.23178
4.294 -4.78571
4.295 -4.64504
4.296 -2.96248
4.297 -3.10072
4.298 -3.31211
4.299 -5.1606
4.3 -3.23925
4.301 -4.79323
4.302 -4.6626
4.304 -3.51463
4.305 -3.20353
4.306 -4.74106
4.307 -3.20346
4.308 -3.67506
4.309 -4.34979
4.31 -4.66744
4.311 -2.89581
4.312 -3.24817
4.313 -3.22499
4.314 -3.21246
4.316 -3.13751
4.317 -2.96191
4.319 -3.24228
4.32 -2.90189
4.321 -4.32506
4.322 -3.21842
4.323 -2.92795
4.324 -2.83162
4.325 -4.37668
4.326 -3.2462
4.327 -2.96662
4.328 -3.31463
4.329 -3.0307
4.33 -4.10463
4.331 -2.54317
4.332 -3.42448
4.333 -4.81862
4.334 -4.83843
4.335 -2.66158
4.336 -2.92824
4.337 -4.34011
4.338 -3.52492
4.339 -3.25161
4.34 -4.27339
4.341 -3.04324
4.342 -5.20943
4.343 -4.99676
4.344 -3.6151
4.345 -2.46628
4.346 -2.66884
4.347 -3.21849
4.348 -4.72876
4.349 -3.21833
4.35 -2.52889
4.351 -2.55478
4.352 -2.94712
4.354 -2.92489
4.356 -3.11489
4.357 -3.36169
4.358 -3.24323
4.359 -4.73354
4.36 -2.9239
4.361 -4.46611
4.362 -3.44409
4.363 -2.95663
4.364 -4.29164
4.365 -2.95043
4.366 -3.25121
4.367 -4.37506
4.368 -3.43695
4.369 -3.3495
4.37 -4.08738
4.371 -2.7686
4.372 -4.68313
4.373 -4.45213
4.374 -3.01314
4.375 -3.20206
4.376 -3.20219
4.377 -3.22216
4.378 -3.18331
4.379 -4.33428
4.38 -4.72002
4.381 -2.92711
4.382 -3.2186
4.383 -4.71983
4.384 -4.54052
4.385 -4.45935
4.386 -2.9771
4.387 -4.92017
4.388 -3.49495
4.389 -4.44996
4.39 -3.20366
4.391 -4.44129
4.392 -4.78595
4.393 -2.83179
4.394 -4.1545
4.395 -3.23489
4.396 -2.92227
4.397 -4.58755
4.399 -2.64013
4.4 -3.52399
4.401 -4.82942
4.402 -3.24651
4.403 -5.25987
4.404 -3.04849
4.405 -4.12679
4.406 -3.79569
4.407 -3.24375
4.408 -3.00582
4.41 -3.26065
4.411 -3.26442
4.412 -2.99611
4.413 -3.22301
4.414 -2.93702
4.415 -3.04137
4.416 -4.87313
4.417 -3.2449
4.418 -3.24247
4.419 -2.64372
4.42 -4.76609
4.421 -3.23982
4.422 -3.4981
4.423 -3.23221
4.424 -4.64206
4.425 -4.57288
4.426 -4.65832
4.427 -3.22611
4.428 -3.15494
4.429 -2.65038
4.43 -4.63421
4.431 -3.23456
4.432 -3.2637
4.433 -4.65221
4.434 -5.32519
4.435 -5.14268
4.436 -4.49013
4.438 -2.58009
4.439 -4.75627
4.441 -2.93316
4.442 -4.74345
4.443 -3.24171
4.444 -3.25057
4.445 -5.21461
4.446 -4.91129
4.447 -2.79157
4.448 -3.048
4.449 -3.31387
4.451 -2.71247
4.452 -2.75896
4.453 -3.23418
4.454 -3.57301
4.455 -2.93749
4.456 -5.87883
4.457 -4.80537
4.458 -3.24392
4.459 -3.23446
4.46 -4.38444
4.461 -4.53604
4.462 -2.9383
4.463 -4.88857
4.464 -4.76687
4.466 -3.08316
4.467 -2.93323
4.468 -4.63955
4.469 -3.58965
4.47 -3.29635
4.471 -3.23365
4.472 -3.2457
4.473 -3.44006
4.474 -5.03941
4.475 -5.54561
4.476 -4.86794
4.478 -2.91281
4.479 -3.23789
4.48 -4.95088
4.481 -5.02277
4.482 -3.2197
4.483 -3.23698
4.484 -3.24716
4.485 -3.22739
4.486 -3.26534
4.487 -2.97623
4.488 -4.62377
4.489 -2.92312
4.49 -4.85408
4.491 -3.0606
4.492 -5.55972
4.493 -3.1398
4.495 -4.52278
4.496 -5.62622
4.497 -2.91851
4.498 -4.63166
4.499 -2.76183
4.5 -3.23881
4.501 -2.63138
4.502 -4.79905
4.503 -5.37085
4.504 -3.23387
4.505 -4.91523
4.506 -4.77553
4.507 -3.06543
4.508 -4.63305
4.509 -3.20986
4.51 -3.29564
4.511 -4.6826
4.512 -2.75917
4.513 -3.24406
4.514 -2.67945
4.515 -3.1098
4.516 -3.23723
4.517 -3.5061
4.518 -2.7695
4.519 -2.93898
4.52 -2.93859
4.521 -3.18113
4.522 -2.91949
4.523 -3.23686
4.524 -4.65079
4.525 -3.25346
4.526 -4.30781
4.527 -4.72443
4.529 -2.93911
4.53 -3.17458
4.531 -4.86675
4.533 -5.10308
4.534 -2.95029
4.535 -4.71021
4.536 -4.9278
4.537 -3.21371
4.538 -4.65904
4.539 -4.55411
4.54 -2.93674
4.541 -5.23805
4.543 -4.54757
4.544 -4.95691
4.545 -4.50486
4.546 -4.74263
4.547 -2.97666
4.548 -4.41165
4.549 -5.0403
4.55 -3.22456
4.551 -3.22358
4.552 -5.77222
4.553 -5.84569
4.554 -3.21471
4.555 -2.93428
4.556 -4.13708
4.557 -3.21369
4.558 -2.9411
4.56 -3.23038
4.561 -2.93494
4.562 -2.93349
4.563 -3.59407
4.564 -2.39348
4.565 -3.21262
4.566 -4.84593
4.567 -3.22348
4.568 -4.48213
4.569 -4.86813
4.57 -4.48795
4.571 -4.72663
4.572 -3.80966
4.573 -4.78312
4.574 -4.48503
4.575 -4.71809
4.576 -4.21321
4.578 -4.54062
4.58 -2.91933
4.581 -3.773
4.582 -5.03349
4.583 -3.22563
4.585 -4.48978
4.586 -4.36437
4.587 -3.22797
4.588 -4.51396
4.589 -3.25141
4.59 -2.92116
4.591 -4.80724
4.592 -4.76825
4.593 -3.17961
4.594 -3.23111
4.595 -5.45368
4.596 -4.42173
4.597 -2.94009
4.599 -2.77738
4.6 -4.87126
4.601 -2.93387
4.602 -4.61522
4.603 -4.49432
4.604 -2.93905
4.605 -4.91822
4.606 -4.6562
4.607 -3.28645
4.608 -2.9603
4.609 -3.2044
4.61 -4.04171
4.611 -4.67364
4.612 -2.92735
4.613 -3.23724
4.614 -3.23836
4.615 -3.28149
4.616 -2.93452
4.617 -4.86286
4.619 -5.73212
4.62 -5.21519
4.621 -4.83342
4.622 -4.9671
4.623 -4.93936
4.624 -4.78174
4.625 -4.48786
4.626 -5.02957
4.627 -5.03148
4.629 -4.37962
4.63 -3.23904
4.632 -2.95388
4.633 -4.95245
4.635 -4.79352
4.636 -5.81099
4.637 -2.94551
4.638 -4.95397
4.639 -3.30228
4.64 -5.54014
4.641 -5.20136
4.642 -3.30471
4.645 -5.58777
4.646 -4.70366
4.647 -5.03327
4.648 -4.79506
4.649 -5.00488
4.65 -4.70365
4.652 -2.96075
4.653 -5.30108
4.654 -5.45247
4.655 -4.62166
4.657 -4.77083
4.659 -3.28085
4.66 -5.13598
4.661 -4.94099
4.662 -4.76248
4.663 -5.62977
4.664 -4.86475
4.665 -5.46331
4.666 -4.87435
4.668 -5.11328
4.669 -5.05741
4.67 -4.37973
4.671 -4.49736
4.672 -5.29921
4.673 -5.02806
4.674 -4.40504
4.675 -4.4182
4.677 -5.09541
4.678 -3.08785
4.679 -3.20155
4.68 -4.85766
4.681 -4.80352
4.682 -5.64327
4.683 -5.64327
4.684 -2.98431
4.685 -4.57677
4.688 -3.24283
4.689 -5.45702
4.69 -5.42015
4.694 -5.22587
4.696 -3.56119
4.697 -4.62657
4.698 -4.65484
4.699 -4.70172
4.7 -5.6323
4.701 -4.86998
4.702 -4.70089
4.703 -4.74284
4.705 -2.95906
4.707 -5.03904
4.709 -4.78519
4.71 -4.52343
4.711 -5.3077
4.712 -2.75802
4.714 -3.66821
4.716 -4.94393
4.717 -3.07444
4.718 -4.74195
4.719 -3.39548
4.72 -5.02805
4.722 -3.97609
4.723 -4.62339
4.724 -4.37454
4.725 -4.98174
4.726 -4.66397
4.727 -4.8714
4.728 -4.81082
4.729 -5.65401
4.73 -3.44597
4.731 -4.02509
4.732 -3.94453
4.733 -4.64598
4.734 -4.54917
4.736 -4.69225
4.737 -4.59292
4.738 -4.68831
4.739 -4.377
4.74 -4.75012
4.741 -4.82677
4.743 -4.64839
4.744 -3.2577
4.745 -3.2338
4.746 -4.68125
4.747 -5.63311
4.748 -4.52289
4.749 -5.33182
4.75 -5.63311
4.752 -5.03779
4.753 -5.62703
4.754 -4.74522
4.755 -4.87212
4.757 -4.46645
4.758 -4.87992
4.759 -3.19129
4.761 -3.20656
4.762 -4.57055
4.763 -4.58353
4.764 -5.60163
4.765 -4.60164
4.766 -4.81992
4.767 -4.89664
4.768 -4.28074
4.769 -4.30406
4.77 -5.81515
4.771 -4.32947
4.772 -5.15262
4.773 -4.76782
4.774 -4.09541
4.775 -4.68776
4.776 -4.62353
4.779 -5.03163
4.78 -3.49479
4.782 -3.94159
4.783 -4.7899
4.784 -4.96117
4.787 -5.2951
4.788 -3.77191
4.789 -4.90229
4.79 -5.17939
4.792 -5.32371
4.793 -5.72462
4.794 -5.02329
4.795 -5.39345
4.796 -3.4734
4.797 -5.07629
4.798 -3.2103
4.799 -4.81466
4.801 -4.78749
4.802 -5.77041
4.806 -4.58431
4.81 -4.97785
4.811 -5.04903
4.812 -4.59319
4.813 -5.02879
4.814 -5.10707
4.816 -4.8325
4.817 -4.95506
4.818 -3.76458
4.819 -4.93832
4.82 -5.7633
4.822 -5.03064
4.823 -4.94712
4.826 -4.68492
4.827 -4.7124
4.828 -5.4919
4.829 -4.91319
4.83 -5.09296
4.831 -4.75293
4.833 -3.29274
4.834 -5.08217
4.835 -5.09761
4.837 -4.94579
4.838 -4.84524
4.839 -4.7712
4.84 -4.69167
4.841 -4.85623
4.842 -3.27331
4.843 -4.90313
4.844 -4.95745
4.845 -3.2845
4.846 -4.89685
4.848 -3.3502
4.849 -5.14594
4.85 -5.80894
4.851 -4.8957
4.852 -4.83352
4.853 -4.91549
4.854 -4.83075
4.855 -2.89174
4.856 -4.8944
4.857 -5.15868
4.858 -4.94346
4.859 -4.85841
4.86 -4.8914
4.861 -4.68646
4.862 -5.31199
4.864 -4.83255
4.865 -5.08823
4.866 -5.08239
4.867 -5.15949
4.869 -5.03626
4.87 -4.60728
4.871 -5.48995
4.872 -5.16284
4.873 -4.77243
4.874 -5.09363
4.875 -4.84648
4.876 -5.02419
4.877 -4.52689
4.878 -5.18983
4.879 -4.81936
4.88 -4.91771
4.881 -4.79958
4.883 -5.67581
4.884 -5.2988
4.885 -4.94847
4.886 -4.40531
4.891 -4.58272
4.892 -4.6514
4.893 -4.45654
4.894 -4.8916
4.895 -3.28704
4.898 -4.90639
4.899 -5.6902
4.9 -4.6929
4.901 -4.79401
4.903 -5.15093
4.904 -4.67917
4.906 -5.16349
4.908 -4.90436
4.909 -4.61619
4.91 -5.1683
4.911 -5.48802
4.912 -3.18512
4.913 -4.45726
4.914 -4.60118
4.915 -5.01016
4.916 -4.21699
4.918 -4.83075
4.919 -4.76632
4.92 -4.96519
4.921 -4.99242
4.922 -4.6336
4.923 -4.86614
4.926 -4.98326
4.928 -5.79488
4.93 -5.70514
4.931 -4.85815
4.932 -4.70203
4.933 -5.63191
4.934 -4.88919
4.935 -5.76329
4.936 -5.52516
4.937 -4.89881
4.938 -4.65965
4.939 -4.66981
4.94 -4.60395
4.941 -4.77543
4.942 -4.48465
4.943 -4.68315
4.945 -5.45534
4.946 -4.56827
4.947 -5.28971
4.948 -4.84887
4.949 -4.83904
4.95 -5.13945
4.951 -4.76402
4.952 -4.99264
4.953 -5.08581
4.954 -4.9435
4.955 -5.1182
4.956 -5.33729
4.957 -5.14817
4.958 -2.72532
4.959 -5.16639
4.96 -4.65795
4.961 -5.06156
4.962 -4.89797
4.963 -4.84585
4.964 -4.67352
4.966 -4.85932
4.967 -4.96909
4.968 -4.98436
4.969 -4.74979
4.97 -5.28443
4.971 -4.51303
4.972 -4.75877
4.973 -4.99124
4.974 -5.36943
4.975 -5.01457
4.976 -5.27925
4.977 -4.71399
4.983 -5.79883
4.985 -5.13314
4.988 -5.37794
4.99 -5.06344
4.992 -4.85053
4.995 -5.01227
4.997 -5.25734
4.998 -5.46069
4.999 -4.91569
5 -5.25347
5.001 -5.10978
5.003 -5.63996
5.004 -5.12703
5.005 -4.94916
5.007 -4.94663
5.009 -5.44208
5.012 -3.39696
5.013 -2.91721
5.014 -5.12109
5.016 -5.38684
5.017 -5.65723
5.018 -5.04607
5.019 -5.05276
5.02 -5.25046
5.021 -5.44047
5.023 -5.1762
5.024 -3.84886
5.026 -3.82602
5.028 -4.96018
5.029 -5.04296
5.031 -3.91254
5.032 -5.63885
5.033 -4.85956
5.034 -5.11677
5.035 -5.03847
5.037 -5.74965
5.04 -5.25808
5.041 -3.02592
5.043 -4.80331
5.044 -5.0512
5.045 -4.84889
5.046 -5.13505
5.047 -4.80093
5.048 -4.98201
5.049 -4.60533
5.051 -5.70913
5.053 -5.26121
5.054 -4.98
5.055 -4.95189
5.056 -5.05855
5.057 -4.81114
5.058 -5.21546
5.059 -5.08016
5.06 -5.4668
5.061 -2.95023
5.062 -4.90872
5.063 -5.01099
5.064 -5.28396
5.065 -4.96806
5.066 -5.45381
5.067 -5.1044
5.068 -5.06969
5.07 -4.91259
5.071 -4.60705
5.072 -5.75809
5.074 -5.10048
5.075 -5.24313
5.076 -5.06486
5.078 -4.91996
5.079 -5.0175
5.08 -5.54273
5.081 -5.255
5.082 -4.75539
5.083 -4.83259
5.084 -4.90429
5.085 -5.23748
5.086 -5.07798
5.088 -5.06301
5.089 -4.58846
5.09 -4.66794
5.091 -4.77853
5.092 -4.73253
5.093 -5.63397
5.094 -4.7534
5.095 -5.87394
5.096 -5.25047
5.097 -4.64464
5.098 -5.08466
5.102 -5.64477
5.104 -5.3464
5.107 -4.94044
5.108 -5.23201
5.111 -5.73059
5.112 -5.75809
5.113 -3.22125
5.114 -5.51529
5.115 -4.75099
5.116 -5.12828
5.117 -5.25419
5.119 -5.18577
5.12 -5.48281
5.121 -5.44369
5.123 -5.18263
5.127 -5.23309
5.13 -3.434
5.131 -5.22671
5.132 -5.06269
5.134 -5.12496
5.137 -5.46805
5.138 -5.10876
5.139 -5.64812
5.14 -5.27534
5.142 -5.17101
5.144 -5.75299
5.145 -5.17031
5.146 -5.11254
5.147 -5.2985
5.148 -4.89381
5.149 -4.92324
5.15 -5.43573
5.151 -5.73365
5.152 -5.06747
5.153 -5.53575
5.154 -5.41922
5.155 -5.16481
5.156 -5.53575
5.158 -5.4749
5.159 -5.43888
5.16 -5.25335
5.161 -5.51891
5.162 -5.22542
5.163 -5.23888
5.164 -5.51891
5.166 -5.40877
5.167 -5.18094
5.168 -4.83621
5.169 -4.81919
5.17 -5.06508
5.171 -5.3823
5.172 -4.85774
5.173 -5.51411
5.174 -5.17732
5.175 -5.17732
5.176 -5.70514
5.177 -5.65174
5.178 -5.6358
5.179 -4.65074
5.18 -3.71928
5.182 -5.06604
5.183 -5.7352
5.184 -5.74472
5.185 -5.17371
5.186 -5.50724
5.187 -5.31019
5.188 -5.07369
5.189 -2.94362
5.19 -5.07505
5.193 -4.94188
5.194 -5.48114
5.195 -5.17607
5.197 -5.41637
5.198 -4.98256
5.199 -5.48627
5.2 -5.48627
5.201 -5.21666
5.202 -4.92233
5.203 -5.2467
5.204 -4.82574
5.205 -5.2051
5.206 -5.0121
5.207 -5.20846
5.208 -5.65481
5.209 -5.20733
5.21 -5.19463
5.211 -4.89272
5.212 -4.98681
5.213 -5.65975
5.214 -5.07362
5.215 -5.38784
5.216 -4.8967
5.217 -5.09664
5.218 -5.18825
5.219 -4.67744
5.224 -5.23067
5.225 -5.65975
5.226 -4.95277
5.228 -4.82506
5.229 -5.63397
5.23 -5.64954
5.231 -4.70499
5.233 -5.68786
5.235 -5.16599
5.236 -5.64289
5.238 -5.46119
5.239 -3.40587
5.24 -4.83369
5.243 -5.39644
5.244 -5.72908
5.249 -5.36045
5.25 -5.23656
5.252 -5.1831
5.257 -5.41218
5.259 -5.19348
5.26 -4.97252
5.262 -5.17222
5.264 -5.71882
5.266 -5.72315
5.267 -5.72462
5.268 -5.34923
5.269 -5.66599
5.27 -5.68113
5.271 -5.37805
5.273 -5.35539
5.274 -5.353
5.275 -5.22801
5.277 -5.69872
5.278 -5.69998
5.279 -5.69998
5.28 -5.66236
5.282 -5.66236
5.284 -5.73833
5.285 -5.6589
5.288 -5.05769
5.289 -4.98174
5.29 -5.07111
5.291 -5.06144
5.292 -5.3952
5.293 -5.71321
5.294 -5.39275
5.295 -5.05903
5.297 -3.346
5.298 -5.07543
5.299 -5.6779
5.3 -5.18951
5.301 -5.37582
5.302 -5.08549
5.303 -4.78175
5.304 -3.21969
5.307 -5.66236
5.308 -4.89736
5.309 -5.67076
5.31 -4.72246
5.311 -5.19837
5.312 -5.19606
5.313 -5.38342
5.314 -5.695
5.315 -5.65026
5.316 -5.40676
5.318 -5.38859
5.319 -5.70912
5.32 -5.70646
5.323 -5.70254
5.326 -5.70383
5.327 -5.67175
5.329 -5.37226
5.331 -5.36594
5.333 -5.68557
5.334 -5.65723
5.335 -5.65642
5.336 -5.35994
5.337 -5.37418
5.34 -5.68671
5.342 -5.65806
5.344 -5.20376
5.349 -5.06653
5.351 -5.68333
5.352 -5.66599
5.355 -5.68903
5.356 -5.67581
5.357 -5.70125
5.358 -5.67685
5.359 -5.65174
5.365 -5.69378
5.366 -5.66979
5.368 -5.1957
5.369 -5.37435
5.37 -5.70778
5.374 -3.11986
5.392 -5.69872
5.399 -5.6323
5.402 -5.69872
5.423 -5.64954
5.43 -5.07375
5.433 -5.35146
5.443 -4.79057
5.466 -5.67478
5.485 -5.66325
5.501 -5.50724
5.549 -5.64228
5.574 -5.50724
5.613 -5.47565
5.627 -5.65099
5.634 -5.76155
5.645 -5.54131
5.759 -5.54131
6.111 -5.47565
10.068 -3.23147
339.501 -2.90187
 
 
