0.003 -2.44985
0.004 -2.07475
0.005 -1.94024
0.006 -1.96515
0.007 -1.69466
0.008 -1.59015
0.009 -1.39256
0.01 -1.40403
0.011 -1.24659
0.012 -1.11045
0.013 -1.01152
0.014 -0.893519
0.015 -0.807841
0.016 -0.768541
0.017 -0.641791
0.018 -0.564976
0.019 -0.489629
0.02 -0.48006
0.021 -0.432364
0.022 -0.40673
0.023 -0.401898
0.024 -0.36717
0.025 -0.37535
0.026 -0.359031
0.027 -0.34575
0.028 -0.344274
0.029 -0.354965
0.03 -0.346433
0.031 -0.320394
0.032 -0.320591
0.033 -0.340344
0.034 -0.34414
0.035 -0.338744
0.036 -0.355588
0.037 -0.364213
0.038 -0.389719
0.039 -0.352353
0.04 -0.355977
0.041 -0.348265
0.042 -0.350625
0.043 -0.356652
0.044 -0.358351
0.045 -0.347968
0.046 -0.396183
0.047 -0.357338
0.048 -0.377033
0.049 -0.333691
0.05 -0.355458
0.051 -0.3814
0.052 -0.356292
0.053 -0.350607
0.054 -0.404917
0.055 -0.391852
0.056 -0.376246
0.057 -0.412878
0.058 -0.426762
0.059 -0.395328
0.06 -0.419581
0.061 -0.441195
0.062 -0.449197
0.063 -0.419563
0.064 -0.444569
0.065 -0.431248
0.066 -0.445136
0.067 -0.461578
0.068 -0.441289
0.069 -0.468464
0.07 -0.420934
0.071 -0.49237
0.072 -0.474711
0.073 -0.498734
0.074 -0.508576
0.075 -0.518293
0.076 -0.509191
0.077 -0.515966
0.078 -0.547951
0.079 -0.50471
0.08 -0.496667
0.081 -0.516831
0.082 -0.527439
0.083 -0.515847
0.084 -0.527447
0.085 -0.531103
0.086 -0.533858
0.087 -0.54928
0.088 -0.509778
0.089 -0.561665
0.09 -0.53873
0.091 -0.547652
0.092 -0.557456
0.093 -0.580302
0.094 -0.572769
0.095 -0.618268
0.096 -0.583217
0.097 -0.556913
0.098 -0.554163
0.099 -0.59205
0.1 -0.582268
0.101 -0.590628
0.102 -0.608679
0.103 -0.597649
0.104 -0.605751
0.105 -0.621756
0.106 -0.635019
0.107 -0.624806
0.108 -0.574635
0.109 -0.60536
0.11 -0.626345
0.111 -0.605082
0.112 -0.622545
0.113 -0.654477
0.114 -0.631194
0.115 -0.645355
0.116 -0.643989
0.117 -0.69001
0.118 -0.672182
0.119 -0.646379
0.12 -0.731331
0.121 -0.685959
0.122 -0.696237
0.123 -0.685238
0.124 -0.686004
0.125 -0.698311
0.126 -0.698742
0.127 -0.751941
0.128 -0.731163
0.129 -0.72029
0.13 -0.741935
0.131 -0.729508
0.132 -0.731843
0.133 -0.696319
0.134 -0.718756
0.135 -0.701646
0.136 -0.681491
0.137 -0.696344
0.138 -0.689093
0.139 -0.684715
0.14 -0.669192
0.141 -0.64252
0.142 -0.679709
0.143 -0.698772
0.144 -0.67218
0.145 -0.67946
0.146 -0.710523
0.147 -0.684331
0.148 -0.687931
0.149 -0.695428
0.15 -0.6931
0.151 -0.703042
0.152 -0.745354
0.153 -0.733055
0.154 -0.752196
0.155 -0.757206
0.156 -0.800217
0.157 -0.751089
0.158 -0.726379
0.159 -0.779798
0.16 -0.814868
0.161 -0.781293
0.162 -0.814812
0.163 -0.864006
0.164 -0.851858
0.165 -0.828207
0.166 -0.800339
0.167 -0.819647
0.168 -0.827508
0.169 -0.82856
0.17 -0.842708
0.171 -0.835277
0.172 -0.854544
0.173 -0.819687
0.174 -0.844128
0.175 -0.86229
0.176 -0.853585
0.177 -0.869649
0.178 -0.86004
0.179 -0.85262
0.18 -0.837368
0.181 -0.877545
0.182 -0.840774
0.183 -0.800205
0.184 -0.795317
0.185 -0.863644
0.186 -0.853897
0.187 -0.838168
0.188 -0.885222
0.189 -0.909417
0.19 -0.861335
0.191 -0.804393
0.192 -0.872663
0.193 -0.894532
0.194 -0.845149
0.195 -0.882074
0.196 -0.827753
0.197 -0.823911
0.198 -0.854646
0.199 -0.837798
0.2 -0.898749
0.201 -0.869709
0.202 -0.821562
0.203 -0.882016
0.204 -0.905171
0.205 -0.865614
0.206 -0.904993
0.207 -0.911609
0.208 -0.922439
0.209 -0.921101
0.21 -0.981764
0.211 -0.949427
0.212 -0.968525
0.213 -0.898244
0.214 -0.984431
0.215 -0.997371
0.216 -0.94541
0.217 -0.955627
0.218 -0.945455
0.219 -0.983261
0.22 -0.976299
0.221 -0.991869
0.222 -1.02516
0.223 -0.969779
0.224 -0.980805
0.225 -0.995672
0.226 -0.974262
0.227 -0.990784
0.228 -0.986178
0.229 -0.948976
0.23 -1.00552
0.231 -0.958862
0.232 -1.01686
0.233 -0.994934
0.234 -1.02225
0.235 -1.04851
0.236 -0.992704
0.237 -1.02661
0.238 -1.04608
0.239 -1.04387
0.24 -1.03681
0.241 -1.02892
0.242 -1.06497
0.243 -1.04077
0.244 -1.08899
0.245 -1.08391
0.246 -1.1095
0.247 -0.997763
0.248 -1.0304
0.249 -1.01581
0.25 -1.04876
0.251 -1.00775
0.252 -1.00863
0.253 -1.01535
0.254 -1.06571
0.255 -0.986031
0.256 -0.986794
0.257 -1.00369
0.258 -0.994029
0.259 -0.996992
0.26 -0.982795
0.261 -1.04317
0.262 -1.01863
0.263 -0.994299
0.264 -1.05927
0.265 -1.05183
0.266 -1.07305
0.267 -1.05427
0.268 -1.03058
0.269 -1.00716
0.27 -1.04511
0.271 -1.10991
0.272 -1.09082
0.273 -1.01999
0.274 -1.0298
0.275 -1.09928
0.276 -1.07255
0.277 -1.07536
0.278 -1.06771
0.279 -1.0493
0.28 -1.08151
0.281 -1.13427
0.282 -1.10429
0.283 -1.09535
0.284 -1.09919
0.285 -1.12121
0.286 -1.12636
0.287 -1.11396
0.288 -1.11619
0.289 -1.12909
0.29 -1.16982
0.291 -1.16203
0.292 -1.12238
0.293 -1.04497
0.294 -1.10875
0.295 -1.10736
0.296 -1.15694
0.297 -1.14197
0.298 -1.15037
0.299 -1.13984
0.3 -1.15725
0.301 -1.09037
0.302 -1.10916
0.303 -1.10498
0.304 -1.08241
0.305 -1.15957
0.306 -1.10066
0.307 -1.12277
0.308 -1.21118
0.309 -1.16239
0.31 -1.12125
0.311 -1.15886
0.312 -1.15744
0.313 -1.15742
0.314 -1.15973
0.315 -1.17599
0.316 -1.17019
0.317 -1.21434
0.318 -1.12401
0.319 -1.13669
0.32 -1.21819
0.321 -1.20549
0.322 -1.169
0.323 -1.16124
0.324 -1.1909
0.325 -1.16198
0.326 -1.18744
0.327 -1.17611
0.328 -1.23092
0.329 -1.21348
0.33 -1.20168
0.331 -1.21547
0.332 -1.19916
0.333 -1.22263
0.334 -1.2387
0.335 -1.18871
0.336 -1.21579
0.337 -1.22221
0.338 -1.18998
0.339 -1.18098
0.34 -1.23206
0.341 -1.25569
0.342 -1.2889
0.343 -1.20468
0.344 -1.31373
0.345 -1.22833
0.346 -1.2447
0.347 -1.20777
0.348 -1.20111
0.349 -1.26944
0.35 -1.23635
0.351 -1.22086
0.352 -1.23539
0.353 -1.2298
0.354 -1.26864
0.355 -1.19101
0.356 -1.35497
0.357 -1.33512
0.358 -1.3127
0.359 -1.22844
0.36 -1.30101
0.361 -1.35443
0.362 -1.32887
0.363 -1.25326
0.364 -1.25309
0.365 -1.30188
0.366 -1.27279
0.367 -1.32205
0.368 -1.24977
0.369 -1.31831
0.37 -1.34486
0.371 -1.28688
0.372 -1.33228
0.373 -1.26061
0.374 -1.36129
0.375 -1.34014
0.376 -1.33774
0.377 -1.39237
0.378 -1.4083
0.379 -1.33211
0.38 -1.37839
0.381 -1.37955
0.382 -1.37474
0.383 -1.32836
0.384 -1.33463
0.385 -1.39078
0.386 -1.34063
0.387 -1.31431
0.388 -1.38442
0.389 -1.42676
0.39 -1.31937
0.391 -1.42562
0.392 -1.43798
0.393 -1.43138
0.394 -1.38699
0.395 -1.32451
0.396 -1.3373
0.397 -1.40618
0.398 -1.4204
0.399 -1.38922
0.4 -1.35805
0.401 -1.35903
0.402 -1.47242
0.403 -1.41283
0.404 -1.43313
0.405 -1.41156
0.406 -1.40351
0.407 -1.48618
0.408 -1.51974
0.409 -1.3953
0.41 -1.51027
0.411 -1.42495
0.412 -1.3711
0.413 -1.45699
0.414 -1.41538
0.415 -1.43834
0.416 -1.50279
0.417 -1.47536
0.418 -1.45252
0.419 -1.54068
0.42 -1.48425
0.421 -1.45208
0.422 -1.46834
0.423 -1.53834
0.424 -1.47825
0.425 -1.47246
0.426 -1.51373
0.427 -1.4796
0.428 -1.46298
0.429 -1.47898
0.43 -1.43455
0.431 -1.42713
0.432 -1.54235
0.433 -1.44717
0.434 -1.47696
0.435 -1.51083
0.436 -1.41591
0.437 -1.50153
0.438 -1.42986
0.439 -1.55357
0.44 -1.45148
0.441 -1.46438
0.442 -1.46889
0.443 -1.49956
0.444 -1.45554
0.445 -1.51656
0.446 -1.53618
0.447 -1.49521
0.448 -1.50645
0.449 -1.46568
0.45 -1.47887
0.451 -1.51938
0.452 -1.50508
0.453 -1.5765
0.454 -1.47387
0.455 -1.58124
0.456 -1.50087
0.457 -1.64218
0.458 -1.58693
0.459 -1.45078
0.46 -1.50451
0.461 -1.55801
0.462 -1.49945
0.463 -1.53855
0.464 -1.53129
0.465 -1.56754
0.466 -1.51574
0.467 -1.58748
0.468 -1.54801
0.469 -1.48121
0.47 -1.56218
0.471 -1.58759
0.472 -1.56751
0.473 -1.56891
0.474 -1.52576
0.475 -1.51928
0.476 -1.5564
0.477 -1.52056
0.478 -1.59368
0.479 -1.54243
0.48 -1.55785
0.481 -1.56944
0.482 -1.58253
0.483 -1.64191
0.484 -1.54944
0.485 -1.64055
0.486 -1.62168
0.487 -1.56096
0.488 -1.62045
0.489 -1.64769
0.49 -1.588
0.491 -1.63781
0.492 -1.68502
0.493 -1.62556
0.494 -1.5629
0.495 -1.52738
0.496 -1.60882
0.497 -1.69067
0.498 -1.67937
0.499 -1.64125
0.5 -1.75162
0.501 -1.6282
0.502 -1.72409
0.503 -1.63635
0.504 -1.67577
0.505 -1.64851
0.506 -1.77052
0.507 -1.77385
0.508 -1.73222
0.509 -1.74978
0.51 -1.63478
0.511 -1.70725
0.512 -1.70742
0.513 -1.7802
0.514 -1.67374
0.515 -1.73215
0.516 -1.71828
0.517 -1.75968
0.518 -1.73987
0.519 -1.8573
0.52 -1.73016
0.521 -1.70965
0.522 -1.70671
0.523 -1.72842
0.524 -1.68369
0.525 -1.72069
0.526 -1.81105
0.527 -1.64907
0.528 -1.72675
0.529 -1.71677
0.53 -1.70741
0.531 -1.6867
0.532 -1.78845
0.533 -1.75094
0.534 -1.86035
0.535 -1.79279
0.536 -1.74957
0.537 -1.74443
0.538 -1.69225
0.539 -1.73734
0.54 -1.83921
0.541 -1.81943
0.542 -1.8268
0.543 -1.742
0.544 -1.76526
0.545 -1.81499
0.546 -1.73792
0.547 -1.74028
0.548 -1.73031
0.549 -1.81064
0.55 -1.74911
0.551 -1.7718
0.552 -1.83097
0.553 -1.88039
0.554 -1.78276
0.555 -1.76269
0.556 -1.84916
0.557 -1.77587
0.558 -1.85545
0.559 -1.87279
0.56 -1.75427
0.561 -1.98638
0.562 -1.86615
0.563 -1.76538
0.564 -1.83795
0.565 -1.86584
0.566 -1.81983
0.567 -1.84965
0.568 -1.78568
0.569 -1.74192
0.57 -1.81046
0.571 -1.86645
0.572 -1.80312
0.573 -1.9159
0.574 -1.90739
0.575 -1.66505
0.576 -1.82204
0.577 -1.85053
0.578 -1.96973
0.579 -1.82349
0.58 -1.85853
0.581 -1.90169
0.582 -1.92259
0.583 -1.85971
0.584 -1.84559
0.585 -1.85931
0.586 -1.83887
0.587 -1.74116
0.588 -1.81585
0.589 -1.90431
0.59 -1.81694
0.591 -1.89982
0.592 -1.75505
0.593 -1.91503
0.594 -1.88588
0.595 -1.92622
0.596 -1.92119
0.597 -1.78426
0.598 -1.79824
0.599 -1.87257
0.6 -1.92043
0.601 -1.86526
0.602 -1.7505
0.603 -1.94094
0.604 -1.88225
0.605 -1.75484
0.606 -1.79834
0.607 -1.84251
0.608 -1.78296
0.609 -1.88248
0.61 -1.83853
0.611 -1.81239
0.612 -1.88372
0.613 -1.91085
0.614 -1.94356
0.615 -1.8014
0.616 -1.91696
0.617 -1.86772
0.618 -1.77956
0.619 -1.92901
0.62 -1.90268
0.621 -1.85389
0.622 -1.8214
0.623 -1.96468
0.624 -1.90027
0.625 -1.91419
0.626 -1.86073
0.627 -1.88253
0.628 -1.86544
0.629 -1.94986
0.63 -1.88525
0.631 -1.88576
0.632 -1.88983
0.633 -1.89302
0.634 -1.99677
0.635 -1.98952
0.636 -1.92285
0.637 -2.06987
0.638 -1.89719
0.639 -1.9574
0.64 -1.93265
0.641 -2.01552
0.642 -2.07672
0.643 -1.98639
0.644 -2.02592
0.645 -2.0486
0.646 -1.97825
0.647 -1.95271
0.648 -2.03177
0.649 -1.9841
0.65 -2.049
0.651 -2.15663
0.652 -1.96255
0.653 -1.90057
0.654 -1.99537
0.655 -2.01019
0.656 -2.0469
0.657 -2.00658
0.658 -2.06104
0.659 -1.95705
0.66 -1.99013
0.661 -1.89048
0.662 -2.08116
0.663 -2.1754
0.664 -1.96799
0.665 -2.04582
0.666 -2.16089
0.667 -2.07039
0.668 -2.01613
0.669 -2.07676
0.67 -2.20891
0.671 -2.02566
0.672 -2.0994
0.673 -2.12459
0.674 -1.95224
0.675 -2.08235
0.676 -1.98796
0.677 -2.03208
0.678 -2.17927
0.679 -2.00293
0.68 -2.18389
0.681 -2.03762
0.682 -2.02138
0.683 -2.18878
0.684 -2.14392
0.685 -2.19338
0.686 -2.09292
0.687 -2.10554
0.688 -2.23061
0.689 -2.02671
0.69 -2.21223
0.691 -2.22258
0.692 -2.09944
0.693 -2.02093
0.694 -2.0956
0.695 -2.10975
0.696 -2.06397
0.697 -2.15659
0.698 -2.20805
0.699 -2.17996
0.7 -2.1548
0.701 -2.12396
0.702 -2.26987
0.703 -2.11981
0.704 -2.19292
0.705 -2.10007
0.706 -2.10316
0.707 -2.44217
0.708 -2.26086
0.709 -2.22926
0.71 -2.265
0.711 -2.26606
0.712 -2.33438
0.713 -2.2498
0.714 -2.20837
0.715 -2.11833
0.716 -2.00939
0.717 -2.38843
0.718 -2.28395
0.719 -2.23663
0.72 -2.27262
0.721 -2.29667
0.722 -2.05566
0.723 -2.32425
0.724 -2.34171
0.725 -2.24747
0.726 -2.3722
0.727 -2.24876
0.728 -2.18177
0.729 -2.23297
0.73 -2.46151
0.731 -2.25528
0.732 -2.23654
0.733 -2.18162
0.734 -2.43821
0.735 -2.47484
0.736 -2.35462
0.737 -2.35801
0.738 -2.29198
0.739 -2.35962
0.74 -2.30817
0.741 -2.57747
0.742 -2.374
0.743 -2.06274
0.744 -2.39815
0.745 -2.2524
0.746 -2.37112
0.747 -2.54794
0.748 -2.36943
0.749 -2.34837
0.75 -2.06655
0.751 -2.30326
0.752 -2.25016
0.753 -2.47072
0.754 -2.51295
0.755 -2.30537
0.756 -2.27836
0.757 -2.46278
0.758 -2.23965
0.759 -2.18918
0.76 -2.43785
0.761 -2.4773
0.762 -2.40386
0.763 -2.36387
0.764 -2.19436
0.765 -2.55426
0.766 -2.42547
0.767 -2.43219
0.768 -2.18632
0.769 -2.39775
0.77 -2.31438
0.771 -2.49838
0.772 -2.41376
0.773 -2.36988
0.774 -2.38141
0.775 -2.47233
0.776 -2.33285
0.777 -2.36791
0.778 -2.55475
0.779 -2.50339
0.78 -2.15333
0.781 -2.65287
0.782 -2.63463
0.783 -2.34768
0.784 -2.4264
0.785 -2.61194
0.786 -2.46816
0.787 -2.33949
0.788 -2.46186
0.789 -2.83647
0.79 -2.35616
0.791 -2.43085
0.792 -2.3996
0.793 -2.56956
0.794 -2.49978
0.795 -2.46835
0.796 -2.32935
0.797 -2.53401
0.798 -2.73825
0.799 -2.5284
0.8 -2.47684
0.801 -2.65921
0.802 -2.5623
0.803 -2.81435
0.804 -2.38957
0.805 -2.53459
0.806 -2.54296
0.807 -2.34906
0.808 -2.60453
0.809 -2.22618
0.81 -2.28185
0.811 -2.40741
0.812 -2.63975
0.813 -2.36001
0.814 -2.51833
0.815 -2.3579
0.816 -2.58981
0.817 -2.39181
0.818 -2.54077
0.819 -2.6402
0.82 -2.42203
0.821 -2.57222
0.822 -2.54596
0.823 -2.68058
0.824 -2.60257
0.825 -2.58216
0.826 -2.40009
0.827 -2.24497
0.828 -2.36927
0.829 -2.34833
0.83 -2.25924
0.831 -2.18919
0.832 -2.30427
0.833 -2.61634
0.834 -2.53469
0.835 -2.34413
0.836 -2.50856
0.837 -2.44545
0.838 -2.57647
0.839 -2.46324
0.84 -2.84483
0.841 -2.43437
0.842 -2.42866
0.843 -2.56983
0.844 -2.35529
0.845 -2.68113
0.846 -2.33659
0.847 -2.79868
0.848 -3.39932
0.849 -2.59332
0.85 -2.55964
0.851 -2.44853
0.852 -2.43284
0.853 -3.04921
0.854 -2.69037
0.855 -2.52734
0.856 -2.72849
0.857 -2.30538
0.858 -2.80668
0.859 -2.40675
0.86 -2.76382
0.861 -2.36902
0.862 -2.775
0.863 -2.61163
0.864 -2.32537
0.865 -2.64345
0.866 -2.7887
0.867 -2.59525
0.868 -2.76597
0.869 -2.54014
0.87 -2.78432
0.871 -2.49133
0.872 -2.52116
0.873 -2.35051
0.874 -2.45136
0.875 -2.86527
0.876 -2.7106
0.877 -2.70279
0.878 -2.85886
0.879 -2.55736
0.88 -2.56512
0.881 -2.62
0.882 -3.00174
0.883 -2.82645
0.884 -2.49061
0.885 -3.36134
0.886 -2.82371
0.887 -2.79221
0.888 -2.4463
0.889 -3.08072
0.89 -2.51166
0.891 -2.60789
0.892 -2.99411
0.893 -2.60646
0.894 -2.53146
0.895 -2.95533
0.896 -2.81594
0.897 -2.56631
0.898 -3.53627
0.899 -2.5459
0.9 -2.68485
0.901 -2.85494
0.902 -2.87015
0.903 -3.60759
0.904 -2.54429
0.905 -2.43895
0.906 -2.77919
0.907 -3.33446
0.908 -2.64596
0.909 -2.28858
0.91 -2.84116
0.911 -2.85543
0.912 -2.68364
0.913 -2.80847
0.914 -2.83932
0.915 -2.73236
0.916 -2.96478
0.917 -2.63997
0.918 -2.93345
0.919 -3.02488
0.92 -3.12271
0.921 -3.03676
0.922 -2.46231
0.923 -2.75269
0.924 -2.74306
0.925 -3.18422
0.926 -2.43815
0.927 -3.16617
0.928 -2.72675
0.929 -2.91077
0.93 -2.80611
0.931 -2.75264
0.932 -2.77745
0.933 -2.33352
0.934 -2.50279
0.935 -2.49514
0.936 -2.85147
0.937 -3.14498
0.938 -2.64728
0.939 -2.62583
0.94 -2.91059
0.941 -2.67165
0.942 -2.95538
0.943 -2.99778
0.944 -2.73643
0.945 -3.33786
0.946 -2.79058
0.947 -3.78513
0.948 -3.73872
0.949 -3.03996
0.95 -2.93529
0.951 -2.68627
0.952 -2.84097
0.953 -2.74099
0.954 -3.39099
0.955 -2.97849
0.956 -3.01919
0.957 -3.04048
0.958 -3.48332
0.959 -2.86326
0.96 -2.80252
0.961 -4.09755
0.962 -2.56412
0.963 -2.4709
0.964 -3.42447
0.965 -3.019
0.966 -2.6705
0.967 -3.06328
0.968 -2.72762
0.969 -2.9415
0.97 -2.74239
0.971 -3.06321
0.972 -2.53708
0.973 -2.87698
0.974 -2.43009
0.975 -2.57414
0.976 -2.56344
0.977 -2.69696
0.978 -2.67999
0.979 -2.43239
0.98 -2.52917
0.981 -2.71914
0.982 -2.64432
0.983 -2.96934
0.984 -3.80903
0.985 -2.84709
0.986 -3.02986
0.987 -2.63888
0.988 -2.72282
0.989 -2.72235
0.99 -2.72903
0.991 -2.77143
0.992 -2.82414
0.993 -2.36159
0.994 -2.7388
0.995 -2.97351
0.996 -2.4649
0.997 -3.07762
0.998 -3.17641
0.999 -2.90087
1 -3.13353
1.001 -2.67134
1.002 -2.88618
1.003 -2.65681
1.004 -2.95225
1.005 -2.57686
1.006 -3.54689
1.007 -3.08625
1.008 -3.02065
1.009 -2.80444
1.01 -2.78637
1.011 -2.57883
1.012 -3.0867
1.013 -2.66112
1.014 -2.41425
1.015 -3.06692
1.016 -2.63877
1.017 -2.7256
1.018 -2.95959
1.019 -2.28115
1.02 -3.07271
1.021 -2.70967
1.022 -2.95629
1.023 -2.77655
1.024 -2.87306
1.025 -2.52079
1.026 -2.83833
1.027 -2.77915
1.028 -2.67563
1.029 -2.75801
1.03 -2.93319
1.031 -3.30924
1.032 -2.47085
1.033 -2.9197
1.034 -3.34759
1.035 -2.82643
1.036 -2.69949
1.037 -3.64062
1.038 -3.69962
1.039 -3.58125
1.04 -2.66635
1.041 -2.6476
1.042 -2.82031
1.043 -3.28091
1.044 -3.73999
1.045 -2.87023
1.046 -2.98221
1.047 -2.8107
1.048 -2.77325
1.049 -2.96538
1.05 -3.2325
1.051 -2.68296
1.052 -3.97937
1.053 -2.80651
1.054 -3.48768
1.055 -2.90611
1.056 -2.75231
1.057 -3.18964
1.058 -2.76381
1.059 -2.95711
1.06 -2.98819
1.061 -2.69516
1.062 -2.57993
1.063 -3.68817
1.064 -2.98182
1.065 -3.10094
1.066 -2.81666
1.067 -2.27707
1.068 -2.84958
1.069 -2.47601
1.07 -4.02038
1.071 -3.17029
1.072 -3.1103
1.073 -3.03013
1.074 -2.78361
1.075 -2.81561
1.076 -3.14901
1.077 -3.22432
1.078 -3.59874
1.079 -4.2655
1.08 -2.42419
1.081 -2.81704
1.082 -2.8056
1.083 -2.92082
1.084 -3.83821
1.085 -2.62561
1.086 -3.87544
1.087 -2.66048
1.088 -2.76299
1.089 -2.55813
1.09 -2.76373
1.091 -3.26276
1.092 -4.01813
1.093 -2.57642
1.094 -3.1722
1.095 -2.69653
1.096 -2.59582
1.097 -2.86176
1.098 -3.02532
1.099 -2.48199
1.1 -2.58686
1.101 -2.79728
1.102 -2.82205
1.103 -3.37255
1.104 -5.11711
1.105 -3.29304
1.106 -2.72443
1.107 -4.09212
1.108 -2.65725
1.109 -3.17588
1.11 -3.03772
1.111 -2.95479
1.112 -3.06177
1.113 -2.84543
1.114 -2.83356
1.115 -2.3113
1.116 -3.07617
1.117 -3.01922
1.118 -3.42591
1.119 -2.63013
1.12 -2.8852
1.121 -2.54877
1.122 -2.99958
1.123 -2.96908
1.124 -2.73574
1.125 -2.5523
1.126 -3.00985
1.127 -4.67094
1.128 -3.18232
1.129 -3.00987
1.13 -5.35557
1.131 -3.69269
1.132 -3.15185
1.133 -2.75806
1.134 -2.76839
1.135 -3.10764
1.136 -2.9004
1.137 -2.79134
1.138 -2.93527
1.139 -3.83605
1.14 -2.86029
1.141 -2.81189
1.142 -3.0092
1.143 -3.343
1.144 -2.99319
1.145 -2.55496
1.146 -3.01101
1.147 -3.59403
1.148 -3.08441
1.149 -3.11353
1.15 -2.63131
1.151 -2.53279
1.152 -3.04295
1.153 -3.28915
1.154 -2.80672
1.155 -2.70649
1.156 -2.8169
1.157 -2.85083
1.158 -2.76954
1.159 -3.17336
1.16 -2.6948
1.161 -2.78546
1.162 -2.9572
1.163 -2.80577
1.164 -3.08981
1.165 -2.5497
1.166 -2.79078
1.167 -3.2998
1.168 -2.5475
1.169 -3.22373
1.17 -2.9028
1.171 -2.91214
1.172 -2.59454
1.173 -3.15938
1.174 -3.92031
1.175 -2.35163
1.176 -3.13854
1.177 -3.21975
1.178 -3.83709
1.179 -3.05709
1.18 -3.33321
1.181 -2.62335
1.182 -2.71076
1.183 -2.9216
1.184 -2.95519
1.185 -2.74957
1.186 -2.62096
1.187 -2.75746
1.188 -2.86272
1.189 -2.68454
1.19 -3.01037
1.191 -5.60535
1.192 -3.09904
1.193 -2.9991
1.194 -3.37064
1.195 -2.96796
1.196 -2.82868
1.197 -2.64863
1.198 -2.64008
1.199 -3.12903
1.2 -2.9376
1.201 -2.69355
1.202 -2.7484
1.203 -2.52013
1.205 -3.27052
1.206 -3.2308
1.207 -2.96172
1.208 -3.04246
1.209 -2.53696
1.21 -3.33412
1.211 -2.7129
1.212 -3.91205
1.213 -3.08346
1.214 -3.34208
1.215 -2.59817
1.216 -2.65063
1.217 -2.87159
1.218 -2.51362
1.219 -2.91361
1.22 -2.68971
1.221 -2.70352
1.222 -2.82698
1.223 -2.9695
1.224 -2.90983
1.225 -3.38774
1.226 -2.85682
1.227 -3.40123
1.228 -2.78802
1.229 -3.52671
1.23 -2.57621
1.231 -3.20888
1.232 -3.0995
1.233 -3.34927
1.234 -2.83711
1.235 -3.42726
1.236 -2.80942
1.238 -2.97126
1.239 -3.82588
1.24 -3.40154
1.241 -2.91019
1.242 -2.63908
1.243 -3.91359
1.244 -3.51244
1.245 -2.45938
1.246 -3.13154
1.248 -2.88298
1.249 -4.15227
1.25 -3.09638
1.251 -2.55253
1.252 -2.89094
1.253 -3.34026
1.254 -3.31237
1.255 -4.08776
1.256 -2.45852
1.257 -2.88236
1.258 -3.54012
1.259 -2.83161
1.26 -3.67546
1.261 -3.84819
1.262 -2.828
1.263 -2.62027
1.264 -2.70881
1.265 -2.92616
1.266 -2.78001
1.267 -3.5226
1.268 -2.90955
1.269 -2.61633
1.27 -2.90332
1.271 -3.72791
1.272 -3.09864
1.273 -3.64951
1.274 -3.43659
1.275 -2.61076
1.276 -2.78212
1.277 -3.0563
1.278 -3.26196
1.279 -2.45818
1.28 -3.03786
1.281 -2.77462
1.282 -2.91347
1.283 -3.0102
1.284 -4.08199
1.285 -2.77977
1.286 -3.03972
1.287 -2.96539
1.288 -3.3202
1.289 -2.75268
1.29 -3.10148
1.291 -3.13532
1.292 -2.90528
1.293 -2.72471
1.294 -2.86034
1.295 -2.69507
1.296 -3.10349
1.297 -3.09561
1.298 -3.63746
1.299 -2.90511
1.3 -2.85114
1.301 -3.51055
1.302 -3.68669
1.303 -3.90618
1.304 -2.53277
1.305 -3.17449
1.306 -4.10658
1.307 -2.86769
1.308 -4.33285
1.309 -2.74644
1.31 -3.20438
1.311 -2.83094
1.312 -3.32883
1.313 -3.09982
1.314 -2.67835
1.315 -2.71861
1.316 -2.5326
1.317 -4.22043
1.318 -3.44414
1.319 -3.65216
1.32 -2.92767
1.321 -2.88274
1.322 -3.19822
1.323 -2.81595
1.324 -2.44599
1.325 -2.42621
1.326 -5.0713
1.327 -3.19895
1.328 -2.75653
1.329 -2.68096
1.33 -3.30786
1.331 -3.19799
1.332 -2.95572
1.333 -3.38181
1.334 -3.03747
1.335 -3.4682
1.336 -3.3098
1.337 -3.35801
1.338 -4.19579
1.339 -2.88765
1.34 -4.12084
1.341 -3.45291
1.342 -2.62049
1.343 -3.3769
1.344 -3.33021
1.345 -2.59085
1.346 -5.05431
1.347 -2.76326
1.348 -3.13668
1.349 -4.90892
1.35 -2.80478
1.352 -3.42211
1.353 -2.9205
1.354 -2.72111
1.355 -3.25897
1.356 -3.25963
1.357 -3.43746
1.358 -3.12919
1.359 -2.73042
1.36 -3.24806
1.361 -2.75063
1.362 -2.94849
1.363 -2.99557
1.364 -4.47891
1.365 -2.93796
1.366 -3.11797
1.367 -4.49307
1.368 -2.85558
1.369 -2.97898
1.371 -2.91895
1.372 -3.38757
1.373 -3.39125
1.374 -2.5401
1.375 -3.71074
1.376 -2.99851
1.377 -2.78394
1.378 -3.37411
1.379 -2.74876
1.38 -2.86731
1.381 -2.47916
1.382 -4.1748
1.383 -2.43826
1.384 -3.84229
1.385 -2.9509
1.386 -3.22933
1.387 -3.95059
1.388 -2.92167
1.389 -2.9508
1.39 -3.02421
1.391 -2.75529
1.392 -5.43838
1.393 -3.98374
1.394 -3.01522
1.395 -4.19257
1.396 -2.89814
1.397 -3.39176
1.398 -3.07198
1.399 -4.97258
1.4 -4.01511
1.401 -3.0366
1.403 -3.82519
1.404 -3.37333
1.405 -3.20999
1.406 -4.28927
1.407 -2.72854
1.408 -4.55858
1.409 -3.92859
1.41 -3.09411
1.411 -5.84599
1.412 -3.14582
1.413 -3.40099
1.414 -2.69153
1.415 -4.13085
1.416 -2.54251
1.417 -3.20354
1.418 -2.80939
1.419 -3.45329
1.42 -3.34832
1.421 -3.44249
1.422 -2.61514
1.423 -4.63943
1.424 -4.63548
1.425 -2.94832
1.426 -4.3265
1.427 -2.6794
1.428 -3.50921
1.429 -4.32085
1.43 -4.38725
1.431 -3.08636
1.432 -4.68225
1.433 -2.55969
1.434 -2.79028
1.435 -3.31916
1.436 -2.76741
1.437 -2.84068
1.438 -2.81192
1.44 -4.42711
1.441 -3.1008
1.442 -3.18201
1.443 -2.89123
1.444 -3.79887
1.445 -3.55342
1.446 -2.90023
1.447 -2.64012
1.448 -2.84084
1.449 -2.9406
1.45 -4.7997
1.452 -3.39067
1.453 -3.36701
1.454 -2.98981
1.455 -3.22444
1.457 -3.06773
1.458 -4.28121
1.459 -3.4028
1.46 -3.3384
1.461 -2.87585
1.462 -3.16182
1.463 -3.04459
1.464 -3.16412
1.465 -2.66825
1.466 -2.88548
1.467 -2.86638
1.468 -5.58489
1.469 -2.9537
1.47 -3.95889
1.471 -4.94044
1.472 -3.17637
1.473 -2.94041
1.474 -5.97543
1.475 -4.27798
1.476 -6.02205
1.477 -4.28467
1.478 -4.12
1.479 -3.32184
1.48 -3.11402
1.481 -2.86273
1.482 -2.88378
1.483 -2.79952
1.484 -2.6781
1.485 -6.20159
1.486 -4.80785
1.487 -4.299
1.488 -2.86319
1.489 -3.13318
1.491 -3.38328
1.492 -2.7186
1.493 -2.76494
1.494 -2.95463
1.495 -3.39409
1.496 -3.43896
1.497 -3.33829
1.498 -3.08034
1.499 -2.61531
1.5 -3.25921
1.501 -3.25962
1.502 -3.18892
1.503 -4.74588
1.504 -3.29515
1.505 -2.95468
1.506 -2.72248
1.507 -3.30864
1.508 -4.51607
1.509 -3.19967
1.51 -4.63731
1.511 -3.49705
1.512 -5.08987
1.514 -5.43135
1.515 -6.23111
1.517 -4.5368
1.518 -4.30083
1.519 -3.40139
1.52 -3.38989
1.521 -5.12076
1.522 -2.91637
1.523 -3.06864
1.524 -4.1294
1.525 -4.64993
1.526 -2.69711
1.527 -2.89174
1.528 -4.3645
1.529 -2.78228
1.531 -4.55177
1.533 -2.77371
1.534 -4.10819
1.535 -2.56815
1.536 -3.36618
1.537 -3.10834
1.538 -2.98577
1.539 -2.99796
1.54 -2.96057
1.541 -2.899
1.542 -2.97072
1.543 -3.07538
1.544 -2.88614
1.545 -3.07404
1.546 -3.35496
1.547 -2.80023
1.548 -2.77196
1.549 -2.91133
1.55 -2.68701
1.551 -2.99715
1.552 -2.76938
1.553 -3.00969
1.554 -4.17315
1.555 -3.46059
1.556 -3.15446
1.557 -2.54377
1.558 -3.44037
1.559 -3.39733
1.56 -4.18918
1.561 -3.53443
1.562 -2.97717
1.563 -3.03814
1.564 -3.4356
1.565 -4.06573
1.566 -3.03565
1.567 -4.34674
1.568 -4.1546
1.569 -4.22846
1.57 -3.24134
1.571 -2.90352
1.572 -3.44256
1.573 -3.36292
1.575 -3.38702
1.576 -3.42983
1.577 -4.32057
1.578 -3.97836
1.579 -4.78971
1.58 -5.13264
1.581 -4.32201
1.582 -3.25804
1.583 -2.68716
1.584 -2.84531
1.585 -3.57023
1.586 -2.60092
1.587 -2.83401
1.588 -3.77256
1.589 -3.19738
1.59 -5.0186
1.591 -3.271
1.592 -3.07535
1.593 -5.15687
1.594 -3.26976
1.595 -3.47025
1.596 -2.88359
1.597 -3.06104
1.598 -3.07494
1.599 -4.68891
1.6 -2.731
1.601 -4.00687
1.602 -2.81517
1.603 -5.08436
1.604 -3.21411
1.605 -3.90738
1.606 -4.33178
1.607 -3.28103
1.608 -4.21642
1.609 -3.06219
1.61 -3.40612
1.611 -3.04386
1.612 -3.25408
1.613 -3.28953
1.614 -3.18412
1.615 -4.22781
1.616 -2.8122
1.617 -3.20649
1.618 -3.75212
1.619 -2.92441
1.62 -3.45496
1.621 -3.10915
1.622 -4.22714
1.623 -3.03449
1.624 -3.65539
1.625 -2.8885
1.626 -2.59989
1.627 -2.95373
1.628 -3.36354
1.63 -3.3433
1.631 -4.16305
1.633 -2.93111
1.634 -2.78966
1.636 -4.714
1.638 -2.86036
1.639 -3.04091
1.64 -2.97965
1.641 -2.91286
1.643 -2.95896
1.644 -3.64302
1.645 -3.89979
1.646 -2.91089
1.648 -2.90587
1.649 -2.81094
1.65 -4.32538
1.651 -3.10488
1.652 -2.65937
1.653 -3.11294
1.655 -4.2105
1.656 -2.87255
1.657 -2.71759
1.658 -3.21422
1.659 -3.02632
1.66 -3.44162
1.663 -4.10103
1.664 -3.37747
1.665 -3.16064
1.666 -2.6459
1.667 -3.23246
1.668 -2.81643
1.669 -5.09771
1.67 -2.81024
1.671 -4.20466
1.672 -2.94312
1.673 -2.98413
1.674 -3.01995
1.675 -2.69631
1.676 -4.45957
1.677 -4.26459
1.678 -2.8496
1.679 -3.21686
1.68 -4.90801
1.681 -3.18184
1.683 -3.1947
1.684 -3.97609
1.685 -4.28227
1.686 -3.08572
1.687 -5.39488
1.688 -3.32829
1.689 -2.75263
1.69 -3.37231
1.691 -4.83014
1.692 -4.6107
1.693 -3.33844
1.694 -4.22846
1.695 -3.16951
1.696 -2.92641
1.697 -4.20557
1.698 -2.99986
1.699 -4.05857
1.701 -3.19387
1.702 -3.43145
1.703 -3.3968
1.704 -4.21326
1.705 -3.30511
1.706 -3.64351
1.707 -4.46352
1.708 -3.16051
1.709 -3.13513
1.711 -3.20521
1.712 -3.2791
1.715 -3.26077
1.716 -4.84721
1.717 -2.91643
1.72 -3.36767
1.721 -2.82169
1.722 -2.73003
1.723 -4.54971
1.724 -3.18949
1.725 -3.35871
1.726 -4.29126
1.727 -3.536
1.728 -3.08183
1.729 -4.35823
1.73 -3.36085
1.731 -2.75437
1.732 -4.01118
1.733 -3.80843
1.734 -5.02388
1.735 -3.96564
1.736 -3.21649
1.737 -4.69287
1.738 -3.34982
1.739 -3.36317
1.74 -3.0544
1.741 -3.51602
1.742 -4.3506
1.743 -3.43463
1.744 -3.21237
1.745 -4.4312
1.746 -4.17228
1.747 -2.8125
1.748 -2.92753
1.749 -4.50063
1.75 -2.55923
1.751 -3.20037
1.752 -3.40395
1.753 -3.98883
1.754 -3.61264
1.755 -3.37303
1.756 -2.75868
1.757 -5.00364
1.758 -4.06235
1.759 -2.95464
1.76 -2.94254
1.761 -2.66236
1.762 -3.72235
1.763 -3.72011
1.764 -3.21041
1.765 -4.22771
1.766 -4.31964
1.767 -3.22807
1.768 -3.26303
1.769 -4.80171
1.77 -3.36346
1.771 -2.64526
1.772 -3.06928
1.773 -3.37032
1.774 -3.07122
1.775 -4.30299
1.776 -2.69363
1.777 -3.32754
1.778 -2.88702
1.779 -4.99366
1.781 -2.78725
1.782 -2.95582
1.784 -3.42602
1.785 -2.95287
1.786 -3.12717
1.787 -3.42003
1.788 -4.45667
1.789 -3.06637
1.79 -4.30869
1.791 -3.05081
1.792 -3.20179
1.793 -3.36722
1.794 -4.83674
1.795 -2.98877
1.796 -3.34029
1.797 -3.22476
1.798 -4.33435
1.799 -4.03537
1.8 -4.37631
1.801 -2.94222
1.802 -5.07613
1.803 -3.26168
1.804 -3.17071
1.805 -2.90118
1.806 -2.99556
1.807 -3.39155
1.808 -4.32885
1.81 -3.41497
1.811 -3.35975
1.812 -2.95079
1.813 -2.8948
1.814 -5.99683
1.815 -4.0698
1.816 -2.94816
1.817 -4.29822
1.818 -3.27404
1.819 -4.47649
1.82 -2.97054
1.821 -2.8268
1.823 -4.02525
1.824 -4.31441
1.825 -2.81728
1.826 -4.34696
1.827 -3.56014
1.831 -3.01325
1.832 -2.87904
1.834 -4.34286
1.835 -3.07921
1.836 -3.10412
1.838 -4.3344
1.84 -4.91705
1.841 -3.33705
1.842 -2.721
1.843 -3.2062
1.844 -3.10963
1.845 -2.94133
1.846 -2.60165
1.848 -5.53987
1.849 -4.12625
1.85 -3.25857
1.851 -3.22626
1.852 -5.14134
1.853 -4.07333
1.854 -5.95917
1.855 -4.62762
1.857 -3.82776
1.858 -3.21463
1.859 -3.68389
1.86 -3.31185
1.861 -3.26402
1.862 -4.53043
1.863 -5.63363
1.864 -3.50519
1.865 -5.28722
1.867 -3.28499
1.868 -3.02995
1.869 -3.37005
1.872 -2.91312
1.873 -3.46276
1.874 -3.46
1.875 -3.10388
1.877 -3.38112
1.878 -3.58271
1.879 -2.85542
1.88 -2.87971
1.881 -4.34621
1.884 -3.77709
1.885 -3.40886
1.886 -2.94555
1.887 -3.37256
1.888 -2.89716
1.889 -3.62867
1.89 -3.5073
1.892 -2.99539
1.893 -2.97228
1.894 -3.09005
1.896 -3.23494
1.899 -4.92632
1.9 -3.13864
1.901 -4.37445
1.902 -2.70054
1.904 -3.6315
1.905 -2.59686
1.906 -2.7965
1.908 -3.12113
1.909 -4.13462
1.91 -3.30285
1.911 -4.54935
1.913 -3.42078
1.914 -3.24626
1.915 -5.62153
1.916 -5.40983
1.918 -3.39936
1.919 -3.06199
1.92 -3.07774
1.921 -3.29198
1.922 -2.97591
1.923 -2.94226
1.924 -2.89757
1.925 -2.8659
1.926 -4.24116
1.927 -2.99355
1.928 -3.31326
1.929 -3.54372
1.931 -4.11015
1.932 -3.35831
1.933 -4.82056
1.934 -3.55191
1.935 -3.34687
1.936 -3.33903
1.937 -3.00123
1.938 -3.39075
1.939 -3.23132
1.94 -3.23354
1.941 -3.2536
1.942 -4.27728
1.943 -4.21287
1.944 -3.05297
1.945 -2.82062
1.947 -3.0804
1.948 -3.07661
1.95 -3.77278
1.951 -3.21566
1.953 -3.25366
1.954 -4.7534
1.956 -2.67689
1.957 -3.03396
1.958 -3.67948
1.959 -3.37715
1.96 -3.0767
1.961 -3.06105
1.963 -4.3253
1.965 -3.39139
1.966 -3.35199
1.968 -3.09735
1.97 -2.9284
1.971 -3.15397
1.972 -3.04409
1.973 -4.51163
1.974 -3.24588
1.975 -3.40085
1.976 -4.93567
1.977 -4.67578
1.978 -4.83738
1.979 -3.21471
1.98 -4.32439
1.982 -3.21048
1.983 -4.24807
1.984 -4.4618
1.985 -4.08483
1.986 -2.91468
1.987 -3.07591
1.988 -3.41578
1.989 -5.57422
1.991 -5.69582
1.992 -3.48701
1.993 -3.21532
1.994 -3.15856
1.995 -3.81092
1.996 -4.94275
1.997 -3.04912
1.998 -2.7722
1.999 -3.36086
2 -2.5377
2.001 -3.09766
2.002 -3.63876
2.003 -3.21463
2.004 -2.94315
2.005 -3.09171
2.006 -2.78088
2.007 -3.01931
2.008 -3.23077
2.009 -3.38377
2.01 -3.42829
2.011 -3.18464
2.012 -3.75155
2.013 -4.15841
2.014 -4.45374
2.015 -3.55111
2.016 -2.89362
2.017 -3.35748
2.018 -2.95885
2.019 -2.82347
2.02 -4.33795
2.023 -3.08828
2.025 -3.98282
2.026 -5.0139
2.027 -4.13509
2.029 -4.60966
2.03 -4.60341
2.031 -4.23589
2.032 -3.20361
2.033 -4.65525
2.034 -4.70411
2.035 -3.22536
2.036 -4.62236
2.037 -4.28002
2.038 -5.2154
2.04 -3.04386
2.042 -5.09051
2.043 -4.32417
2.044 -3.43359
2.045 -3.1131
2.047 -3.48243
2.048 -3.47159
2.049 -2.9892
2.05 -3.8806
2.052 -3.37816
2.053 -4.32374
2.054 -3.24429
2.055 -3.39547
2.057 -2.93656
2.058 -3.14363
2.059 -4.56869
2.06 -3.40632
2.061 -3.53747
2.062 -2.96432
2.063 -4.53867
2.065 -3.73825
2.066 -3.18387
2.067 -4.47617
2.069 -5.7433
2.07 -3.0206
2.071 -5.75374
2.072 -2.99718
2.076 -3.39312
2.077 -2.9232
2.078 -4.32368
2.079 -4.08368
2.08 -3.38452
2.081 -3.3297
2.083 -3.18863
2.084 -3.42674
2.086 -3.40237
2.087 -3.23662
2.088 -2.89801
2.089 -2.82204
2.09 -3.16395
2.093 -3.47235
2.094 -3.39617
2.098 -3.3395
2.099 -2.87105
2.1 -3.33929
2.101 -4.45311
2.102 -4.32658
2.103 -3.44338
2.104 -2.7666
2.105 -5.18601
2.106 -2.88687
2.107 -3.35741
2.109 -4.96004
2.111 -3.37612
2.112 -3.38192
2.113 -3.48069
2.114 -5.26623
2.116 -4.32822
2.117 -3.22011
2.118 -4.22894
2.119 -3.17989
2.121 -5.4955
2.122 -4.32764
2.123 -4.32569
2.124 -3.19593
2.125 -2.90928
2.126 -3.31453
2.127 -3.23671
2.128 -4.33099
2.13 -3.52621
2.131 -4.03901
2.132 -5.81849
2.133 -3.4102
2.134 -4.37445
2.135 -3.02019
2.136 -3.38502
2.137 -3.1824
2.138 -3.40669
2.139 -3.47996
2.141 -4.32611
2.143 -3.33016
2.144 -4.32709
2.145 -3.04439
2.146 -3.80053
2.147 -3.19851
2.15 -2.902
2.153 -2.81383
2.154 -3.06798
2.155 -5.03401
2.156 -4.29469
2.157 -3.21872
2.159 -4.34077
2.16 -3.0231
2.163 -3.05217
2.164 -2.90834
2.166 -3.33076
2.167 -3.4262
2.17 -2.90453
2.171 -5.14806
2.172 -4.45198
2.173 -3.27141
2.177 -3.39617
2.178 -2.79756
2.179 -3.37785
2.18 -2.7914
2.181 -3.66387
2.182 -2.77319
2.183 -2.97818
2.184 -3.37785
2.185 -4.34197
2.186 -3.07493
2.188 -3.67427
2.19 -3.86374
2.191 -4.04283
2.192 -3.14493
2.193 -4.35631
2.196 -4.34583
2.197 -3.23901
2.198 -3.3906
2.199 -2.97132
2.2 -3.22542
2.201 -4.33443
2.202 -2.93481
2.203 -3.3808
2.204 -2.84138
2.205 -3.178
2.206 -3.22042
2.207 -2.94469
2.208 -3.01886
2.211 -4.35798
2.212 -4.3396
2.214 -4.62895
2.219 -3.3306
2.22 -3.12042
2.222 -3.41059
2.224 -3.70615
2.225 -4.36144
2.226 -2.87794
2.227 -4.74475
2.231 -5.66307
2.232 -3.3808
2.233 -3.1056
2.236 -2.64379
2.237 -4.06227
2.238 -3.22677
2.239 -5.63448
2.24 -2.59812
2.241 -2.95265
2.242 -3.34083
2.244 -2.93248
2.245 -3.25971
2.246 -3.3762
2.247 -3.14799
2.249 -2.76807
2.251 -3.53593
2.252 -3.4796
2.256 -3.4028
2.258 -3.93298
2.259 -3.56847
2.26 -3.34619
2.261 -3.02931
2.262 -3.06567
2.264 -4.88472
2.265 -3.23787
2.266 -2.84179
2.268 -3.22432
2.269 -4.38353
2.27 -4.45058
2.271 -3.07511
2.273 -4.39531
2.274 -4.74539
2.275 -2.99621
2.276 -2.84754
2.278 -4.38811
2.279 -4.30095
2.28 -4.3417
2.283 -4.35157
2.284 -3.40606
2.285 -4.22958
2.286 -3.05937
2.288 -2.91384
2.289 -3.1298
2.292 -4.29282
2.293 -5.23203
2.294 -3.36535
2.296 -3.41957
2.297 -4.26566
2.3 -3.06645
2.301 -3.63865
2.302 -3.25623
2.304 -3.19514
2.307 -3.42252
2.308 -3.1181
2.309 -3.501
2.31 -3.09191
2.312 -5.31484
2.314 -3.20956
2.315 -3.18071
2.316 -3.372
2.317 -2.70095
2.318 -4.83794
2.32 -4.42223
2.321 -4.3978
2.322 -4.09677
2.323 -5.06764
2.326 -3.38201
2.327 -2.97348
2.328 -4.15499
2.329 -3.12856
2.331 -3.25991
2.332 -2.62724
2.333 -2.72637
2.334 -3.28162
2.335 -4.21997
2.336 -3.05075
2.337 -3.34273
2.338 -3.95674
2.339 -3.59592
2.34 -3.41922
2.341 -3.03852
2.342 -4.68674
2.343 -3.08261
2.344 -3.36587
2.345 -4.13178
2.346 -3.40072
2.347 -2.92578
2.348 -2.72678
2.352 -4.67586
2.353 -3.31953
2.356 -3.42015
2.357 -2.85613
2.36 -3.35598
2.361 -4.07615
2.362 -2.8508
2.363 -3.78543
2.365 -3.31697
2.366 -4.69406
2.368 -4.45717
2.369 -3.28186
2.37 -2.77926
2.371 -4.43741
2.372 -3.57927
2.373 -3.57336
2.374 -4.45039
2.375 -3.53126
2.376 -3.6278
2.377 -4.62917
2.378 -3.45962
2.38 -4.15976
2.381 -3.19849
2.382 -3.45686
2.383 -3.28293
2.385 -3.21837
2.387 -3.02744
2.388 -2.83625
2.389 -2.84116
2.392 -4.37019
2.393 -3.25212
2.394 -3.2546
2.395 -2.92101
2.396 -4.28153
2.397 -4.17766
2.398 -4.45019
2.4 -3.18097
2.401 -4.37446
2.402 -3.75635
2.403 -3.23472
2.404 -2.94408
2.406 -2.89808
2.407 -3.60816
2.409 -5.0937
2.411 -3.86005
2.412 -4.52269
2.413 -3.35353
2.415 -3.33654
2.416 -4.0874
2.417 -3.09915
2.418 -3.24981
2.419 -3.42544
2.421 -4.43124
2.423 -4.61521
2.424 -4.40291
2.425 -3.40383
2.427 -4.68793
2.428 -5.69247
2.43 -4.54934
2.432 -2.76678
2.433 -2.90561
2.434 -4.68186
2.437 -3.12068
2.438 -3.49613
2.439 -3.25366
2.44 -4.0831
2.441 -4.3316
2.442 -4.31529
2.443 -4.48005
2.444 -2.90646
2.446 -2.93232
2.447 -2.83164
2.448 -3.37819
2.449 -4.53578
2.451 -3.31453
2.455 -4.42223
2.458 -4.92584
2.46 -3.68814
2.463 -5.57962
2.465 -3.43079
2.468 -3.75652
2.469 -3.24033
2.47 -5.32411
2.471 -3.2657
2.472 -4.45253
2.473 -2.92832
2.474 -5.29656
2.475 -3.32419
2.476 -3.21864
2.477 -3.11141
2.479 -5.82963
2.48 -3.46723
2.481 -2.93907
2.484 -5.27861
2.487 -3.26899
2.488 -3.23933
2.489 -3.38153
2.49 -2.70871
2.492 -4.28818
2.493 -3.10031
2.494 -2.86199
2.495 -2.90366
2.497 -2.75226
2.498 -3.25515
2.499 -4.23792
2.501 -2.92047
2.506 -3.82555
2.508 -3.15346
2.509 -3.42485
2.51 -2.94937
2.512 -4.46769
2.513 -3.26432
2.514 -5.05912
2.515 -3.22031
2.519 -4.62881
2.52 -3.07478
2.521 -3.41592
2.523 -2.85458
2.524 -2.86047
2.526 -3.02213
2.529 -3.36794
2.53 -2.80859
2.532 -4.62753
2.533 -3.55946
2.536 -5.62512
2.542 -3.25687
2.543 -4.44873
2.547 -3.37135
2.548 -4.44857
2.557 -3.23111
2.564 -4.63193
2.565 -4.63456
2.566 -3.19875
2.568 -4.44954
2.575 -3.07405
2.577 -2.93963
2.579 -3.67338
2.581 -4.30869
2.582 -4.99372
2.583 -3.77873
2.585 -3.22753
2.586 -2.94148
2.587 -2.77052
2.59 -2.9616
2.591 -3.06189
2.592 -2.97921
2.596 -3.34417
2.597 -4.98588
2.604 -4.16812
2.605 -3.52168
2.609 -3.24299
2.611 -3.49816
2.612 -3.23079
2.613 -3.03265
2.614 -4.54477
2.615 -2.78591
2.618 -3.51743
2.622 -2.95525
2.623 -4.64635
2.627 -3.29724
2.629 -3.3805
2.63 -4.44888
2.631 -4.45555
2.633 -2.94338
2.634 -2.9407
2.636 -3.22993
2.637 -5.26099
2.64 -3.06291
2.644 -5.59757
2.646 -3.21897
2.647 -4.96283
2.648 -3.23472
2.651 -4.89752
2.652 -3.12796
2.653 -4.05366
2.654 -3.37757
2.655 -4.03986
2.656 -2.71105
2.658 -3.23214
2.659 -3.02244
2.66 -4.95529
2.663 -3.26022
2.665 -5.23517
2.666 -3.37402
2.667 -3.26602
2.668 -3.40551
2.669 -3.41804
2.67 -3.53879
2.671 -3.80654
2.673 -2.86031
2.674 -4.12161
2.675 -3.21419
2.676 -2.88921
2.678 -3.4229
2.68 -3.48823
2.681 -3.08782
2.682 -3.11936
2.683 -3.48823
2.684 -3.31169
2.686 -3.30089
2.687 -3.19875
2.688 -3.13912
2.689 -3.01344
2.69 -2.73303
2.691 -3.15859
2.693 -3.66584
2.696 -3.00934
2.698 -3.40584
2.7 -3.21349
2.702 -4.13733
2.705 -3.40584
2.708 -3.3681
2.712 -3.43516
2.715 -3.12288
2.717 -3.38025
2.719 -3.21926
2.724 -4.9331
2.725 -4.61377
2.726 -3.65734
2.727 -5.50287
2.728 -3.23598
2.734 -4.54306
2.735 -3.97136
2.737 -3.07366
2.738 -2.6452
2.741 -3.0417
2.742 -3.20724
2.743 -3.45218
2.746 -3.40043
2.749 -3.10774
2.751 -3.27038
2.754 -4.73281
2.755 -2.87702
2.756 -4.89061
2.757 -4.44928
2.758 -3.01694
2.761 -3.01445
2.762 -5.67278
2.763 -3.3471
2.764 -4.6256
2.766 -4.62591
2.769 -3.26745
2.77 -3.04959
2.773 -2.76475
2.774 -3.21605
2.778 -2.71613
2.779 -3.21535
2.781 -2.92316
2.782 -4.45374
2.783 -5.562
2.785 -3.43593
2.786 -3.64776
2.787 -4.81895
2.789 -2.93825
2.79 -5.20186
2.791 -3.22158
2.797 -3.21046
2.798 -3.24027
2.799 -3.24935
2.802 -3.33318
2.804 -3.20591
2.806 -3.99794
2.808 -2.99223
2.809 -2.91047
2.81 -2.87245
2.811 -2.93321
2.812 -3.52997
2.814 -3.40043
2.818 -2.8917
2.819 -3.37846
2.825 -4.87028
2.826 -4.86364
2.827 -4.4575
2.828 -2.94285
2.829 -3.22158
2.831 -3.40713
2.832 -5.18566
2.834 -3.20754
2.835 -4.20392
2.836 -3.80025
2.838 -3.80025
2.841 -3.41851
2.844 -4.46025
2.846 -4.92807
2.847 -3.58663
2.848 -3.21231
2.85 -3.41314
2.852 -5.16977
2.854 -3.24122
2.859 -3.37947
2.86 -4.45513
2.861 -3.28203
2.865 -3.20418
2.866 -4.37211
2.867 -4.06985
2.869 -3.36085
2.871 -2.9812
2.872 -3.38188
2.873 -3.20479
2.874 -3.20024
2.875 -4.8314
2.876 -3.29972
2.878 -4.05576
2.883 -3.47472
2.884 -3.52049
2.885 -4.62511
2.886 -3.41757
2.887 -3.39548
2.889 -3.13694
2.89 -4.46229
2.891 -3.36663
2.892 -2.90835
2.894 -4.80675
2.895 -4.70281
2.896 -3.24285
2.897 -4.45929
2.898 -3.28416
2.899 -2.94064
2.902 -3.23028
2.903 -4.47351
2.908 -3.0206
2.909 -2.98043
2.911 -4.46337
2.913 -4.55781
2.914 -4.80075
2.915 -5.51937
2.916 -3.3207
2.917 -3.077
2.918 -3.18494
2.919 -4.54539
2.92 -4.77734
2.921 -4.7948
2.923 -3.31271
2.924 -2.95474
2.926 -2.96988
2.928 -3.38654
2.931 -2.9334
2.933 -4.93219
2.934 -3.52049
2.935 -2.96626
2.936 -2.86388
2.937 -3.15978
2.938 -5.1465
2.939 -3.21691
2.941 -4.46811
2.942 -4.71783
2.943 -3.74238
2.944 -2.99185
2.945 -4.41169
2.946 -3.74793
2.947 -3.32374
2.948 -4.62706
2.951 -3.62302
2.952 -5.13888
2.953 -3.03472
2.954 -3.08899
2.955 -3.25207
2.957 -4.29992
2.958 -3.13993
2.959 -3.1997
2.96 -3.21605
2.961 -3.09184
2.962 -2.79881
2.965 -3.48951
2.969 -4.50187
2.97 -4.75488
2.971 -3.49453
2.972 -3.1125
2.973 -3.3905
2.974 -3.41049
2.975 -3.68853
2.976 -4.49183
2.978 -3.25222
2.979 -3.10577
2.981 -3.22232
2.984 -4.49572
2.988 -3.01128
2.989 -4.69791
2.991 -2.99141
2.992 -3.37397
2.994 -2.9597
2.995 -3.1726
2.997 -4.20373
2.999 -3.21895
3 -3.19929
3.004 -3.98041
3.005 -3.36446
3.006 -3.40535
3.01 -4.72813
3.012 -3.18751
3.013 -4.21244
3.014 -3.38478
3.015 -4.59258
3.016 -3.0982
3.02 -3.20851
3.021 -3.47961
3.023 -3.21237
3.025 -5.46295
3.026 -2.91549
3.027 -3.3724
3.028 -3.69551
3.029 -3.23883
3.03 -3.36125
3.033 -4.69306
3.035 -5.10916
3.037 -3.6567
3.038 -3.20859
3.039 -3.19816
3.04 -3.30713
3.041 -3.06914
3.042 -3.22944
3.043 -3.27409
3.044 -4.00255
3.045 -4.22322
3.047 -4.2871
3.048 -3.23682
3.049 -3.16765
3.05 -3.07312
3.051 -5.0876
3.052 -2.62186
3.053 -3.25222
3.054 -3.31237
3.055 -2.90996
3.056 -3.19913
3.057 -4.66514
3.058 -3.30985
3.059 -4.61885
3.06 -3.05661
3.062 -3.22232
3.063 -3.27623
3.064 -4.54422
3.065 -2.66069
3.066 -4.19969
3.067 -4.50401
3.068 -4.64333
3.069 -3.27923
3.07 -3.4878
3.071 -2.8424
3.072 -3.35709
3.073 -2.90476
3.074 -3.23013
3.075 -4.61495
3.076 -3.39312
3.077 -4.57528
3.078 -2.92983
3.08 -4.60355
3.082 -3.66688
3.087 -2.95511
3.089 -3.96105
3.091 -4.56869
3.092 -2.99872
3.093 -3.25698
3.095 -3.25733
3.096 -4.50842
3.099 -3.24597
3.102 -3.63628
3.103 -5.49473
3.106 -4.02204
3.107 -5.0397
3.108 -4.02204
3.109 -3.24949
3.111 -3.25733
3.112 -3.41114
3.114 -5.38156
3.117 -3.88449
3.118 -5.43989
3.119 -3.2342
3.12 -5.05982
3.125 -2.69391
3.127 -2.71326
3.128 -2.86261
3.131 -3.01903
3.132 -3.24891
3.134 -3.02381
3.135 -3.08836
3.137 -3.27071
3.138 -3.41114
3.14 -5.01844
3.141 -3.41205
3.142 -2.87884
3.143 -4.18941
3.146 -2.84222
3.148 -3.8136
3.15 -3.68455
3.152 -2.94897
3.154 -3.39099
3.155 -3.38494
3.156 -2.93898
3.157 -3.09391
3.158 -3.39099
3.159 -5.06667
3.162 -3.55316
3.164 -4.08255
3.165 -3.23041
3.168 -3.61857
3.169 -2.9192
3.174 -3.01377
3.175 -2.92744
3.178 -3.24949
3.18 -2.73284
3.181 -2.91449
3.182 -4.62493
3.183 -3.4097
3.184 -4.07842
3.186 -2.9658
3.194 -3.60486
3.195 -5.0012
3.197 -3.53112
3.199 -4.56338
3.201 -3.25126
3.202 -3.30443
3.203 -3.08544
3.205 -2.95504
3.206 -4.62917
3.207 -3.09542
3.213 -3.25922
3.215 -2.9893
3.216 -2.97841
3.219 -3.53591
3.221 -2.76603
3.222 -3.50803
3.224 -5.42489
3.225 -3.41092
3.226 -2.79196
3.227 -3.70701
3.228 -3.32476
3.229 -3.41334
3.23 -3.09873
3.232 -3.38888
3.236 -3.21053
3.241 -4.12747
3.245 -4.62479
3.25 -3.76389
3.266 -3.72303
3.272 -3.09461
3.274 -5.02661
3.276 -2.95896
3.281 -5.02016
3.284 -3.31129
3.286 -2.94762
3.291 -2.91488
3.293 -3.03144
3.295 -5.36768
3.299 -3.10438
3.3 -4.5202
3.301 -5.40291
3.303 -4.96498
3.31 -3.99795
3.312 -3.02807
3.316 -3.27304
3.317 -4.26785
3.318 -3.50945
3.321 -2.9412
3.324 -4.94769
3.325 -4.70957
3.328 -4.62469
3.329 -4.79734
3.331 -4.92691
3.333 -3.21764
3.339 -3.40533
3.34 -3.40533
3.342 -3.25826
3.345 -3.39231
3.346 -4.99501
3.348 -3.256
3.35 -2.78444
3.352 -2.97657
3.355 -4.94205
3.358 -4.39286
3.361 -4.6256
3.362 -3.256
3.367 -3.37199
3.369 -3.46757
3.37 -2.8143
3.375 -3.40535
3.376 -4.64758
3.38 -4.48689
3.381 -4.62463
3.385 -3.08169
3.387 -2.94446
3.389 -4.9768
3.39 -3.08966
3.393 -4.62461
3.395 -3.28649
3.4 -4.37698
3.403 -4.62591
3.404 -3.21347
3.408 -4.97086
3.409 -3.03886
3.418 -3.3339
3.419 -3.10988
3.421 -2.95081
3.422 -3.52841
3.423 -3.52178
3.428 -3.52178
3.429 -5.31478
3.431 -4.98888
3.434 -4.95339
3.435 -3.10497
3.437 -3.26207
3.438 -4.62469
3.441 -4.02487
3.442 -2.87577
3.443 -4.13631
3.444 -4.92612
3.446 -3.2475
3.448 -4.62511
3.452 -3.57283
3.453 -3.58065
3.462 -4.91472
3.465 -4.06217
3.466 -3.32704
3.467 -4.92548
3.468 -4.02782
3.469 -3.25708
3.473 -3.2607
3.474 -4.62706
3.477 -2.9164
3.478 -3.20375
3.481 -3.91412
3.486 -3.21343
3.489 -3.5875
3.49 -4.23957
3.492 -2.90482
3.493 -2.94074
3.496 -3.8683
3.497 -3.08985
3.498 -2.98105
3.499 -3.90018
3.5 -2.9414
3.501 -5.35406
3.504 -3.15855
3.507 -3.09934
3.514 -3.07049
3.516 -3.26126
3.522 -4.4532
3.525 -3.24894
3.53 -3.51336
3.531 -2.95048
3.532 -4.62534
3.533 -3.39554
3.535 -4.95916
3.537 -2.91677
3.538 -2.94318
3.543 -2.88351
3.547 -3.07984
3.551 -3.89697
3.552 -3.22682
3.554 -4.17942
3.556 -3.8558
3.557 -3.81902
3.558 -3.22658
3.559 -4.65102
3.56 -4.37912
3.561 -5.3407
3.562 -4.85029
3.563 -3.94024
3.566 -3.51727
3.568 -2.69318
3.57 -3.03591
3.571 -3.23772
3.574 -3.24661
3.576 -2.91402
3.585 -5.33413
3.587 -3.22015
3.589 -4.12088
3.59 -3.38505
3.591 -3.63649
3.592 -5.30847
3.594 -3.21904
3.598 -3.32571
3.6 -3.23076
3.604 -3.92208
3.605 -3.92208
3.609 -4.90419
3.61 -5.32761
3.616 -3.30546
3.62 -4.63118
3.621 -4.85491
3.625 -3.03503
3.628 -3.48736
3.629 -3.4981
3.631 -3.4981
3.632 -4.89389
3.635 -3.38494
3.636 -4.88883
3.638 -2.99382
3.639 -3.25708
3.642 -5.02419
3.645 -3.27266
3.646 -4.92661
3.652 -3.07105
3.653 -2.9493
3.656 -5.26599
3.657 -2.93628
3.658 -3.54057
3.659 -3.50759
3.662 -3.92668
3.663 -3.64576
3.668 -3.1724
3.671 -4.18865
3.673 -3.88328
3.675 -3.96946
3.677 -4.43569
3.678 -3.27304
3.689 -3.26168
3.694 -3.19897
3.7 -4.86433
3.703 -2.71033
3.706 -3.2732
3.711 -3.35678
3.715 -4.45265
3.716 -5.13774
3.718 -4.86912
3.721 -4.35354
3.722 -3.56326
3.723 -4.63631
3.73 -3.26899
3.732 -3.25837
3.733 -4.68509
3.736 -3.55443
3.738 -5.29602
3.741 -2.88207
3.746 -4.9258
3.749 -4.64416
3.75 -4.63835
3.754 -4.63193
3.756 -2.90032
3.759 -3.19514
3.76 -4.92562
3.762 -5.24306
3.764 -3.64082
3.765 -3.59985
3.766 -3.24951
3.767 -3.65614
3.771 -4.84571
3.773 -4.00556
3.776 -5.28989
3.779 -4.84119
3.782 -4.41784
3.784 -4.81102
3.788 -3.43592
3.789 -4.40217
3.79 -4.70915
3.794 -4.83673
3.796 -3.38273
3.797 -2.9462
3.807 -5.03315
3.81 -3.23632
3.812 -3.80167
3.813 -3.11174
3.819 -5.27781
3.82 -2.94474
3.824 -3.06475
3.826 -3.05978
3.827 -3.3494
3.832 -3.50075
3.834 -3.55558
3.836 -3.25061
3.839 -2.94277
3.842 -3.9604
3.847 -3.13484
3.848 -4.63943
3.85 -3.65134
3.851 -3.62009
3.854 -4.78335
3.855 -3.5308
3.856 -5.28382
3.857 -3.25837
3.858 -2.9461
3.863 -4.66789
3.866 -3.37466
3.868 -5.26016
3.871 -3.3947
3.872 -4.81518
3.874 -4.79886
3.877 -3.23549
3.879 -3.2259
3.886 -3.3494
3.892 -4.70386
3.894 -4.64171
3.895 -4.55
3.896 -3.11508
3.897 -3.25133
3.898 -4.78716
3.899 -3.73825
3.901 -4.71463
3.904 -4.55936
3.906 -4.75134
3.914 -4.52681
3.915 -3.28093
3.916 -4.7759
3.918 -4.07962
3.92 -4.76508
3.921 -4.77224
3.922 -4.65406
3.926 -4.74153
3.927 -4.7796
3.928 -4.64956
3.931 -4.45881
3.934 -4.66063
3.936 -3.01368
3.937 -3.94894
3.94 -3.2224
3.941 -4.72911
3.942 -5.2052
3.946 -3.00117
3.947 -4.67793
3.951 -4.66418
3.952 -4.65893
3.953 -3.81123
3.954 -4.66238
3.955 -4.92904
3.957 -5.22648
3.959 -4.74475
3.961 -4.79101
3.962 -4.21949
3.965 -4.21944
3.967 -4.71463
3.968 -3.62009
3.972 -4.71187
3.973 -3.26325
3.976 -5.22108
3.977 -3.37199
3.979 -4.23397
3.98 -4.72612
3.982 -4.71743
3.983 -4.38804
3.984 -2.95218
3.985 -3.22892
3.986 -3.23578
3.987 -4.70128
3.988 -4.52435
3.989 -4.69626
3.991 -3.24316
3.993 -3.39202
4 -3.22309
4.006 -4.68905
4.011 -3.65426
4.012 -3.22969
4.027 -4.92691
4.028 -3.29403
4.034 -3.23864
4.036 -3.46514
4.045 -4.69626
4.048 -5.23195
4.054 -4.92564
4.055 -5.1513
4.057 -3.08916
4.061 -5.17497
4.066 -3.24803
4.07 -4.92726
4.079 -2.942
4.08 -4.92612
4.086 -5.14672
4.087 -4.66003
4.094 -4.9257
4.095 -4.98108
4.096 -3.59118
4.098 -4.68225
4.099 -3.59118
4.105 -5.20002
4.108 -5.21044
4.117 -4.67178
4.124 -3.85972
4.129 -3.3339
4.132 -3.24443
4.137 -3.14927
4.139 -2.93973
4.144 -3.21389
4.15 -2.94787
4.151 -3.24913
4.158 -2.97559
4.169 -4.92594
4.171 -3.21904
4.175 -3.24803
4.179 -4.60586
4.181 -3.29166
4.186 -3.21024
4.188 -3.24592
4.189 -5.17987
4.2 -2.98266
4.206 -4.92635
4.217 -3.23889
4.24 -2.90409
4.256 -5.17013
4.261 -3.24443
4.268 -3.57411
4.27 -4.92661
4.274 -3.49057
4.275 -4.92959
4.284 -2.76221
4.293 -3.2461
4.299 -5.1606
4.307 -4.93018
4.31 -4.87394
4.311 -2.90906
4.32 -2.91456
4.329 -3.2461
4.346 -2.96803
4.347 -3.23948
4.358 -5.03623
4.362 -3.49352
4.363 -5.12465
4.381 -2.93934
4.387 -4.99482
4.39 -3.2392
4.391 -5.11203
4.396 -4.93219
4.405 -5.13332
4.406 -3.80483
4.421 -5.1422
4.425 -5.08817
4.432 -4.93294
4.433 -4.92807
4.438 -5.15592
4.447 -2.98488
4.451 -2.94561
4.452 -5.10387
4.453 -3.24592
4.455 -2.94106
4.459 -4.96339
4.469 -5.09592
4.47 -4.97684
4.482 -4.97479
4.497 -3.15085
4.498 -4.63166
4.5 -3.245
4.507 -3.22309
4.512 -2.93333
4.517 -3.53405
4.518 -2.94658
4.52 -2.94481
4.53 -3.20859
4.534 -3.28645
4.538 -5.08436
4.545 -4.94272
4.547 -4.63273
4.548 -4.94779
4.556 -4.93636
4.558 -3.2435
4.56 -3.24078
4.564 -3.25141
4.565 -5.07691
4.567 -5.10793
4.57 -5.09987
4.589 -3.25141
4.599 -3.23948
4.602 -4.93148
4.606 -5.09202
4.607 -3.28645
4.615 -3.28149
4.623 -4.93936
4.629 -5.08061
4.637 -2.94876
4.648 -4.94646
4.662 -4.93544
4.674 -5.12896
4.679 -3.21863
4.684 -5.05235
4.697 -4.93732
4.699 -5.07325
4.703 -5.05571
4.716 -4.94393
4.733 -5.06965
4.739 -4.99006
4.746 -5.06609
4.748 -5.04254
4.754 -5.05912
4.759 -4.93374
4.771 -4.95353
4.806 -4.95203
4.81 -5.04576
4.811 -5.04903
4.817 -4.95506
4.819 -4.93832
4.827 -5.00487
4.829 -5.00749
4.839 -4.99727
4.842 -5.01563
4.846 -5.03012
4.851 -5.03315
4.853 -5.03623
4.855 -4.97082
4.858 -5.01288
4.859 -4.94517
4.861 -4.95827
4.864 -5.02713
4.876 -5.02419
4.878 -5.18983
4.881 -4.95993
4.885 -5.01844
4.886 -4.94156
4.892 -4.95057
4.894 -4.96702
4.895 -3.28704
4.9 -4.95665
4.909 -4.96164
4.914 -4.98775
4.915 -5.01016
4.919 -4.97894
4.92 -4.96519
4.921 -4.99242
4.922 -4.96339
4.926 -4.98326
4.931 -4.97479
4.932 -4.99976
4.939 -4.66981
4.94 -4.97684
4.942 -4.98548
4.943 -4.99482
4.946 -4.74979
4.949 -4.98108
5.005 -4.94916
5.057 -5.00229
5.107 -4.94044
 
 
