0 -2.23249
0.001 -1.88448
0.002 -1.70576
0.003 -1.47417
0.004 -1.3831
0.005 -1.25397
0.006 -1.15796
0.007 -1.03394
0.008 -0.925683
0.009 -0.850649
0.01 -0.668568
0.011 -0.56672
0.012 -0.547406
0.013 -0.402118
0.014 -0.356357
0.015 -0.24791
0.016 -0.215736
0.017 -0.175167
0.018 -0.14137
0.019 -0.127658
0.02 -0.098566
0.021 -0.0660748
0.022 -0.0840341
0.023 -0.0694156
0.024 -0.0532821
0.025 -0.0378858
0.026 -0.072244
0.027 -0.0415971
0.028 -0.0296135
0.029 -0.0337496
0.03 -0.0455994
0.031 -0.0685535
0.032 -0.0596812
0.033 -0.0811869
0.034 -0.0810594
0.035 -0.0956546
0.036 -0.105286
0.037 -0.0991718
0.038 -0.109488
0.039 -0.100393
0.04 -0.124443
0.041 -0.123473
0.042 -0.14811
0.043 -0.164701
0.044 -0.163547
0.045 -0.176416
0.046 -0.148119
0.047 -0.170819
0.048 -0.181801
0.049 -0.167341
0.05 -0.197773
0.051 -0.191407
0.052 -0.178974
0.053 -0.22339
0.054 -0.210441
0.055 -0.22755
0.056 -0.230488
0.057 -0.253458
0.058 -0.255111
0.059 -0.258981
0.06 -0.248647
0.061 -0.275659
0.062 -0.256426
0.063 -0.295502
0.064 -0.28445
0.065 -0.275599
0.066 -0.286063
0.067 -0.276699
0.068 -0.33537
0.069 -0.322282
0.07 -0.333208
0.071 -0.347655
0.072 -0.358448
0.073 -0.325577
0.074 -0.375995
0.075 -0.386936
0.076 -0.359577
0.077 -0.374661
0.078 -0.344926
0.079 -0.378016
0.08 -0.376567
0.081 -0.358635
0.082 -0.35846
0.083 -0.370459
0.084 -0.373851
0.085 -0.374456
0.086 -0.379166
0.087 -0.39979
0.088 -0.397679
0.089 -0.424024
0.09 -0.42694
0.091 -0.420358
0.092 -0.478798
0.093 -0.424711
0.094 -0.410912
0.095 -0.423854
0.096 -0.433687
0.097 -0.433206
0.098 -0.447329
0.099 -0.457662
0.1 -0.455384
0.101 -0.485645
0.102 -0.459627
0.103 -0.502164
0.104 -0.471412
0.105 -0.457636
0.106 -0.469088
0.107 -0.458247
0.108 -0.471173
0.109 -0.49114
0.11 -0.514783
0.111 -0.520163
0.112 -0.566231
0.113 -0.542935
0.114 -0.552129
0.115 -0.525166
0.116 -0.547157
0.117 -0.578644
0.118 -0.557553
0.119 -0.566495
0.12 -0.566889
0.121 -0.640892
0.122 -0.573906
0.123 -0.597993
0.124 -0.615833
0.125 -0.567231
0.126 -0.590022
0.127 -0.622611
0.128 -0.590273
0.129 -0.635124
0.13 -0.573846
0.131 -0.607313
0.132 -0.592665
0.133 -0.51583
0.134 -0.57179
0.135 -0.527257
0.136 -0.569481
0.137 -0.553321
0.138 -0.540486
0.139 -0.573995
0.14 -0.538997
0.141 -0.531511
0.142 -0.55028
0.143 -0.550914
0.144 -0.551414
0.145 -0.526976
0.146 -0.582279
0.147 -0.58601
0.148 -0.596722
0.149 -0.587695
0.15 -0.605493
0.151 -0.644503
0.152 -0.63561
0.153 -0.634824
0.154 -0.602337
0.155 -0.648144
0.156 -0.636129
0.157 -0.638206
0.158 -0.666848
0.159 -0.716263
0.16 -0.68995
0.161 -0.744459
0.162 -0.675793
0.163 -0.685703
0.164 -0.725836
0.165 -0.73024
0.166 -0.672958
0.167 -0.694721
0.168 -0.711348
0.169 -0.685831
0.17 -0.702109
0.171 -0.676969
0.172 -0.694348
0.173 -0.699245
0.174 -0.702882
0.175 -0.711452
0.176 -0.699296
0.177 -0.69977
0.178 -0.716089
0.179 -0.687947
0.18 -0.634352
0.181 -0.701072
0.182 -0.706768
0.183 -0.679273
0.184 -0.718467
0.185 -0.660193
0.186 -0.759588
0.187 -0.695452
0.188 -0.6645
0.189 -0.721112
0.19 -0.746635
0.191 -0.693873
0.192 -0.745647
0.193 -0.722733
0.194 -0.715987
0.195 -0.724793
0.196 -0.737648
0.197 -0.756895
0.198 -0.722259
0.199 -0.709503
0.2 -0.755307
0.201 -0.759529
0.202 -0.791533
0.203 -0.788019
0.204 -0.772724
0.205 -0.810841
0.206 -0.789898
0.207 -0.821753
0.208 -0.779471
0.209 -0.825361
0.21 -0.827389
0.211 -0.892908
0.212 -0.849777
0.213 -0.823415
0.214 -0.813616
0.215 -0.840018
0.216 -0.890318
0.217 -0.907386
0.218 -0.820856
0.219 -0.841776
0.22 -0.868375
0.221 -0.812864
0.222 -0.882017
0.223 -0.848987
0.224 -0.904322
0.225 -0.876204
0.226 -0.843836
0.227 -0.873916
0.228 -0.848707
0.229 -0.895919
0.23 -0.863493
0.231 -0.9202
0.232 -0.898155
0.233 -0.901368
0.234 -0.916014
0.235 -0.889334
0.236 -0.869321
0.237 -0.868832
0.238 -0.926776
0.239 -0.924391
0.24 -0.938737
0.241 -1.01077
0.242 -0.988858
0.243 -0.974908
0.244 -0.856153
0.245 -0.871615
0.246 -0.887606
0.247 -0.928681
0.248 -0.92818
0.249 -0.88081
0.25 -0.919156
0.251 -0.874244
0.252 -0.890019
0.253 -0.849478
0.254 -0.899463
0.255 -0.859409
0.256 -0.864203
0.257 -0.89878
0.258 -0.919198
0.259 -0.831019
0.26 -0.900353
0.261 -0.841119
0.262 -0.967432
0.263 -0.951056
0.264 -0.943287
0.265 -0.963117
0.266 -0.905983
0.267 -0.950092
0.268 -1.06377
0.269 -0.909983
0.27 -0.922076
0.271 -0.967625
0.272 -1.00187
0.273 -0.964795
0.274 -1.03581
0.275 -0.98841
0.276 -0.947411
0.277 -1.00235
0.278 -0.965668
0.279 -0.998499
0.28 -1.01201
0.281 -0.96432
0.282 -0.959165
0.283 -1.03167
0.284 -1.01027
0.285 -0.989303
0.286 -1.01656
0.287 -1.05857
0.288 -0.992225
0.289 -0.988099
0.29 -0.978067
0.291 -0.963128
0.292 -1.01015
0.293 -1.02919
0.294 -1.02441
0.295 -1.02938
0.296 -1.02851
0.297 -1.06328
0.298 -1.02281
0.299 -0.991098
0.3 -1.059
0.301 -1.04981
0.302 -1.11552
0.303 -1.04935
0.304 -1.07278
0.305 -1.12528
0.306 -1.10814
0.307 -1.08941
0.308 -1.12668
0.309 -1.11174
0.31 -1.09692
0.311 -1.1281
0.312 -1.13964
0.313 -1.11581
0.314 -1.03017
0.315 -1.18106
0.316 -1.10858
0.317 -1.15338
0.318 -1.14662
0.319 -1.13086
0.32 -1.13956
0.321 -1.15503
0.322 -1.14668
0.323 -1.09769
0.324 -1.20092
0.325 -1.19586
0.326 -1.09979
0.327 -1.21023
0.328 -1.2026
0.329 -1.16785
0.33 -1.19903
0.331 -1.14342
0.332 -1.13686
0.333 -1.18201
0.334 -1.1689
0.335 -1.16261
0.336 -1.22642
0.337 -1.19586
0.338 -1.18306
0.339 -1.23301
0.34 -1.23596
0.341 -1.24418
0.342 -1.23021
0.343 -1.21006
0.344 -1.23128
0.345 -1.17276
0.346 -1.2534
0.347 -1.24376
0.348 -1.2223
0.349 -1.27643
0.35 -1.25034
0.351 -1.26339
0.352 -1.28035
0.353 -1.34928
0.354 -1.37853
0.355 -1.30701
0.356 -1.31581
0.357 -1.32889
0.358 -1.32277
0.359 -1.30029
0.36 -1.27114
0.361 -1.3001
0.362 -1.3222
0.363 -1.30731
0.364 -1.41615
0.365 -1.37263
0.366 -1.49118
0.367 -1.33903
0.368 -1.39171
0.369 -1.42208
0.37 -1.3613
0.371 -1.4531
0.372 -1.40053
0.373 -1.40291
0.374 -1.48976
0.375 -1.4867
0.376 -1.49721
0.377 -1.51627
0.378 -1.52692
0.379 -1.52181
0.38 -1.61774
0.381 -1.54517
0.382 -1.46408
0.383 -1.58582
0.384 -1.43549
0.385 -1.53361
0.386 -1.5143
0.387 -1.5132
0.388 -1.47787
0.389 -1.66024
0.39 -1.51919
0.391 -1.62439
0.392 -1.50376
0.393 -1.54704
0.394 -1.70262
0.395 -1.69083
0.396 -1.61861
0.397 -1.66424
0.398 -1.50295
0.399 -1.57102
0.4 -1.63628
0.401 -1.70121
0.402 -1.80989
0.403 -1.65937
0.404 -1.61258
0.405 -1.71031
0.406 -1.73017
0.407 -1.84871
0.408 -1.62405
0.409 -1.68336
0.41 -1.78263
0.411 -1.82091
0.412 -1.74022
0.413 -1.74127
0.414 -1.78141
0.415 -1.82919
0.416 -1.8237
0.417 -1.90213
0.418 -1.63798
0.419 -1.74812
0.42 -1.75279
0.421 -1.85712
0.422 -2.00705
0.423 -1.6575
0.424 -1.83663
0.425 -1.9591
0.426 -1.83865
0.427 -1.68165
0.428 -1.76773
0.429 -1.87586
0.43 -1.84698
0.431 -1.79948
0.432 -1.97795
0.433 -1.81331
0.434 -1.941
0.435 -1.92695
0.436 -2.04173
0.437 -1.73262
0.438 -1.81165
0.439 -1.77672
0.44 -1.79956
0.441 -1.72414
0.442 -1.65555
0.443 -2.02806
0.444 -1.8451
0.445 -1.75426
0.446 -1.92235
0.447 -1.90139
0.448 -2.04658
0.449 -1.80511
0.45 -1.83547
0.451 -1.88261
0.452 -1.85795
0.453 -2.03599
0.454 -1.95185
0.455 -1.8176
0.456 -1.86024
0.457 -1.93653
0.458 -1.74881
0.459 -1.84801
0.46 -1.79856
0.461 -1.7638
0.462 -2.0794
0.463 -1.86232
0.464 -1.90687
0.465 -1.81649
0.466 -1.82782
0.467 -1.91005
0.468 -1.88725
0.469 -1.98837
0.47 -1.91432
0.471 -1.95144
0.472 -1.91026
0.473 -2.15499
0.474 -2.06353
0.475 -1.93943
0.476 -1.96592
0.477 -1.90196
0.478 -1.91986
0.479 -1.87772
0.48 -1.99549
0.481 -1.96863
0.482 -2.02098
0.483 -1.89428
0.484 -1.91815
0.485 -2.19987
0.486 -1.98167
0.487 -2.0731
0.488 -1.99869
0.489 -2.10125
0.49 -1.87975
0.491 -2.03303
0.492 -1.92966
0.493 -1.911
0.494 -2.15585
0.495 -1.89434
0.496 -1.8776
0.497 -2.14613
0.498 -2.08894
0.499 -2.00629
0.5 -2.20361
0.501 -2.13444
0.502 -1.88778
0.503 -2.17154
0.504 -2.16411
0.505 -2.09202
0.506 -1.9604
0.507 -2.22887
0.508 -2.02696
0.509 -2.03823
0.51 -2.03146
0.511 -1.99604
0.512 -1.88686
0.513 -1.87399
0.514 -2.00162
0.515 -2.1013
0.516 -1.956
0.517 -2.03914
0.518 -2.18307
0.519 -1.84917
0.52 -2.14781
0.521 -2.14693
0.522 -2.15754
0.523 -2.16533
0.524 -1.81627
0.525 -2.3065
0.526 -2.13226
0.527 -2.03162
0.528 -2.16852
0.529 -2.16366
0.53 -2.08489
0.531 -2.12923
0.532 -1.99122
0.533 -1.9728
0.534 -1.78591
0.535 -1.96686
0.536 -2.01278
0.537 -2.17604
0.538 -2.22254
0.539 -2.04967
0.54 -2.04172
0.541 -2.23077
0.542 -2.15593
0.543 -2.24583
0.544 -1.95256
0.545 -1.95484
0.546 -2.01769
0.547 -2.03026
0.548 -1.94238
0.549 -2.05909
0.55 -2.27745
0.551 -2.00405
0.552 -2.01458
0.553 -2.08346
0.554 -2.01966
0.555 -2.17356
0.556 -2.22665
0.557 -1.97562
0.558 -1.97557
0.559 -2.08445
0.56 -1.92155
0.561 -2.03013
0.562 -2.31274
0.563 -1.93689
0.564 -2.60291
0.565 -2.09182
0.566 -1.82225
0.567 -2.04273
0.568 -2.16748
0.569 -2.11179
0.57 -2.10638
0.571 -2.13614
0.572 -1.92237
0.573 -2.16806
0.574 -2.10879
0.575 -2.14541
0.576 -2.05463
0.577 -2.05259
0.578 -2.25392
0.579 -2.51303
0.58 -2.2334
0.581 -2.28057
0.582 -2.10589
0.583 -2.28852
0.584 -1.92826
0.585 -2.06799
0.586 -2.09394
0.587 -2.28472
0.588 -1.98331
0.589 -1.98984
0.59 -2.13347
0.591 -2.2809
0.592 -2.30712
0.593 -2.27486
0.594 -2.23889
0.595 -2.36558
0.596 -2.10621
0.597 -1.95749
0.598 -2.08365
0.599 -1.9799
0.6 -2.2164
0.601 -2.0851
0.602 -2.1407
0.603 -2.05901
0.604 -1.95866
0.605 -1.9959
0.606 -2.04488
0.607 -2.25919
0.608 -2.06674
0.609 -2.27266
0.61 -2.12344
0.611 -2.0546
0.612 -2.2437
0.613 -2.02612
0.614 -2.14352
0.615 -2.33783
0.616 -2.05059
0.617 -2.16714
0.618 -2.12524
0.619 -2.30572
0.62 -2.36737
0.621 -2.10803
0.622 -2.08184
0.623 -2.0731
0.624 -2.20459
0.625 -2.12272
0.626 -2.02927
0.627 -2.31658
0.628 -1.89823
0.629 -2.15092
0.63 -2.31596
0.631 -2.01087
0.632 -1.97057
0.633 -2.19925
0.634 -2.12241
0.635 -2.05238
0.636 -2.21784
0.637 -2.38158
0.638 -2.28776
0.639 -2.4114
0.64 -2.36039
0.641 -2.30589
0.642 -2.21801
0.643 -2.08145
0.644 -2.21302
0.645 -2.15261
0.646 -2.01423
0.647 -2.23648
0.648 -2.08055
0.649 -2.13305
0.65 -2.13153
0.651 -2.23641
0.652 -2.16524
0.653 -2.19037
0.654 -2.10943
0.655 -2.26115
0.656 -2.04051
0.657 -2.31749
0.658 -2.13939
0.659 -2.36805
0.66 -2.34017
0.661 -2.35961
0.662 -2.45862
0.663 -2.27919
0.664 -2.23681
0.665 -2.21364
0.666 -2.3789
0.667 -2.37721
0.668 -2.16751
0.669 -2.07761
0.67 -2.13699
0.671 -2.27111
0.672 -2.20978
0.673 -2.20419
0.674 -2.22495
0.675 -2.31058
0.676 -2.1698
0.677 -2.18618
0.678 -2.2967
0.679 -2.0751
0.68 -2.21806
0.681 -2.26073
0.682 -2.12796
0.683 -2.3692
0.684 -2.37218
0.685 -2.20483
0.686 -2.05648
0.687 -1.99723
0.688 -2.11683
0.689 -2.16505
0.69 -2.24121
0.691 -2.07538
0.692 -2.32106
0.693 -2.0534
0.694 -2.34391
0.695 -2.51754
0.696 -2.2276
0.697 -2.22896
0.698 -2.11764
0.699 -2.34409
0.7 -2.20455
0.701 -2.18848
0.702 -2.21183
0.703 -2.59953
0.704 -2.11171
0.705 -2.23232
0.706 -2.10072
0.707 -2.16252
0.708 -2.07456
0.709 -2.41769
0.71 -2.11585
0.711 -2.21442
0.712 -1.97474
0.713 -2.05717
0.714 -2.17633
0.715 -2.36011
0.716 -2.2167
0.717 -2.25369
0.718 -2.26047
0.719 -2.2145
0.72 -2.11598
0.721 -2.32799
0.722 -2.18667
0.723 -2.1132
0.724 -2.35601
0.725 -2.14094
0.726 -2.05213
0.727 -2.34274
0.728 -2.33716
0.729 -2.07424
0.73 -2.30237
0.731 -2.76139
0.732 -2.49056
0.733 -2.60889
0.734 -2.45544
0.735 -2.24088
0.736 -2.32736
0.737 -2.18436
0.738 -2.71942
0.739 -2.39389
0.74 -2.18437
0.741 -2.31759
0.742 -2.26852
0.743 -2.34322
0.744 -2.27789
0.745 -2.63403
0.746 -2.25018
0.747 -2.22579
0.748 -2.25592
0.749 -2.4508
0.75 -2.38122
0.751 -2.31488
0.752 -2.2466
0.753 -2.36942
0.754 -2.05714
0.755 -2.26828
0.756 -2.01022
0.757 -2.36824
0.758 -2.30068
0.759 -1.98469
0.76 -2.19884
0.761 -2.29157
0.762 -2.19606
0.763 -2.17407
0.764 -2.3133
0.765 -2.58805
0.766 -2.18984
0.767 -2.32719
0.768 -2.35281
0.769 -2.29868
0.77 -2.27019
0.771 -2.34211
0.772 -2.21382
0.773 -2.3505
0.774 -2.19777
0.775 -2.36769
0.776 -2.15398
0.777 -2.1596
0.778 -2.33464
0.779 -2.40485
0.78 -2.36749
0.781 -2.21843
0.782 -2.47754
0.783 -2.31026
0.784 -2.41067
0.785 -2.67739
0.786 -2.65542
0.787 -2.29483
0.788 -2.80662
0.789 -2.38387
0.79 -2.42128
0.791 -2.31078
0.792 -2.47784
0.793 -2.1523
0.794 -2.30265
0.795 -2.43969
0.796 -2.25284
0.797 -2.24394
0.798 -2.52005
0.799 -2.30811
0.8 -2.29257
0.801 -2.305
0.802 -2.32929
0.803 -2.37276
0.804 -2.23801
0.805 -2.22342
0.806 -2.2716
0.807 -2.17954
0.808 -2.15456
0.809 -2.0697
0.81 -2.42879
0.811 -2.61175
0.812 -2.23991
0.813 -2.28403
0.814 -2.35555
0.815 -2.81902
0.816 -2.11799
0.817 -2.40117
0.818 -2.42142
0.819 -2.42506
0.82 -2.70401
0.821 -2.4126
0.822 -2.39228
0.823 -2.17107
0.824 -2.13294
0.825 -2.43738
0.826 -2.29081
0.827 -2.17943
0.828 -2.30996
0.829 -2.1886
0.83 -2.62392
0.831 -2.54695
0.832 -2.17569
0.833 -2.29508
0.834 -2.26164
0.835 -2.45645
0.836 -2.46474
0.837 -2.69975
0.838 -2.24653
0.839 -2.33608
0.84 -2.29945
0.841 -2.46746
0.842 -2.61945
0.843 -2.45747
0.844 -2.49756
0.845 -2.37121
0.846 -2.5028
0.847 -2.85232
0.848 -2.23843
0.849 -2.4835
0.85 -2.44569
0.851 -2.35412
0.852 -2.38474
0.853 -2.29139
0.854 -2.78501
0.855 -2.24952
0.856 -2.31718
0.857 -2.45694
0.858 -2.60426
0.859 -2.42922
0.86 -2.18457
0.861 -2.1999
0.862 -2.52499
0.863 -2.62043
0.864 -2.24185
0.865 -2.49165
0.866 -2.39659
0.867 -2.64551
0.868 -2.29104
0.869 -2.83888
0.87 -2.10596
0.871 -2.32417
0.872 -2.51611
0.873 -2.48648
0.874 -2.32064
0.875 -2.57697
0.876 -2.28257
0.877 -2.3114
0.878 -2.43109
0.879 -2.66812
0.88 -2.33863
0.881 -2.52871
0.882 -2.5746
0.883 -3.54102
0.884 -2.41788
0.885 -2.44594
0.886 -2.42856
0.887 -2.41697
0.888 -2.49693
0.889 -2.56995
0.89 -2.34087
0.891 -2.36904
0.892 -2.66992
0.893 -2.54015
0.894 -2.48352
0.895 -2.42317
0.896 -2.32714
0.897 -2.42136
0.898 -2.62537
0.899 -2.48622
0.9 -2.4945
0.901 -2.42945
0.902 -2.40676
0.903 -2.49595
0.904 -2.65714
0.905 -2.23604
0.906 -2.31843
0.907 -2.22281
0.908 -2.28246
0.909 -2.85401
0.91 -2.54442
0.911 -2.61907
0.912 -2.34503
0.913 -2.7176
0.914 -2.41505
0.915 -2.47225
0.916 -2.59441
0.917 -2.77557
0.918 -2.48172
0.919 -2.47043
0.92 -2.59691
0.921 -2.66678
0.922 -2.39866
0.923 -2.95875
0.924 -2.42768
0.925 -2.26439
0.926 -2.70825
0.927 -2.47489
0.928 -2.19238
0.929 -2.45586
0.93 -2.26531
0.931 -2.54713
0.932 -2.49494
0.933 -2.61038
0.934 -2.52711
0.935 -2.29231
0.936 -2.63738
0.937 -2.26561
0.938 -2.61491
0.939 -3.24419
0.94 -2.42632
0.941 -2.53029
0.942 -2.75229
0.943 -2.41437
0.944 -2.4738
0.945 -2.74775
0.946 -2.35653
0.947 -2.3581
0.948 -2.26623
0.949 -2.64725
0.95 -2.41548
0.951 -3.15409
0.952 -2.74611
0.953 -2.397
0.954 -3.0436
0.955 -2.27564
0.956 -2.27903
0.957 -3.64191
0.958 -2.75911
0.959 -2.71967
0.96 -2.18524
0.961 -2.77727
0.962 -2.70304
0.963 -2.93357
0.964 -2.81902
0.965 -2.45822
0.966 -2.41682
0.967 -2.41193
0.968 -2.71838
0.969 -2.28229
0.97 -2.71368
0.971 -2.3522
0.972 -2.29927
0.973 -2.69524
0.974 -3.3424
0.975 -2.43008
0.976 -2.54808
0.977 -2.35514
0.978 -2.82678
0.979 -2.33507
0.98 -3.33081
0.981 -2.48254
0.982 -2.5418
0.983 -2.54696
0.984 -2.45801
0.985 -2.5772
0.986 -2.50732
0.987 -2.51205
0.988 -2.31859
0.989 -2.63502
0.99 -2.47461
0.991 -2.67843
0.992 -2.96697
0.993 -2.59944
0.994 -2.84717
0.995 -2.73722
0.996 -2.40944
0.997 -2.425
0.998 -2.47688
0.999 -2.60147
1 -2.31348
1.001 -2.5723
1.002 -2.39188
1.003 -2.25398
1.004 -2.77204
1.005 -2.59098
1.006 -2.3316
1.007 -2.48412
1.008 -2.64501
1.009 -2.98706
1.01 -2.5697
1.011 -2.46439
1.012 -2.38875
1.013 -2.40312
1.014 -2.39337
1.015 -2.73188
1.016 -2.40641
1.017 -2.51763
1.018 -2.75501
1.019 -2.90037
1.02 -2.43102
1.021 -2.44339
1.022 -2.77405
1.023 -3.13686
1.024 -3.08492
1.025 -2.49421
1.026 -2.33919
1.027 -2.83402
1.028 -2.57403
1.029 -2.13758
1.03 -3.35913
1.031 -3.00427
1.032 -3.20642
1.033 -2.5846
1.034 -2.81956
1.035 -3.13828
1.036 -2.77739
1.037 -2.35601
1.038 -2.38849
1.039 -2.79787
1.04 -2.97898
1.041 -2.83326
1.042 -2.46874
1.043 -2.44254
1.044 -2.89704
1.045 -2.46084
1.046 -2.86971
1.047 -2.38983
1.048 -3.28355
1.049 -2.77185
1.05 -2.76216
1.051 -2.71545
1.052 -2.634
1.053 -2.40556
1.054 -2.67721
1.055 -2.529
1.056 -2.69481
1.057 -2.55041
1.058 -2.38442
1.059 -2.67981
1.06 -2.78708
1.061 -2.59105
1.062 -2.63264
1.063 -2.5264
1.064 -2.46345
1.065 -2.69607
1.067 -3.20993
1.068 -2.53107
1.069 -2.603
1.07 -2.71511
1.071 -2.52996
1.072 -3.02893
1.073 -2.62762
1.074 -2.56184
1.075 -2.83319
1.076 -2.22784
1.077 -2.68716
1.078 -2.36291
1.079 -2.68023
1.08 -2.75694
1.081 -2.68769
1.082 -3.25407
1.083 -2.97494
1.084 -2.8756
1.085 -2.73169
1.086 -2.47209
1.087 -2.71335
1.088 -2.45391
1.089 -3.17443
1.09 -2.42019
1.091 -2.60065
1.092 -2.16074
1.093 -2.50944
1.094 -2.58363
1.095 -3.18347
1.096 -2.67474
1.097 -2.47975
1.098 -2.66733
1.099 -2.43812
1.1 -3.09973
1.101 -3.31756
1.102 -2.4355
1.103 -2.50284
1.104 -2.81428
1.105 -2.7904
1.106 -2.5762
1.107 -2.83532
1.108 -3.25814
1.109 -3.4162
1.11 -2.78053
1.111 -2.58616
1.112 -2.40912
1.113 -2.57371
1.114 -2.73531
1.115 -2.55262
1.116 -2.50199
1.117 -2.41807
1.118 -2.46002
1.119 -2.47393
1.12 -2.97658
1.121 -2.44098
1.122 -2.6215
1.123 -3.02745
1.124 -2.82779
1.125 -2.81295
1.126 -2.76061
1.127 -2.57271
1.128 -3.0023
1.129 -2.44112
1.13 -2.37766
1.131 -3.20202
1.132 -2.57308
1.133 -2.82138
1.134 -2.21462
1.135 -2.34241
1.136 -2.78986
1.137 -2.95861
1.138 -2.40775
1.139 -2.45907
1.14 -2.51553
1.141 -2.54357
1.142 -2.94396
1.143 -2.49984
1.144 -3.2536
1.145 -2.66522
1.146 -2.73449
1.147 -2.70321
1.148 -2.86653
1.149 -2.68616
1.15 -2.43911
1.151 -2.63506
1.152 -2.67286
1.153 -2.47639
1.154 -3.44342
1.155 -2.65706
1.156 -2.64656
1.157 -2.787
1.158 -2.68561
1.159 -2.44146
1.16 -2.65316
1.161 -2.72069
1.162 -2.37812
1.163 -2.86481
1.164 -2.98547
1.165 -2.51083
1.166 -2.70735
1.167 -2.43486
1.168 -2.5782
1.169 -2.52029
1.17 -2.91935
1.171 -2.96769
1.172 -2.73204
1.173 -2.58765
1.174 -2.56582
1.175 -2.91566
1.176 -2.31091
1.177 -2.5403
1.178 -2.20614
1.179 -3.00026
1.18 -2.54314
1.181 -2.6826
1.182 -2.31797
1.183 -2.85105
1.184 -2.43922
1.185 -2.73435
1.186 -2.7402
1.187 -3.43209
1.188 -2.63094
1.189 -3.02344
1.19 -3.19273
1.191 -2.25276
1.192 -2.29669
1.193 -3.1064
1.194 -2.60208
1.195 -3.05802
1.196 -2.95045
1.197 -2.46342
1.198 -2.5271
1.199 -2.76687
1.2 -2.60976
1.202 -2.61103
1.203 -2.66288
1.204 -2.46052
1.205 -2.6503
1.206 -2.6091
1.207 -2.43883
1.208 -2.85019
1.209 -2.54116
1.21 -3.45865
1.211 -2.9033
1.212 -2.54961
1.213 -2.66223
1.214 -2.50182
1.215 -2.5354
1.216 -2.7991
1.217 -2.77586
1.218 -3.20769
1.219 -2.49663
1.22 -2.56282
1.221 -2.64011
1.222 -2.83923
1.223 -3.51572
1.224 -3.16939
1.225 -2.68328
1.226 -3.00537
1.227 -2.89111
1.229 -2.95084
1.23 -3.60825
1.231 -2.8926
1.232 -2.54504
1.233 -2.43157
1.234 -3.143
1.235 -2.61381
1.236 -2.7673
1.237 -2.69204
1.238 -2.94935
1.239 -2.30354
1.24 -2.79466
1.241 -2.34788
1.242 -2.49786
1.243 -2.58578
1.244 -2.81559
1.245 -2.9179
1.246 -2.94216
1.247 -2.73323
1.248 -2.49873
1.249 -2.64221
1.25 -2.91972
1.251 -2.98021
1.252 -3.25176
1.253 -2.51043
1.254 -3.10839
1.255 -2.68268
1.256 -3.41102
1.257 -2.93129
1.258 -3.50026
1.259 -2.4674
1.26 -2.74394
1.261 -2.71942
1.262 -2.972
1.263 -2.52321
1.264 -3.4757
1.265 -2.80131
1.266 -2.51687
1.267 -2.87779
1.268 -2.89115
1.269 -2.83605
1.27 -3.45528
1.271 -3.22978
1.272 -2.73287
1.273 -2.79351
1.274 -2.97233
1.275 -2.65664
1.276 -2.82786
1.277 -2.38751
1.278 -2.79734
1.279 -2.90672
1.28 -2.9807
1.281 -2.94533
1.282 -2.31315
1.283 -2.34753
1.285 -2.76786
1.286 -2.70993
1.287 -2.65834
1.288 -2.53193
1.289 -3.4596
1.29 -2.65885
1.291 -2.73056
1.292 -2.50489
1.293 -2.53064
1.295 -2.86393
1.296 -2.8936
1.297 -2.4296
1.298 -2.60059
1.299 -2.66022
1.3 -2.6336
1.301 -2.54907
1.303 -2.86392
1.304 -2.83318
1.305 -2.69276
1.307 -3.2536
1.308 -2.90408
1.309 -2.93135
1.31 -2.95829
1.311 -2.83978
1.312 -2.56715
1.313 -2.91689
1.314 -2.87747
1.315 -2.91021
1.316 -2.93119
1.317 -2.77343
1.318 -2.7236
1.319 -2.56718
1.32 -2.7343
1.321 -2.74589
1.322 -2.28464
1.323 -3.21813
1.324 -3.20982
1.325 -2.50661
1.326 -2.52157
1.327 -2.93018
1.328 -2.39002
1.329 -2.92541
1.33 -2.92854
1.331 -2.49372
1.332 -2.86402
1.333 -2.65795
1.334 -3.18474
1.335 -3.0064
1.336 -2.36949
1.337 -3.39079
1.338 -2.78925
1.339 -2.30166
1.34 -2.55172
1.341 -2.5702
1.342 -2.41075
1.343 -2.57922
1.344 -3.63243
1.345 -3.40825
1.346 -2.94394
1.347 -3.13109
1.348 -3.09252
1.349 -3.17701
1.35 -2.49861
1.351 -2.56117
1.353 -3.24618
1.354 -2.37043
1.355 -2.93075
1.356 -2.56703
1.357 -2.75143
1.358 -2.49977
1.359 -3.17037
1.36 -3.12656
1.361 -3.08161
1.362 -2.5349
1.363 -3.03025
1.364 -2.63144
1.365 -2.80116
1.366 -3.00658
1.367 -3.36566
1.368 -2.71049
1.369 -2.91078
1.37 -2.67587
1.371 -2.76226
1.372 -3.14997
1.373 -2.4027
1.374 -2.96669
1.375 -2.77585
1.376 -2.56206
1.377 -2.66362
1.378 -2.65201
1.379 -2.60868
1.38 -2.94531
1.381 -2.63433
1.382 -3.03239
1.383 -3.37695
1.384 -2.53059
1.385 -2.67137
1.386 -2.65285
1.387 -2.47245
1.388 -2.72039
1.39 -2.60394
1.391 -2.69695
1.392 -3.00008
1.393 -3.05434
1.395 -2.86334
1.396 -3.31311
1.397 -3.43967
1.398 -2.9906
1.399 -2.86931
1.4 -3.24974
1.401 -3.01413
1.402 -2.77262
1.403 -2.92037
1.404 -3.13302
1.405 -3.06402
1.406 -2.53932
1.407 -2.83948
1.408 -2.95327
1.409 -3.31548
1.41 -3.21408
1.411 -2.86318
1.412 -2.93199
1.414 -3.39792
1.415 -3.21381
1.416 -2.6576
1.417 -2.99715
1.418 -2.56679
1.419 -2.82773
1.42 -2.98363
1.421 -2.76089
1.422 -2.43178
1.423 -2.73058
1.424 -3.39889
1.425 -2.89809
1.426 -2.5507
1.427 -2.86416
1.428 -2.85082
1.429 -2.85171
1.43 -2.81514
1.431 -3.37655
1.432 -2.36463
1.433 -2.57852
1.434 -2.65276
1.436 -3.06212
1.438 -2.54784
1.44 -3.14545
1.442 -2.41805
1.443 -2.66063
1.445 -2.49615
1.446 -2.75237
1.447 -2.82868
1.448 -2.49231
1.45 -3.22612
1.451 -2.99118
1.453 -2.69372
1.454 -3.37289
1.455 -2.76813
1.456 -3.30576
1.457 -3.11334
1.458 -2.52987
1.459 -3.20343
1.46 -2.90169
1.461 -2.64528
1.462 -2.39601
1.463 -2.46784
1.464 -2.62096
1.465 -2.86277
1.466 -3.30499
1.467 -2.53877
1.468 -3.20477
1.469 -2.42885
1.47 -2.96513
1.471 -3.39792
1.472 -3.50861
1.476 -2.83707
1.478 -2.44837
1.479 -2.90329
1.48 -3.21041
1.481 -2.82485
1.483 -3.13267
1.484 -3.14672
1.485 -2.76361
1.486 -2.5964
1.487 -3.06054
1.488 -3.20879
1.489 -2.85677
1.49 -2.67326
1.491 -2.63467
1.492 -3.11034
1.494 -3.08034
1.495 -3.01584
1.496 -3.11828
1.497 -2.48005
1.499 -2.58154
1.5 -3.04931
1.501 -2.98827
1.502 -2.67934
1.503 -2.61334
1.504 -2.98787
1.505 -3.18656
1.506 -2.99316
1.508 -2.9133
1.509 -3.36238
1.51 -2.799
1.511 -2.53664
1.512 -2.96107
1.514 -2.96204
1.515 -3.04884
1.516 -3.09336
1.517 -2.72207
1.519 -2.92235
1.521 -3.47124
1.522 -2.83894
1.524 -2.82466
1.525 -2.95144
1.526 -3.2761
1.527 -2.97892
1.528 -3.45331
1.529 -2.99976
1.53 -2.96975
1.531 -3.22729
1.532 -2.44563
1.533 -2.56642
1.534 -2.72607
1.535 -2.47189
1.536 -3.14572
1.537 -2.54054
1.538 -2.42402
1.539 -2.90029
1.54 -2.81621
1.541 -2.63025
1.542 -2.50469
1.544 -2.64848
1.545 -2.64212
1.546 -2.85037
1.548 -2.60346
1.549 -2.81255
1.55 -2.62699
1.552 -3.08117
1.553 -2.82242
1.554 -2.6122
1.555 -2.88438
1.556 -3.13798
1.557 -2.63826
1.558 -3.17526
1.559 -3.15851
1.56 -2.67206
1.562 -3.36618
1.563 -2.80912
1.565 -3.27412
1.566 -2.94604
1.567 -3.46904
1.568 -3.44504
1.569 -2.82067
1.57 -2.93473
1.571 -3.06135
1.572 -3.12837
1.573 -3.10904
1.575 -3.37107
1.577 -2.80896
1.578 -3.00569
1.579 -2.78793
1.58 -2.51733
1.582 -2.71085
1.583 -2.45927
1.584 -2.7635
1.587 -2.70657
1.588 -2.82789
1.589 -3.29947
1.59 -2.78237
1.591 -3.03739
1.592 -2.49522
1.593 -2.46433
1.594 -3.41936
1.595 -2.81385
1.596 -3.25212
1.597 -2.52095
1.598 -3.1943
1.599 -2.8759
1.6 -2.5656
1.601 -2.94592
1.602 -3.02577
1.603 -3.08566
1.604 -2.72147
1.605 -3.08363
1.606 -3.38832
1.607 -3.08288
1.608 -2.93706
1.609 -3.28953
1.61 -2.86296
1.611 -2.56503
1.612 -2.68381
1.613 -2.78224
1.614 -2.47383
1.615 -3.1137
1.616 -2.98498
1.617 -2.87212
1.618 -3.10915
1.621 -2.59688
1.622 -2.83537
1.623 -2.70826
1.624 -3.0324
1.625 -2.98653
1.627 -2.8718
1.628 -2.71793
1.629 -3.20958
1.63 -2.97532
1.631 -2.66762
1.632 -2.76891
1.633 -2.93623
1.634 -3.24326
1.635 -2.87506
1.636 -3.05486
1.637 -3.02004
1.638 -2.75787
1.639 -2.9961
1.64 -2.92817
1.641 -3.02908
1.642 -3.03973
1.643 -2.63249
1.644 -2.90079
1.645 -2.38575
1.646 -2.93097
1.647 -2.96568
1.648 -2.86738
1.65 -2.76929
1.651 -3.21996
1.652 -2.98001
1.654 -2.86697
1.655 -3.21422
1.656 -2.6373
1.657 -2.74217
1.658 -3.09569
1.659 -3.01274
1.66 -3.20353
1.661 -3.42871
1.662 -2.92772
1.663 -2.63262
1.664 -2.6316
1.665 -2.75753
1.666 -2.86148
1.667 -2.78027
1.668 -3.21382
1.669 -2.70978
1.67 -3.19854
1.671 -2.73545
1.672 -3.37069
1.675 -2.63117
1.676 -2.95626
1.677 -2.85503
1.678 -3.4212
1.681 -3.60159
1.684 -3.35987
1.685 -2.57352
1.686 -3.01612
1.687 -2.70855
1.688 -2.94478
1.689 -3.02797
1.69 -3.56699
1.692 -2.83169
1.693 -2.85717
1.694 -3.10698
1.695 -2.72831
1.696 -2.95118
1.697 -3.00227
1.698 -3.43145
1.699 -2.73232
1.702 -3.2516
1.703 -3.30349
1.704 -3.68607
1.705 -2.99521
1.707 -3.03392
1.708 -3.22514
1.709 -2.69568
1.71 -3.56994
1.711 -2.89252
1.712 -2.60087
1.713 -3.53017
1.714 -3.109
1.715 -3.03439
1.716 -2.89368
1.717 -2.91688
1.718 -3.3028
1.719 -2.54684
1.72 -2.88343
1.721 -3.01921
1.722 -3.28699
1.723 -2.8693
1.724 -2.95053
1.725 -2.87548
1.726 -3.4307
1.727 -2.8229
1.728 -2.92266
1.729 -2.70644
1.73 -2.93115
1.731 -3.38095
1.732 -2.78212
1.733 -3.28277
1.734 -3.24975
1.735 -2.63504
1.736 -2.89337
1.737 -3.06799
1.738 -3.26074
1.739 -2.85489
1.74 -3.09297
1.741 -2.81099
1.742 -3.50057
1.743 -3.43681
1.744 -2.64868
1.745 -3.0626
1.746 -2.72674
1.747 -3.34779
1.748 -3.03235
1.749 -3.00246
1.75 -3.61264
1.751 -3.43573
1.752 -2.78897
1.753 -2.58623
1.754 -3.30656
1.755 -3.41706
1.756 -3.41706
1.757 -2.59989
1.758 -2.81393
1.759 -3.21041
1.76 -3.01157
1.762 -3.11509
1.765 -2.75249
1.766 -3.08584
1.768 -3.02974
1.769 -3.06929
1.77 -2.9164
1.772 -2.78023
1.773 -2.9865
1.774 -2.9837
1.777 -2.82352
1.778 -3.49963
1.779 -2.76776
1.78 -3.10895
1.781 -3.02589
1.782 -2.84648
1.783 -3.01462
1.784 -3.11172
1.785 -2.8864
1.786 -3.5747
1.787 -3.06195
1.788 -2.62352
1.789 -2.86435
1.79 -2.64886
1.791 -2.66465
1.792 -3.0106
1.793 -3.3971
1.794 -2.73304
1.795 -3.18032
1.797 -2.87338
1.798 -3.03869
1.799 -2.97784
1.801 -2.79307
1.802 -2.7084
1.804 -2.81516
1.806 -3.2443
1.807 -3.41497
1.808 -2.66645
1.809 -2.70779
1.812 -2.98105
1.813 -2.78711
1.814 -3.20215
1.815 -3.24526
1.816 -3.00651
1.817 -2.98774
1.818 -2.66972
1.819 -3.24722
1.82 -3.29591
1.821 -3.16848
1.822 -2.78395
1.823 -3.21656
1.825 -3.26168
1.826 -2.78382
1.827 -3.26556
1.828 -2.83861
1.829 -2.7612
1.83 -3.10391
1.831 -2.78827
1.832 -3.4279
1.833 -2.91236
1.834 -3.37005
1.835 -3.26071
1.837 -3.09454
1.838 -2.7238
1.839 -2.72245
1.841 -2.55376
1.842 -2.85771
1.843 -2.73962
1.844 -3.30656
1.845 -3.25898
1.846 -2.55113
1.847 -2.95754
1.848 -2.90628
1.849 -2.66555
1.851 -3.20893
1.853 -3.37981
1.856 -3.06614
1.857 -3.26402
1.858 -2.80921
1.859 -3.26374
1.86 -3.09635
1.861 -2.80799
1.862 -3.00332
1.863 -3.10908
1.864 -3.02984
1.865 -3.38112
1.866 -3.21066
1.867 -3.23427
1.869 -2.93855
1.87 -3.17145
1.871 -2.86968
1.872 -3.00247
1.873 -2.66407
1.874 -2.72198
1.875 -3.21872
1.876 -2.66761
1.878 -3.37424
1.879 -2.92176
1.88 -2.95689
1.882 -3.07076
1.883 -2.94555
1.884 -2.6405
1.885 -3.09677
1.886 -2.85712
1.887 -3.08188
1.888 -3.60653
1.89 -2.8357
1.891 -2.96826
1.892 -3.40548
1.893 -2.71032
1.895 -3.57446
1.897 -2.91645
1.898 -2.59025
1.899 -3.01028
1.9 -3.05104
1.901 -3.38799
1.902 -2.39106
1.903 -3.1351
1.905 -2.82728
1.907 -2.89395
1.908 -3.56715
1.909 -3.10017
1.91 -3.47879
1.913 -3.03533
1.914 -2.9528
1.915 -2.5362
1.916 -3.10231
1.917 -3.07774
1.918 -2.82262
1.919 -2.88608
1.92 -3.41593
1.921 -2.88032
1.922 -2.67882
1.923 -2.62627
1.924 -3.24525
1.925 -2.84621
1.926 -2.93663
1.929 -3.19857
1.93 -2.6657
1.931 -2.68124
1.932 -3.07357
1.934 -2.87875
1.935 -2.73233
1.936 -2.95326
1.937 -2.95257
1.938 -2.92341
1.939 -3.21127
1.94 -3.38265
1.941 -3.07643
1.942 -2.81609
1.943 -3.0804
1.944 -2.85391
1.945 -3.10814
1.946 -2.99597
1.947 -2.89255
1.948 -2.8102
1.949 -2.56409
1.95 -2.99075
1.952 -2.84461
1.953 -2.32487
1.954 -2.90538
1.956 -3.37715
1.957 -3.0767
1.958 -3.06517
1.959 -2.94672
1.96 -2.80964
1.962 -2.5942
1.964 -3.40085
1.965 -2.9417
1.967 -2.68176
1.968 -2.69938
1.969 -3.37545
1.97 -2.8247
1.971 -3.55338
1.972 -3.40085
1.973 -3.01376
1.974 -2.91268
1.976 -2.78971
1.978 -3.43695
1.982 -2.79535
1.983 -3.01509
1.984 -2.84744
1.985 -3.056
1.986 -2.81982
1.987 -3.25504
1.989 -3.16713
1.99 -2.99123
1.991 -3.20598
1.994 -2.31092
1.996 -2.68033
1.997 -3.09451
1.998 -3.43602
1.999 -3.23106
2 -2.67432
2.001 -2.53544
2.002 -3.40043
2.003 -2.60967
2.004 -3.08643
2.005 -3.43695
2.006 -3.08487
2.007 -3.0605
2.008 -3.10928
2.009 -2.95361
2.01 -3.20811
2.011 -3.07102
2.012 -2.81995
2.013 -2.85008
2.015 -2.82513
2.016 -3.03732
2.019 -2.71254
2.02 -2.98065
2.021 -3.26733
2.024 -3.26045
2.025 -3.08964
2.028 -3.23598
2.029 -3.41813
2.033 -2.66887
2.034 -2.7784
2.037 -3.10812
2.038 -3.56471
2.04 -3.23869
2.042 -2.86012
2.044 -3.51774
2.045 -3.029
2.046 -3.03
2.047 -3.66792
2.048 -2.85951
2.049 -3.07137
2.05 -2.98155
2.051 -3.38402
2.052 -2.93338
2.053 -2.95474
2.055 -2.72039
2.056 -2.84576
2.058 -3.2184
2.059 -2.7545
2.06 -3.23535
2.063 -3.35032
2.064 -3.66122
2.066 -2.7935
2.067 -3.10248
2.068 -2.88749
2.069 -3.61687
2.07 -2.98151
2.071 -3.39312
2.072 -2.93874
2.073 -3.12981
2.074 -3.37608
2.075 -3.21721
2.077 -2.8493
2.079 -2.99776
2.08 -3.25678
2.081 -3.42674
2.082 -3.10706
2.083 -3.42128
2.084 -3.2669
2.085 -2.59694
2.086 -2.71065
2.087 -2.80938
2.088 -3.08045
2.089 -3.21873
2.09 -3.018
2.091 -3.38139
2.092 -3.09498
2.093 -3.23732
2.094 -2.8764
2.095 -2.94266
2.096 -2.90754
2.099 -3.24196
2.1 -2.9693
2.101 -3.48071
2.102 -3.07265
2.103 -3.07396
2.105 -2.88967
2.107 -2.73789
2.108 -3.30456
2.109 -3.15778
2.113 -3.22011
2.114 -3.00174
2.118 -2.84292
2.119 -2.92478
2.12 -3.23208
2.121 -3.22904
2.126 -3.09932
2.13 -3.43701
2.131 -2.6732
2.132 -3.37535
2.133 -3.21232
2.139 -3.37535
2.14 -2.92792
2.141 -2.95287
2.142 -2.88781
2.143 -2.73297
2.145 -3.09247
2.146 -3.20331
2.147 -3.20143
2.148 -2.7956
2.15 -3.09038
2.151 -3.32997
2.152 -2.99756
2.153 -2.86005
2.154 -2.93787
2.156 -2.98888
2.157 -3.03391
2.158 -3.07762
2.159 -2.79076
2.16 -3.38391
2.161 -2.91091
2.162 -3.49425
2.163 -3.44685
2.164 -2.48689
2.166 -3.26577
2.167 -2.92878
2.168 -3.5237
2.17 -3.56471
2.171 -3.25447
2.172 -3.25412
2.173 -2.53929
2.174 -3.0992
2.175 -2.90073
2.176 -2.94346
2.177 -2.58552
2.179 -2.68996
2.18 -2.94002
2.181 -3.37785
2.183 -2.8252
2.184 -3.623
2.185 -3.40574
2.186 -3.00867
2.187 -2.94769
2.188 -3.11553
2.189 -3.22042
2.19 -3.44818
2.191 -3.08704
2.192 -2.92611
2.194 -2.77776
2.195 -2.78343
2.196 -2.75688
2.198 -3.07062
2.199 -3.5333
2.2 -3.3808
2.201 -2.4071
2.202 -3.06607
2.203 -3.22042
2.204 -2.87034
2.205 -3.40517
2.207 -3.56305
2.208 -3.24864
2.209 -2.8419
2.211 -3.39052
2.212 -3.5197
2.213 -3.33076
2.214 -2.90405
2.216 -3.11012
2.217 -3.42145
2.219 -3.623
2.22 -3.6246
2.222 -3.30584
2.223 -2.78242
2.225 -3.1301
2.229 -2.75522
2.23 -3.44269
2.232 -3.05631
2.233 -2.99711
2.234 -3.26386
2.236 -3.32005
2.237 -2.61558
2.238 -3.40108
2.241 -2.53924
2.242 -3.12005
2.244 -2.52165
2.245 -2.94371
2.246 -2.85354
2.248 -2.98902
2.249 -3.39891
2.25 -3.43178
2.253 -3.20062
2.254 -3.37725
2.255 -3.08832
2.257 -3.06987
2.258 -3.13533
2.259 -2.79162
2.262 -3.39079
2.263 -2.82124
2.264 -3.38791
2.267 -2.882
2.269 -2.91908
2.271 -3.56889
2.272 -2.59572
2.273 -2.69486
2.274 -3.40716
2.275 -3.37911
2.276 -3.09739
2.277 -2.81974
2.278 -2.77957
2.281 -3.49912
2.282 -2.81132
2.283 -3.43024
2.284 -3.37259
2.285 -2.98321
2.287 -3.07622
2.288 -3.13123
2.289 -3.37384
2.29 -2.94926
2.291 -2.65024
2.292 -3.41957
2.293 -3.48485
2.295 -3.25212
2.296 -3.40606
2.297 -2.93822
2.298 -3.21013
2.299 -3.25623
2.3 -3.10413
2.301 -2.9532
2.303 -2.91133
2.304 -2.90444
2.305 -2.59046
2.306 -3.05219
2.307 -2.61858
2.31 -3.42331
2.311 -3.37388
2.312 -2.61045
2.313 -2.48479
2.314 -3.40149
2.317 -3.501
2.318 -3.25366
2.319 -2.94449
2.32 -2.62812
2.322 -3.10247
2.323 -2.91879
2.326 -2.60824
2.327 -3.2241
2.328 -3.08401
2.329 -3.40283
2.33 -2.94771
2.331 -3.50128
2.332 -3.14304
2.333 -2.63832
2.334 -3.66059
2.336 -3.59592
2.337 -2.68524
2.338 -2.83425
2.339 -2.97736
2.34 -2.73506
2.341 -3.0024
2.343 -3.20637
2.344 -3.24827
2.345 -2.62865
2.347 -3.41929
2.348 -3.35598
2.349 -3.41592
2.35 -2.52228
2.351 -3.35598
2.352 -3.42015
2.353 -2.80039
2.354 -2.75845
2.356 -2.93115
2.357 -3.31356
2.358 -2.87072
2.359 -3.07358
2.361 -3.1046
2.364 -3.20574
2.365 -3.43113
2.366 -3.17381
2.367 -2.80696
2.368 -3.05712
2.37 -3.63366
2.371 -3.07756
2.372 -3.06665
2.373 -3.41198
2.374 -2.94654
2.375 -3.48724
2.377 -3.26211
2.381 -2.92558
2.382 -2.98572
2.383 -3.21782
2.384 -3.22191
2.385 -2.70841
2.386 -2.67815
2.387 -3.31355
2.389 -3.25212
2.39 -2.81693
2.391 -3.22015
2.392 -2.84658
2.395 -3.02398
2.396 -3.37664
2.397 -2.98509
2.398 -2.78588
2.399 -2.93226
2.4 -3.20464
2.401 -3.26899
2.402 -3.0713
2.403 -3.38658
2.406 -3.63238
2.41 -3.41736
2.411 -3.01393
2.413 -3.40716
2.414 -3.10938
2.415 -3.42436
2.416 -3.42544
2.417 -3.42544
2.418 -2.81962
2.419 -2.80145
2.42 -3.00679
2.421 -3.43889
2.422 -2.92589
2.424 -2.88563
2.425 -2.96706
2.426 -3.66256
2.427 -2.72669
2.428 -2.94741
2.429 -3.2306
2.43 -2.60506
2.431 -3.25407
2.432 -3.59876
2.433 -2.91528
2.434 -2.82302
2.437 -3.28899
2.438 -3.25682
2.439 -3.29477
2.443 -2.83433
2.444 -2.83412
2.445 -3.12309
2.446 -3.11882
2.447 -3.31453
2.449 -3.02476
2.451 -3.07651
2.452 -2.9094
2.454 -2.92635
2.455 -3.20143
2.457 -3.08451
2.458 -2.95689
2.459 -3.3779
2.461 -3.20778
2.462 -3.3779
2.464 -3.25641
2.465 -2.62431
2.466 -3.38192
2.467 -3.13258
2.468 -3.34189
2.469 -3.21864
2.47 -3.24033
2.471 -2.75764
2.473 -3.21864
2.476 -3.21021
2.477 -2.83986
2.478 -2.84003
2.48 -2.94824
2.481 -3.01946
2.482 -2.76595
2.483 -3.10516
2.484 -3.24825
2.485 -2.88611
2.486 -2.70126
2.487 -2.80637
2.488 -3.09957
2.489 -3.3971
2.49 -3.10031
2.491 -3.12504
2.492 -2.62262
2.493 -3.20978
2.494 -3.47912
2.495 -3.02803
2.497 -3.18854
2.498 -3.08157
2.499 -2.86363
2.5 -3.01264
2.505 -3.12382
2.506 -3.29596
2.507 -2.83562
2.509 -3.22677
2.511 -2.78882
2.512 -3.22677
2.515 -2.9394
2.516 -3.07478
2.518 -2.77792
2.52 -3.23552
2.521 -2.95732
2.522 -2.68062
2.525 -3.36794
2.526 -3.37895
2.528 -3.0745
2.532 -2.93872
2.534 -2.82396
2.536 -3.07657
2.538 -3.25687
2.539 -3.10939
2.541 -3.23415
2.543 -3.37757
2.544 -3.56154
2.545 -3.41827
2.546 -3.41827
2.547 -2.95863
2.549 -3.15848
2.55 -3.39249
2.553 -2.81447
2.555 -3.47276
2.558 -3.04077
2.56 -3.37971
2.562 -3.19875
2.563 -3.07405
2.564 -3.50295
2.565 -3.30388
2.566 -3.42457
2.568 -3.58785
2.569 -3.34189
2.57 -2.94148
2.574 -3.11529
2.575 -2.81223
2.576 -3.41762
2.579 -3.42234
2.58 -3.08653
2.581 -2.91297
2.582 -3.22753
2.583 -3.27703
2.584 -3.03116
2.585 -2.84907
2.586 -3.22995
2.587 -2.81178
2.589 -2.90821
2.591 -3.41393
2.592 -3.10017
2.594 -3.42457
2.595 -3.23238
2.597 -3.12777
2.599 -3.2709
2.6 -3.38462
2.602 -2.84374
2.604 -3.41393
2.606 -3.4294
2.609 -3.23079
2.61 -3.27208
2.611 -3.03842
2.612 -2.75916
2.614 -2.6991
2.616 -3.02308
2.622 -3.67219
2.624 -3.29724
2.625 -3.11539
2.627 -3.27101
2.629 -3.1437
2.63 -2.94748
2.631 -2.9407
2.632 -3.49498
2.633 -3.41187
2.634 -3.21941
2.635 -2.86659
2.636 -3.1043
2.639 -2.92905
2.641 -3.24395
2.643 -2.87035
2.644 -2.8363
2.645 -2.63962
2.646 -3.38864
2.649 -3.12796
2.65 -3.37757
2.651 -3.42404
2.652 -2.73555
2.653 -3.08035
2.654 -2.95949
2.655 -2.8239
2.66 -3.26022
2.661 -2.92183
2.663 -3.38169
2.664 -3.26602
2.665 -3.1107
2.666 -2.80094
2.668 -3.37393
2.67 -3.00109
2.672 -2.53175
2.673 -3.18822
2.675 -2.92854
2.676 -2.70187
2.677 -3.02399
2.678 -3.4294
2.679 -3.12276
2.68 -3.02044
2.681 -2.77299
2.682 -3.30089
2.684 -3.02105
2.686 -2.79593
2.687 -3.18139
2.689 -3.21564
2.69 -3.27703
2.691 -3.22752
2.692 -3.63434
2.693 -3.11068
2.697 -3.21349
2.698 -3.53591
2.7 -2.90098
2.703 -3.38597
2.704 -3.05263
2.705 -3.0081
2.706 -2.98593
2.708 -3.00539
2.709 -2.75797
2.71 -3.66256
2.712 -3.38025
2.713 -3.04366
2.714 -3.26296
2.715 -3.38025
2.716 -2.84384
2.717 -3.24677
2.721 -3.49912
2.722 -2.83244
2.725 -3.40047
2.728 -2.92662
2.729 -3.11651
2.73 -2.97199
2.731 -2.78649
2.734 -2.64063
2.735 -2.56192
2.737 -3.02401
2.739 -2.75263
2.741 -3.59247
2.742 -3.40043
2.744 -3.06801
2.746 -3.06726
2.747 -3.21173
2.748 -3.50043
2.75 -3.49816
2.752 -2.69457
2.753 -3.38377
2.754 -3.29498
2.755 -2.76917
2.756 -3.07083
2.758 -3.01445
2.76 -2.9136
2.762 -3.20973
2.764 -3.41309
2.765 -2.89182
2.766 -3.26776
2.767 -3.22752
2.77 -2.79023
2.771 -2.67913
2.772 -3.26689
2.775 -2.71613
2.776 -3.24122
2.778 -3.37608
2.78 -3.44681
2.782 -3.21215
2.784 -2.53191
2.785 -3.1476
2.786 -3.09374
2.788 -2.7819
2.791 -3.2098
2.795 -3.16922
2.796 -3.43669
2.797 -3.26776
2.798 -2.88956
2.799 -3.33318
2.802 -3.43669
2.804 -2.7621
2.807 -2.79632
2.809 -2.83554
2.811 -2.91889
2.812 -2.74506
2.813 -3.39023
2.814 -3.10398
2.815 -2.61395
2.816 -3.37846
2.819 -3.04338
2.821 -3.07803
2.825 -3.49335
2.826 -2.76268
2.828 -3.11541
2.829 -2.92271
2.83 -3.2883
2.831 -3.20754
2.834 -2.65259
2.835 -3.21301
2.838 -3.23801
2.839 -3.04108
2.84 -3.41851
2.842 -3.083
2.844 -3.61756
2.845 -2.9905
2.846 -2.9545
2.85 -3.09232
2.852 -3.4257
2.853 -2.93876
2.855 -3.39548
2.857 -3.23917
2.858 -3.39548
2.859 -3.00967
2.861 -3.2098
2.865 -3.10491
2.866 -2.45516
2.867 -3.2184
2.868 -3.00298
2.869 -3.40584
2.873 -2.97285
2.874 -2.93201
2.875 -2.70836
2.878 -3.24412
2.879 -2.71682
2.881 -2.85681
2.883 -2.92012
2.886 -3.01169
2.89 -3.56492
2.891 -3.39607
2.893 -2.85948
2.894 -3.56492
2.895 -2.94064
2.898 -3.27189
2.9 -3.39023
2.903 -2.59869
2.904 -3.26228
2.906 -2.74487
2.907 -3.09987
2.909 -2.86743
2.912 -3.4114
2.913 -3.38654
2.914 -2.84267
2.915 -2.71638
2.919 -3.09973
2.92 -2.84346
2.921 -2.35885
2.925 -3.38654
2.926 -2.80134
2.927 -3.38601
2.928 -2.56598
2.93 -2.95267
2.931 -3.52049
2.932 -2.97109
2.934 -2.76039
2.935 -3.00512
2.936 -3.01952
2.937 -3.11288
2.939 -2.87668
2.94 -2.89117
2.941 -3.48898
2.944 -3.32374
2.945 -3.36233
2.948 -2.91501
2.95 -2.71362
2.951 -3.39676
2.952 -3.23016
2.953 -3.217
2.954 -2.94053
2.955 -3.4006
2.956 -3.2709
2.957 -3.21605
2.958 -3.29491
2.961 -3.22936
2.962 -2.88614
2.963 -2.93057
2.965 -2.74903
2.967 -3.22232
2.968 -3.155
2.969 -2.61727
2.971 -3.02734
2.972 -3.25222
2.973 -3.19929
2.975 -3.40825
2.977 -3.3112
2.978 -3.48951
2.979 -2.63261
2.984 -2.9391
2.986 -3.09932
2.988 -3.06291
2.991 -2.94357
2.992 -3.38622
2.996 -2.67808
2.997 -3.38622
3.002 -3.39554
3.003 -3.00457
3.004 -3.24227
3.006 -3.41673
3.008 -3.21719
3.009 -3.58785
3.011 -3.38478
3.013 -2.79861
3.015 -3.09116
3.017 -2.91434
3.018 -2.85351
3.02 -3.21237
3.021 -3.50065
3.023 -2.91072
3.024 -3.32293
3.025 -3.25698
3.026 -3.21718
3.027 -3.13783
3.028 -3.28023
3.03 -3.52229
3.033 -3.10078
3.034 -3.6567
3.035 -2.74866
3.037 -3.12141
3.038 -3.08488
3.039 -3.25252
3.042 -3.08276
3.044 -2.92211
3.045 -2.76071
3.046 -3.10462
3.047 -3.00591
3.049 -3.4114
3.05 -3.01266
3.051 -2.96233
3.052 -2.99301
3.053 -3.00282
3.055 -2.96992
3.057 -3.09934
3.058 -3.08277
3.059 -3.22232
3.06 -3.29491
3.062 -2.66069
3.063 -3.44685
3.066 -2.9782
3.067 -3.1475
3.068 -2.87561
3.071 -3.01772
3.074 -3.109
3.075 -2.70766
3.078 -3.66688
3.08 -3.30437
3.081 -2.99249
3.084 -2.95511
3.086 -3.44967
3.088 -3.26745
3.09 -3.01616
3.091 -3.24085
3.092 -3.01635
3.094 -3.34609
3.095 -3.38561
3.096 -3.23889
3.099 -3.19433
3.1 -3.09443
3.103 -2.78762
3.104 -3.02381
3.106 -2.9533
3.107 -2.95038
3.108 -3.41114
3.109 -2.94409
3.11 -2.90053
3.115 -3.23682
3.122 -2.59183
3.124 -3.09964
3.125 -2.7626
3.126 -3.23323
3.127 -2.47475
3.129 -2.7952
3.131 -3.38939
3.132 -3.38939
3.133 -3.57174
3.134 -3.57174
3.135 -3.41114
3.137 -2.96812
3.139 -2.65516
3.14 -3.41205
3.142 -3.55316
3.149 -2.94897
3.15 -3.17118
3.152 -3.16752
3.153 -2.93898
3.154 -2.92833
3.155 -3.09049
3.156 -3.39181
3.158 -3.39181
3.159 -3.06566
3.16 -3.53263
3.161 -3.23041
3.162 -3.41309
3.163 -3.20134
3.165 -3.61857
3.166 -2.9192
3.167 -3.45395
3.168 -3.06275
3.169 -3.22907
3.17 -3.0191
3.171 -3.38561
3.173 -2.76048
3.174 -3.1043
3.175 -2.55257
3.176 -2.90915
3.177 -2.66443
3.178 -2.7324
3.18 -3.41384
3.181 -3.51476
3.182 -3.24838
3.185 -3.24687
3.188 -3.24181
3.191 -2.92819
3.192 -3.1047
3.193 -2.78993
3.194 -2.81181
3.197 -2.75725
3.198 -3.13099
3.199 -3.22907
3.2 -2.87845
3.202 -3.50803
3.204 -2.91688
3.205 -3.12026
3.206 -3.40035
3.207 -3.10963
3.209 -3.16494
3.21 -2.86904
3.211 -3.14342
3.212 -2.65199
3.214 -3.44164
3.215 -3.00001
3.217 -3.19565
3.218 -3.09443
3.219 -3.04971
3.222 -3.41092
3.223 -3.38494
3.224 -2.93047
3.225 -2.91826
3.226 -2.89662
3.227 -3.08534
3.229 -3.38888
3.23 -3.31981
3.232 -3.6395
3.233 -3.09536
3.236 -2.95061
3.238 -3.23685
3.24 -3.34131
3.243 -2.63306
3.244 -3.10046
3.251 -3.47961
3.252 -2.81072
3.256 -3.04072
3.259 -3.32057
3.265 -3.39052
3.269 -3.09461
3.27 -2.90607
3.273 -3.22811
3.274 -3.28122
3.279 -2.71223
3.281 -3.25293
3.283 -2.76708
3.284 -2.95504
3.287 -2.95281
3.288 -3.39269
3.289 -3.03144
3.291 -3.27936
3.293 -2.97486
3.295 -3.10438
3.296 -2.97907
3.299 -2.99553
3.309 -3.42935
3.313 -3.03331
3.317 -2.92873
3.318 -2.9527
3.319 -3.21347
3.32 -3.22904
3.326 -2.75361
3.329 -3.39632
3.33 -3.39632
3.331 -3.39213
3.335 -3.40533
3.337 -3.40533
3.34 -2.94479
3.345 -3.256
3.347 -2.88054
3.349 -2.97931
3.35 -3.39373
3.351 -3.23321
3.353 -3.10455
3.356 -3.39571
3.36 -2.94553
3.361 -3.36428
3.362 -3.32704
3.364 -2.62196
3.366 -3.13432
3.367 -2.96717
3.368 -3.64122
3.369 -3.21633
3.371 -2.81819
3.372 -3.40535
3.384 -2.94446
3.385 -3.39213
3.386 -3.39069
3.387 -3.12951
3.388 -3.26804
3.394 -3.35235
3.4 -2.88188
3.401 -2.92995
3.402 -3.21638
3.405 -3.29147
3.406 -3.29403
3.411 -3.66037
3.413 -3.56202
3.415 -3.3339
3.416 -2.76083
3.417 -3.00539
3.418 -2.95081
3.42 -3.52178
3.422 -3.69668
3.424 -3.52178
3.427 -3.69668
3.429 -3.38105
3.432 -3.10497
3.434 -3.26207
3.436 -3.21638
3.438 -3.09128
3.439 -3.03342
3.44 -3.30808
3.443 -2.70299
3.446 -3.24949
3.448 -3.17731
3.449 -3.22558
3.45 -3.23391
3.452 -3.39559
3.459 -3.35235
3.462 -3.22558
3.463 -2.59021
3.465 -3.09504
3.466 -3.25708
3.469 -3.09993
3.47 -3.6395
3.475 -3.19378
3.479 -2.96443
3.481 -3.43332
3.482 -2.90482
3.485 -2.92176
3.486 -3.5875
3.488 -3.30437
3.49 -2.64004
3.492 -3.2033
3.493 -3.08985
3.497 -2.94916
3.501 -3.19233
3.504 -3.63937
3.505 -3.41314
3.509 -3.24181
3.513 -3.26126
3.516 -3.26804
3.517 -3.40798
3.519 -2.91797
3.523 -2.95674
3.527 -2.79244
3.529 -2.91402
3.53 -3.39554
3.532 -2.98105
3.535 -2.5328
3.539 -3.21028
3.543 -3.08219
3.551 -2.94422
3.553 -3.05732
3.554 -3.03503
3.555 -3.29969
3.559 -3.07146
3.56 -2.98526
3.561 -3.36173
3.563 -3.51727
3.567 -3.04227
3.568 -3.24661
3.571 -3.24661
3.573 -3.26128
3.587 -2.94851
3.589 -2.96483
3.59 -2.92973
3.591 -2.92159
3.595 -2.85208
3.597 -3.04306
3.608 -3.06986
3.611 -3.09867
3.613 -3.30546
3.617 -3.28147
3.619 -3.54326
3.621 -3.54326
3.624 -3.56326
3.625 -2.84035
3.627 -3.4981
3.632 -3.38494
3.634 -3.22028
3.635 -3.38494
3.636 -2.83664
3.637 -3.23736
3.639 -3.27266
3.649 -3.07105
3.65 -2.76774
3.654 -3.54057
3.655 -2.75169
3.656 -3.55342
3.657 -3.31224
3.659 -2.76128
3.662 -2.75953
3.664 -3.47343
3.665 -3.47343
3.67 -2.93988
3.673 -3.21549
3.677 -2.92478
3.68 -3.25192
3.687 -2.90654
3.689 -3.24894
3.693 -3.24951
3.695 -3.32571
3.696 -3.26168
3.698 -3.15074
3.7 -3.07905
3.702 -3.54057
3.703 -3.24456
3.706 -2.64389
3.71 -2.96207
3.715 -3.25034
3.718 -3.56326
3.72 -3.39121
3.727 -3.28028
3.728 -3.25837
3.732 -2.9461
3.733 -3.06975
3.736 -3.28258
3.737 -2.62426
3.738 -3.01493
3.74 -2.9421
3.741 -2.75939
3.75 -3.49125
3.751 -3.49125
3.753 -3.26206
3.755 -3.04685
3.761 -3.33979
3.765 -2.9462
3.768 -3.08961
3.774 -3.24951
3.779 -2.94078
3.781 -3.2636
3.783 -3.52505
3.785 -3.51502
3.793 -3.5237
3.802 -3.27062
3.806 -3.25369
3.809 -2.76601
3.81 -3.11174
3.815 -2.93877
3.816 -3.01721
3.817 -2.94474
3.82 -3.51727
3.821 -3.08942
3.823 -2.83756
3.824 -3.11749
3.827 -2.94543
3.828 -3.17004
3.83 -3.28499
3.832 -2.88267
3.834 -3.24649
3.836 -2.94277
3.837 -3.39117
3.843 -3.62009
3.844 -3.13484
3.846 -3.65134
3.85 -3.55443
3.854 -2.8025
3.868 -3.3947
3.869 -3.23935
3.872 -3.40397
3.88 -3.52505
3.882 -3.40397
3.883 -3.3494
3.885 -3.30434
3.894 -3.38588
3.895 -3.21841
3.899 -3.45799
3.903 -3.25133
3.912 -3.3155
3.914 -3.60626
3.919 -3.2885
3.923 -3.23673
3.932 -2.99507
3.933 -3.31471
3.936 -3.23549
3.937 -2.77184
3.938 -3.2885
3.943 -3.23579
3.944 -3.23948
3.945 -3.38063
3.95 -2.97954
3.963 -3.25916
3.965 -3.62009
3.974 -2.96039
3.982 -2.94612
3.986 -3.53373
3.988 -3.01021
3.99 -3.26197
3.996 -3.45799
3.998 -3.33618
4.002 -3.50734
4.003 -3.22309
4.007 -3.2751
4.009 -3.22969
4.013 -3.24263
4.025 -3.29403
4.03 -2.95379
4.031 -3.23864
4.033 -3.46514
4.035 -3.30434
4.041 -3.22908
4.047 -2.92665
4.054 -3.2435
4.064 -3.24803
4.072 -2.942
4.075 -3.29976
4.081 -3.22665
4.086 -2.96661
4.093 -3.59118
4.096 -3.59118
4.1 -3.24613
4.108 -3.24443
4.11 -3.21677
4.112 -2.94491
4.113 -2.93925
4.114 -3.23068
4.116 -2.94816
4.125 -3.3339
4.133 -3.19821
4.136 -2.93973
4.141 -2.94787
4.146 -3.65784
4.147 -3.31436
4.148 -3.24913
4.15 -3.25117
4.155 -2.97559
4.156 -3.27032
4.159 -3.39571
4.162 -3.21904
4.171 -3.24803
4.173 -3.28225
4.175 -3.28225
4.178 -3.29166
4.183 -3.21863
4.188 -3.50734
4.189 -2.94197
4.193 -2.9401
4.195 -2.94163
4.197 -3.34337
4.203 -3.29279
4.205 -3.25134
4.207 -2.93597
4.211 -3.24592
4.213 -2.91584
4.214 -3.30291
4.221 -2.5747
4.223 -3.31436
4.228 -2.94847
4.236 -2.92727
4.237 -3.08905
4.24 -3.21841
4.246 -3.2732
4.247 -3.2732
4.248 -2.96287
4.253 -2.98944
4.254 -3.29976
4.255 -3.2748
4.257 -3.36511
4.258 -3.24443
4.271 -3.5594
4.273 -3.36511
4.277 -3.23359
4.281 -2.94121
4.289 -3.2461
4.29 -3.49057
4.301 -2.91158
4.308 -2.90906
4.314 -2.91456
4.321 -3.5594
4.322 -2.76519
4.325 -3.2462
4.326 -3.2461
4.328 -3.2286
4.329 -3.23549
4.341 -3.6151
4.343 -2.96803
4.353 -3.6151
4.354 -3.2751
4.359 -3.50759
4.386 -3.245
4.405 -2.94561
4.415 -2.96752
4.443 -2.98488
4.449 -2.94106
4.45 -3.24592
4.459 -3.20691
4.489 -2.93616
4.494 -2.89435
4.504 -3.22309
4.508 -2.94481
4.509 -2.94012
4.517 -2.94658
4.526 -3.20859
4.531 -3.28645
4.551 -3.25141
4.557 -2.94111
4.586 -3.25141
4.597 -3.28645
4.6 -3.27429
4.613 -3.50879
4.616 -3.15401
4.669 -3.02008
4.693 -3.21863
4.702 -2.96368
4.815 -3.53558
4.875 -2.94876
4.981 -3.05778
5.13 -3.434
5.981 -3.40108
 
 
