0 -2.27464
0.001 -2.04543
0.002 -1.9212
0.003 -1.81132
0.004 -1.72805
0.005 -1.60068
0.006 -1.49448
0.007 -1.5663
0.008 -1.35119
0.009 -1.39183
0.01 -1.27283
0.011 -1.21902
0.012 -1.2449
0.013 -0.990064
0.014 -1.04492
0.015 -0.892553
0.016 -0.894482
0.017 -0.774602
0.018 -0.741919
0.019 -0.72617
0.02 -0.649945
0.021 -0.566586
0.022 -0.606575
0.023 -0.622503
0.024 -0.60548
0.025 -0.577673
0.026 -0.659275
0.027 -0.578541
0.028 -0.516934
0.029 -0.566454
0.03 -0.564405
0.031 -0.596044
0.032 -0.58234
0.033 -0.604033
0.034 -0.582379
0.035 -0.637165
0.036 -0.640103
0.037 -0.572996
0.038 -0.58263
0.039 -0.590475
0.04 -0.59373
0.041 -0.635083
0.042 -0.617753
0.043 -0.631599
0.044 -0.635353
0.045 -0.647306
0.046 -0.679233
0.047 -0.670182
0.048 -0.659736
0.049 -0.631519
0.05 -0.686292
0.051 -0.619146
0.052 -0.635636
0.053 -0.688301
0.054 -0.685106
0.055 -0.670803
0.056 -0.694762
0.057 -0.726298
0.058 -0.717875
0.059 -0.698209
0.06 -0.697278
0.061 -0.734023
0.062 -0.709423
0.063 -0.735501
0.064 -0.719449
0.065 -0.750469
0.066 -0.717551
0.067 -0.744011
0.068 -0.731266
0.069 -0.783279
0.07 -0.748243
0.071 -0.816686
0.072 -0.825414
0.073 -0.771588
0.074 -0.829113
0.075 -0.848949
0.076 -0.84325
0.077 -0.819842
0.078 -0.789673
0.079 -0.787066
0.08 -0.846111
0.081 -0.862344
0.082 -0.775868
0.083 -0.834689
0.084 -0.829023
0.085 -0.838298
0.086 -0.824041
0.087 -0.874231
0.088 -0.846621
0.089 -0.898413
0.09 -0.924839
0.091 -0.832597
0.092 -0.939729
0.093 -0.86733
0.094 -0.842666
0.095 -0.879214
0.096 -0.934423
0.097 -0.898474
0.098 -0.916483
0.099 -0.925058
0.1 -0.898172
0.101 -0.904585
0.102 -0.85995
0.103 -0.993847
0.104 -0.896844
0.105 -0.931243
0.106 -0.925319
0.107 -0.951521
0.108 -0.912664
0.109 -0.929248
0.11 -1.02874
0.111 -0.969063
0.112 -1.05357
0.113 -1.07724
0.114 -1.07592
0.115 -1.10699
0.116 -1.06161
0.117 -1.1452
0.118 -1.16484
0.119 -1.14084
0.12 -1.15886
0.121 -1.20985
0.122 -1.05797
0.123 -1.12279
0.124 -1.11873
0.125 -1.08785
0.126 -1.08992
0.127 -1.17143
0.128 -1.06171
0.129 -1.19001
0.13 -1.10025
0.131 -1.16649
0.132 -1.26292
0.133 -1.18745
0.134 -1.27974
0.135 -1.15865
0.136 -1.27773
0.137 -1.23315
0.138 -1.23118
0.139 -1.26827
0.14 -1.31528
0.141 -1.18112
0.142 -1.32266
0.143 -1.31875
0.144 -1.3333
0.145 -1.30084
0.146 -1.30346
0.147 -1.35267
0.148 -1.40313
0.149 -1.38094
0.15 -1.32862
0.151 -1.44824
0.152 -1.39674
0.153 -1.51096
0.154 -1.43301
0.155 -1.50096
0.156 -1.56425
0.157 -1.41595
0.158 -1.45361
0.159 -1.54412
0.16 -1.52759
0.161 -1.62833
0.162 -1.5164
0.163 -1.46495
0.164 -1.47108
0.165 -1.59669
0.166 -1.5697
0.167 -1.5591
0.168 -1.59568
0.169 -1.44968
0.17 -1.69234
0.171 -1.65137
0.172 -1.58586
0.173 -1.61973
0.174 -1.62582
0.175 -1.62517
0.176 -1.60085
0.177 -1.57198
0.178 -1.62376
0.179 -1.56276
0.18 -1.67121
0.181 -1.68079
0.182 -1.66146
0.183 -1.68531
0.184 -1.58689
0.185 -1.52611
0.186 -1.63394
0.187 -1.64241
0.188 -1.60295
0.189 -1.64522
0.19 -1.77617
0.191 -1.66468
0.192 -1.64854
0.193 -1.61394
0.194 -1.75979
0.195 -1.65206
0.196 -1.53511
0.197 -1.66336
0.198 -1.58126
0.199 -1.59611
0.2 -1.69395
0.201 -1.63626
0.202 -1.84085
0.203 -1.85523
0.204 -1.64428
0.205 -1.78513
0.206 -1.63181
0.207 -1.81649
0.208 -1.69176
0.209 -1.76997
0.21 -1.85341
0.211 -1.86915
0.212 -1.974
0.213 -1.89922
0.214 -1.84571
0.215 -1.55261
0.216 -1.84263
0.217 -1.89229
0.218 -1.74258
0.219 -1.68511
0.22 -1.79454
0.221 -1.71374
0.222 -1.90123
0.223 -1.84567
0.224 -1.84518
0.225 -1.92619
0.226 -1.72755
0.227 -1.80934
0.228 -1.77153
0.229 -1.87553
0.23 -1.72575
0.231 -1.80467
0.232 -1.76083
0.233 -1.82799
0.234 -1.76629
0.235 -1.74719
0.236 -1.7008
0.237 -1.84386
0.238 -1.95637
0.239 -1.83507
0.24 -1.92993
0.241 -1.82392
0.242 -2.03231
0.243 -1.99187
0.244 -1.72727
0.245 -1.99541
0.246 -1.89145
0.247 -1.98793
0.248 -1.83907
0.249 -1.86252
0.25 -2.23522
0.251 -1.80301
0.252 -1.84559
0.253 -1.86699
0.254 -1.90443
0.255 -1.8757
0.256 -1.80734
0.257 -2.20902
0.258 -1.83331
0.259 -1.82795
0.26 -1.80924
0.261 -1.8634
0.262 -1.94739
0.263 -2.20798
0.264 -2.02111
0.265 -2.03449
0.266 -1.89007
0.267 -2.08351
0.268 -2.02266
0.269 -1.80955
0.27 -1.88408
0.271 -1.84246
0.272 -1.77709
0.273 -1.98463
0.274 -1.86684
0.275 -2.02738
0.276 -1.86408
0.277 -1.89093
0.278 -1.86568
0.279 -1.92829
0.28 -1.94821
0.281 -1.92819
0.282 -1.91828
0.283 -1.96878
0.284 -2.06757
0.285 -1.95288
0.286 -2.35077
0.287 -1.99137
0.288 -1.99131
0.289 -1.92954
0.29 -1.81801
0.291 -1.87413
0.292 -1.93228
0.293 -2.02049
0.294 -2.12064
0.295 -2.12286
0.296 -1.81964
0.297 -2.02704
0.298 -2.05847
0.299 -1.98104
0.3 -2.13253
0.301 -2.18325
0.302 -2.1741
0.303 -1.92053
0.304 -2.17867
0.305 -2.02898
0.306 -1.93797
0.307 -1.98812
0.308 -1.95779
0.309 -2.28416
0.31 -1.93766
0.311 -2.07002
0.312 -2.29707
0.313 -1.96415
0.314 -1.92314
0.315 -2.34271
0.316 -1.98814
0.317 -2.04167
0.318 -2.3246
0.319 -1.93527
0.32 -2.01504
0.321 -1.89117
0.322 -2.12874
0.323 -1.90878
0.324 -2.12944
0.325 -2.20733
0.326 -1.81419
0.327 -2.15758
0.328 -2.12263
0.329 -2.01412
0.33 -2.11546
0.331 -2.28992
0.332 -2.04498
0.333 -1.98117
0.334 -2.34523
0.335 -1.98805
0.336 -2.15135
0.337 -2.12436
0.338 -2.16665
0.339 -2.61968
0.34 -2.25335
0.341 -2.12866
0.342 -2.29484
0.343 -2.21397
0.344 -2.18055
0.345 -1.92864
0.346 -2.10946
0.347 -2.12183
0.348 -2.23544
0.349 -2.06844
0.35 -2.05704
0.351 -2.45752
0.352 -2.29549
0.353 -2.20821
0.354 -2.1619
0.355 -2.10976
0.356 -2.0793
0.357 -2.28177
0.358 -2.05452
0.359 -2.07252
0.36 -2.18617
0.361 -2.38667
0.362 -2.16721
0.363 -2.24272
0.364 -3.30088
0.365 -2.21727
0.366 -2.45956
0.367 -1.92172
0.368 -2.74764
0.369 -2.41768
0.37 -2.09506
0.371 -2.40434
0.372 -2.12405
0.373 -2.10119
0.374 -2.21248
0.375 -2.13815
0.376 -2.52754
0.377 -2.2497
0.378 -2.13646
0.379 -2.39487
0.38 -2.22341
0.381 -2.15558
0.382 -2.33315
0.383 -2.47821
0.384 -2.01309
0.385 -2.10659
0.386 -2.0033
0.387 -2.06755
0.388 -1.95903
0.389 -2.62672
0.39 -2.00797
0.391 -2.2939
0.392 -2.09397
0.393 -2.22755
0.394 -2.37988
0.395 -2.17833
0.396 -2.258
0.397 -2.476
0.398 -2.13271
0.399 -2.06176
0.4 -2.38876
0.401 -2.2032
0.402 -2.44614
0.403 -2.25166
0.404 -2.00788
0.405 -2.40775
0.406 -2.39555
0.407 -2.44965
0.408 -1.98944
0.409 -2.16703
0.41 -2.03951
0.411 -2.40692
0.412 -2.18672
0.413 -2.11128
0.414 -2.29272
0.415 -2.2954
0.416 -2.27481
0.417 -2.74896
0.418 -1.9877
0.419 -2.11993
0.42 -2.08018
0.421 -2.35778
0.422 -2.56219
0.423 -2.03386
0.424 -2.13246
0.425 -2.40854
0.426 -2.0823
0.427 -2.22431
0.428 -2.17474
0.429 -2.34065
0.43 -2.55048
0.431 -2.28007
0.432 -2.47098
0.433 -2.34145
0.434 -2.67444
0.435 -2.38741
0.436 -2.53808
0.437 -2.39235
0.438 -2.37386
0.439 -2.25341
0.44 -2.19648
0.441 -2.13628
0.442 -2.01126
0.443 -2.72998
0.444 -2.30538
0.445 -2.24535
0.446 -2.4631
0.447 -2.40335
0.448 -2.38541
0.449 -2.4591
0.45 -2.17608
0.451 -2.23289
0.452 -2.17605
0.453 -2.51826
0.454 -2.33497
0.455 -2.15455
0.456 -2.40182
0.457 -2.54561
0.458 -2.03232
0.459 -2.36268
0.46 -2.24751
0.461 -2.12704
0.462 -2.47573
0.463 -2.53555
0.464 -2.18024
0.465 -2.62049
0.466 -2.2364
0.467 -2.90806
0.468 -2.29388
0.469 -2.32541
0.47 -2.44752
0.471 -2.65096
0.472 -2.64978
0.473 -2.74418
0.474 -2.44562
0.475 -2.19495
0.476 -2.53017
0.477 -2.17443
0.478 -2.29738
0.479 -2.19545
0.48 -2.34042
0.481 -2.4084
0.482 -2.47073
0.483 -2.20283
0.484 -2.34781
0.485 -2.77924
0.486 -2.28575
0.487 -2.63221
0.488 -2.19543
0.489 -2.40184
0.49 -2.28872
0.491 -2.64868
0.492 -2.26819
0.493 -2.44658
0.494 -2.77678
0.495 -2.22626
0.496 -2.29537
0.497 -2.54234
0.498 -2.63797
0.499 -2.28123
0.5 -2.55142
0.501 -2.62765
0.502 -2.24364
0.503 -2.48433
0.504 -2.66125
0.505 -2.78291
0.506 -2.54091
0.507 -2.93822
0.508 -2.27755
0.509 -2.41559
0.51 -2.63449
0.511 -2.54734
0.512 -2.2354
0.513 -2.21677
0.514 -2.27009
0.515 -2.24966
0.516 -2.16246
0.517 -2.54331
0.518 -2.75683
0.519 -2.15198
0.52 -2.63812
0.521 -2.52963
0.522 -2.61559
0.524 -2.01158
0.525 -3.25709
0.526 -2.50786
0.527 -2.40647
0.528 -3.23823
0.529 -2.40274
0.53 -2.51509
0.531 -3.21029
0.532 -2.22806
0.533 -2.20925
0.534 -2.11734
0.535 -2.28055
0.536 -2.28907
0.537 -2.9005
0.538 -2.54596
0.539 -2.34853
0.54 -2.41215
0.541 -2.91414
0.542 -2.6582
0.543 -2.8016
0.544 -2.21273
0.545 -2.28245
0.546 -2.34278
0.547 -2.41446
0.548 -2.33309
0.549 -2.40394
0.55 -2.74048
0.551 -2.25195
0.552 -2.46214
0.553 -2.33394
0.554 -2.30166
0.555 -2.72871
0.556 -2.3208
0.557 -2.19673
0.558 -2.33489
0.559 -2.43795
0.56 -2.14499
0.561 -2.38042
0.562 -2.73207
0.563 -2.20252
0.564 -3.22973
0.565 -2.42041
0.566 -2.08567
0.567 -2.47045
0.568 -2.43976
0.569 -2.44926
0.57 -2.44924
0.571 -2.44418
0.572 -2.16234
0.573 -2.39163
0.574 -2.76925
0.575 -2.28948
0.576 -2.3521
0.577 -2.27515
0.578 -2.7421
0.579 -2.78427
0.58 -2.98322
0.581 -2.65573
0.582 -2.2754
0.583 -2.73783
0.584 -2.35118
0.585 -2.54827
0.586 -2.39737
0.587 -2.90586
0.588 -2.34165
0.589 -2.28391
0.59 -2.61717
0.591 -2.51976
0.592 -2.61545
0.593 -2.94226
0.594 -2.55922
0.595 -2.61517
0.596 -3.25797
0.597 -2.15584
0.598 -2.47604
0.599 -2.47287
0.6 -2.54174
0.601 -2.55622
0.602 -2.45474
0.603 -2.27461
0.604 -2.18618
0.605 -2.31837
0.606 -2.24129
0.607 -3.24356
0.608 -2.44868
0.609 -2.54554
0.61 -2.38882
0.611 -2.21437
0.612 -2.51912
0.613 -2.20171
0.614 -2.38973
0.615 -2.94668
0.616 -2.52995
0.617 -2.6561
0.618 -2.45662
0.619 -2.65396
0.62 -2.76506
0.621 -2.41012
0.622 -2.28201
0.623 -2.29632
0.624 -2.73079
0.625 -2.46138
0.626 -2.45403
0.627 -2.90511
0.628 -2.196
0.629 -2.77069
0.63 -2.41727
0.631 -2.33679
0.632 -2.36022
0.633 -2.65882
0.634 -2.77226
0.635 -2.33984
0.636 -2.5389
0.637 -2.52676
0.638 -2.73402
0.639 -2.78361
0.64 -2.55131
0.641 -2.62672
0.642 -2.62647
0.643 -2.53718
0.644 -2.76704
0.645 -2.52474
0.646 -2.48411
0.647 -2.52649
0.648 -2.44823
0.649 -2.45474
0.65 -2.33763
0.651 -2.34804
0.652 -2.56185
0.653 -2.96277
0.654 -2.37073
0.655 -2.54755
0.656 -2.9263
0.657 -2.96887
0.658 -2.33829
0.659 -2.76644
0.66 -3.24464
0.661 -2.77762
0.662 -2.77271
0.663 -2.3491
0.664 -2.5481
0.665 -2.4552
0.666 -2.77531
0.667 -2.54481
0.668 -2.27987
0.669 -2.5307
0.67 -2.39134
0.671 -2.32336
0.672 -2.30251
0.673 -2.33206
0.674 -2.63962
0.675 -3.2226
0.676 -2.53701
0.677 -2.75896
0.678 -2.94386
0.679 -2.61514
0.68 -2.66826
0.681 -2.55975
0.682 -2.75598
0.683 -2.53793
0.684 -2.94521
0.685 -2.34384
0.686 -2.15852
0.687 -2.21119
0.688 -2.64588
0.689 -2.46772
0.69 -2.63404
0.691 -2.33375
0.692 -3.24245
0.693 -2.34064
0.694 -3.20228
0.695 -2.91865
0.696 -2.45522
0.697 -2.41688
0.698 -2.33763
0.699 -2.73309
0.7 -2.47736
0.701 -2.65235
0.702 -2.51039
0.703 -3.27739
0.704 -2.33078
0.705 -2.64461
0.706 -2.5397
0.707 -2.55777
0.708 -2.28519
0.709 -3.21362
0.71 -2.38873
0.711 -2.74277
0.712 -2.28257
0.713 -2.4821
0.714 -2.77518
0.715 -2.95551
0.716 -2.51011
0.717 -2.93392
0.718 -2.53061
0.719 -3.27711
0.72 -2.27544
0.721 -2.93089
0.722 -2.55763
0.723 -2.54647
0.724 -2.93714
0.725 -2.97677
0.726 -2.34579
0.727 -2.61018
0.728 -2.64772
0.729 -2.52338
0.73 -2.94558
0.731 -3.21273
0.732 -2.90938
0.733 -2.96024
0.734 -3.20064
0.735 -2.52931
0.736 -2.65804
0.737 -2.52946
0.738 -3.28825
0.739 -2.74393
0.74 -2.78074
0.741 -2.62889
0.742 -2.48093
0.743 -2.62755
0.744 -2.64498
0.746 -2.76175
0.747 -2.6336
0.748 -2.33298
0.749 -3.22335
0.75 -2.63007
0.751 -2.93313
0.752 -2.67188
0.753 -2.6375
0.754 -2.25309
0.755 -2.53573
0.756 -2.28626
0.757 -2.64513
0.758 -2.75849
0.759 -2.27175
0.76 -2.63369
0.761 -2.74927
0.762 -2.30129
0.763 -2.52606
0.764 -2.97388
0.765 -2.91308
0.766 -2.40938
0.767 -2.76534
0.768 -2.92798
0.769 -2.76679
0.77 -2.64622
0.771 -2.95704
0.772 -2.29517
0.773 -2.54388
0.774 -2.53775
0.775 -2.9127
0.776 -2.74303
0.777 -2.53135
0.778 -2.53779
0.779 -2.66477
0.78 -3.25885
0.781 -2.54158
0.782 -2.79812
0.783 -2.74141
0.784 -2.76977
0.785 -3.20107
0.787 -2.63957
0.788 -3.24232
0.789 -3.24746
0.79 -2.47573
0.791 -2.76859
0.792 -2.73827
0.793 -2.33068
0.794 -2.52535
0.795 -2.72776
0.796 -2.45874
0.797 -2.3908
0.798 -3.23735
0.799 -2.76371
0.8 -2.64782
0.801 -2.93877
0.802 -2.80129
0.803 -2.92157
0.804 -2.31153
0.805 -2.34308
0.806 -2.55477
0.807 -2.46421
0.808 -2.4429
0.809 -2.4225
0.81 -2.93568
0.812 -2.39772
0.813 -2.44806
0.814 -3.20116
0.816 -2.40457
0.817 -2.63641
0.818 -2.54368
0.819 -2.64702
0.82 -3.24249
0.821 -2.78245
0.822 -2.95445
0.823 -2.39668
0.824 -2.21315
0.825 -2.65498
0.826 -2.97804
0.827 -2.28387
0.828 -2.48067
0.829 -2.47448
0.83 -2.90989
0.831 -2.93225
0.832 -2.63382
0.833 -2.75065
0.834 -3.21499
0.835 -2.93274
0.836 -2.76847
0.838 -2.40148
0.839 -2.64646
0.84 -2.6154
0.841 -3.19831
0.842 -2.99541
0.843 -3.25758
0.844 -2.7604
0.845 -2.64199
0.846 -2.7847
0.848 -2.64146
0.849 -3.20253
0.85 -2.60471
0.851 -2.76399
0.852 -2.56705
0.853 -2.65008
0.854 -3.2206
0.855 -2.44711
0.856 -2.66371
0.857 -2.75351
0.858 -2.98538
0.859 -2.64542
0.86 -2.52803
0.861 -2.46203
0.862 -2.92242
0.863 -2.93512
0.864 -2.91919
0.866 -2.77297
0.867 -2.99014
0.868 -2.74326
0.87 -2.27224
0.871 -2.65911
0.873 -2.75631
0.874 -2.46634
0.876 -2.39582
0.877 -2.73893
0.878 -2.94864
0.879 -2.95007
0.88 -2.55763
0.881 -2.76482
0.882 -2.75053
0.884 -2.77419
0.885 -3.22698
0.886 -2.95914
0.887 -2.93859
0.888 -2.74589
0.889 -2.94863
0.89 -2.53624
0.891 -2.73828
0.892 -2.77698
0.893 -2.66641
0.894 -2.64984
0.895 -3.23888
0.896 -2.52108
0.897 -2.63638
0.898 -2.90563
0.899 -2.75176
0.9 -3.19872
0.901 -2.65832
0.902 -2.77981
0.903 -2.7884
0.904 -3.22525
0.905 -2.45969
0.906 -2.96635
0.907 -2.65369
0.908 -3.20646
0.909 -3.25911
0.91 -2.91369
0.911 -3.26162
0.912 -3.20177
0.913 -2.91809
0.914 -2.66774
0.915 -2.9505
0.916 -2.63887
0.917 -2.77557
0.918 -2.73567
0.919 -2.75527
0.92 -2.75826
0.921 -3.24992
0.922 -2.61796
0.924 -2.74593
0.925 -2.47944
0.926 -2.93918
0.927 -2.96177
0.928 -2.38979
0.929 -2.51162
0.93 -2.38964
0.931 -2.7692
0.932 -2.78913
0.933 -2.90404
0.934 -2.66746
0.935 -2.76481
0.936 -2.93458
0.937 -2.45712
0.938 -2.78913
0.94 -2.55638
0.941 -3.20545
0.943 -2.64145
0.944 -2.75287
0.945 -2.74775
0.946 -2.93319
0.947 -2.52875
0.948 -2.45949
0.95 -2.60266
0.952 -3.26007
0.953 -2.4886
0.954 -3.26134
0.955 -2.76391
0.956 -2.38055
0.959 -2.9137
0.96 -2.43726
0.961 -2.77727
0.962 -3.25704
0.963 -2.93357
0.964 -3.26776
0.965 -2.74424
0.966 -2.52966
0.967 -2.94717
0.968 -3.26228
0.969 -2.93912
0.97 -3.22567
0.971 -2.79521
0.972 -2.76783
0.975 -2.76254
0.976 -2.95068
0.977 -2.64501
0.978 -3.26596
0.979 -2.64143
0.981 -2.91619
0.982 -3.25523
0.983 -2.74825
0.984 -2.75353
0.985 -2.91946
0.986 -3.1999
0.987 -2.92979
0.988 -2.63786
0.989 -2.93409
0.99 -2.63784
0.991 -3.20361
0.992 -3.20153
0.993 -3.21676
0.994 -3.20807
0.996 -2.54103
0.997 -3.27789
0.998 -2.64599
0.999 -2.99231
1 -2.66695
1.001 -3.24752
1.002 -2.54019
1.003 -2.47959
1.004 -3.25515
1.005 -2.96796
1.006 -2.94902
1.007 -2.62725
1.008 -2.92647
1.01 -2.9517
1.011 -2.93089
1.012 -2.54212
1.013 -3.26296
1.014 -2.64506
1.015 -3.25665
1.016 -3.26296
1.017 -3.22939
1.018 -2.93813
1.019 -3.21282
1.02 -2.7935
1.021 -3.24828
1.022 -3.20859
1.024 -3.22011
1.025 -3.22697
1.026 -2.79415
1.027 -2.94126
1.028 -2.79623
1.029 -2.53176
1.031 -3.24092
1.032 -3.20642
1.033 -2.93426
1.034 -2.90613
1.036 -2.77739
1.037 -2.95236
1.038 -2.64616
1.039 -3.24364
1.04 -2.97898
1.041 -2.93201
1.042 -2.56343
1.043 -2.52306
1.044 -3.2543
1.045 -2.55371
1.046 -3.28355
1.047 -2.48015
1.048 -3.28355
1.049 -3.24259
1.05 -2.76216
1.051 -3.20686
1.052 -2.94177
1.053 -2.6301
1.054 -2.90615
1.055 -2.9125
1.056 -3.24081
1.057 -2.61566
1.058 -2.77728
1.062 -2.63264
1.063 -3.19813
1.064 -2.94709
1.065 -2.76893
1.068 -2.92988
1.069 -2.98339
1.07 -2.80116
1.071 -3.19813
1.072 -3.21732
1.073 -2.77671
1.075 -2.91634
1.076 -2.38487
1.077 -3.29338
1.078 -3.29199
1.079 -2.96682
1.081 -3.20712
1.082 -3.25407
1.084 -3.21047
1.085 -2.93614
1.086 -2.94648
1.088 -2.72895
1.09 -2.77186
1.091 -2.652
1.092 -2.41286
1.093 -2.89985
1.094 -3.24808
1.097 -2.65224
1.098 -2.97957
1.099 -2.77072
1.102 -2.63166
1.103 -3.26452
1.105 -2.91729
1.106 -2.65328
1.107 -2.96579
1.108 -3.25814
1.11 -3.21704
1.111 -2.77776
1.112 -2.5396
1.113 -2.9145
1.114 -3.21365
1.116 -2.93613
1.117 -2.56542
1.118 -2.75051
1.119 -2.62154
1.12 -3.19909
1.121 -2.5401
1.123 -3.20911
1.127 -3.26475
1.128 -3.21709
1.129 -2.9377
1.13 -2.65107
1.131 -3.20202
1.132 -3.27881
1.134 -2.39747
1.135 -2.64099
1.136 -2.92683
1.138 -2.79514
1.139 -2.75454
1.14 -2.57308
1.141 -2.77556
1.143 -2.75327
1.145 -2.76377
1.147 -2.94064
1.148 -3.27167
1.149 -2.78721
1.15 -3.20688
1.151 -3.26523
1.152 -2.92364
1.153 -2.75541
1.155 -3.20477
1.156 -2.92373
1.158 -2.97752
1.159 -2.96349
1.161 -2.95812
1.162 -2.46823
1.163 -3.26347
1.164 -3.21336
1.165 -2.63698
1.166 -3.28727
1.167 -2.76893
1.169 -2.78794
1.17 -2.91935
1.172 -2.94502
1.173 -3.2456
1.174 -3.2456
1.176 -2.55107
1.177 -2.95727
1.178 -2.41097
1.179 -3.24858
1.18 -2.63903
1.182 -2.66501
1.184 -3.20892
1.186 -2.96658
1.188 -2.92395
1.191 -2.47865
1.192 -2.74268
1.194 -2.64564
1.195 -3.1984
1.196 -2.95045
1.197 -2.95213
1.198 -3.23114
1.199 -2.97342
1.2 -2.75034
1.202 -3.22933
1.203 -2.75123
1.204 -2.73414
1.205 -3.24298
1.206 -2.98181
1.207 -2.5541
1.208 -3.23997
1.209 -2.91851
1.212 -2.90321
1.213 -2.92701
1.214 -3.19789
1.215 -2.93758
1.216 -2.93073
1.217 -3.2646
1.219 -3.20624
1.22 -2.97206
1.221 -2.95432
1.222 -3.22395
1.225 -3.24353
1.227 -3.26966
1.231 -3.23122
1.232 -2.75081
1.233 -2.75411
1.235 -2.94378
1.236 -3.27448
1.237 -2.76814
1.239 -2.5335
1.24 -2.79466
1.241 -2.45134
1.242 -2.94167
1.243 -2.96879
1.244 -2.9159
1.246 -2.94216
1.247 -2.97774
1.248 -2.91651
1.249 -2.91379
1.252 -3.25176
1.253 -3.25293
1.255 -2.96085
1.257 -2.93129
1.259 -2.96783
1.26 -2.93691
1.262 -2.972
1.263 -2.65268
1.265 -2.90885
1.266 -2.64753
1.267 -2.99173
1.268 -3.20478
1.269 -3.23663
1.271 -3.22978
1.272 -2.97028
1.273 -3.26364
1.275 -2.65664
1.276 -2.96371
1.277 -2.55976
1.278 -3.28478
1.279 -3.25297
1.28 -3.20667
1.282 -2.61037
1.283 -2.61967
1.285 -3.22221
1.287 -3.19969
1.288 -2.65407
1.29 -2.96753
1.292 -2.95481
1.293 -2.92219
1.296 -3.27041
1.297 -2.63021
1.298 -2.79521
1.299 -3.25201
1.3 -2.6336
1.301 -3.19845
1.303 -3.21721
1.304 -2.94561
1.305 -2.76079
1.307 -3.2536
1.311 -3.20353
1.312 -2.93563
1.313 -3.27374
1.314 -3.21721
1.315 -3.27374
1.317 -2.77343
1.318 -2.7236
1.319 -2.94495
1.32 -2.7343
1.321 -2.96302
1.322 -3.21482
1.323 -3.21813
1.324 -3.20982
1.326 -3.21482
1.328 -2.53847
1.329 -3.2536
1.33 -3.22768
1.331 -2.77963
1.333 -2.73739
1.336 -2.46309
1.338 -3.27001
1.339 -2.46852
1.341 -2.63778
1.342 -2.4403
1.343 -3.23663
1.35 -2.64634
1.351 -2.90657
1.353 -3.24618
1.354 -2.57229
1.355 -2.93075
1.356 -3.27303
1.357 -2.95273
1.358 -2.63156
1.361 -3.25184
1.362 -2.74804
1.363 -3.23022
1.364 -2.63144
1.365 -2.93522
1.366 -3.25641
1.368 -2.96969
1.37 -3.25265
1.371 -3.26242
1.373 -2.44767
1.374 -2.96669
1.375 -3.2609
1.376 -2.9286
1.379 -2.65446
1.381 -2.63433
1.384 -2.78032
1.385 -2.75387
1.386 -2.65285
1.387 -3.24777
1.388 -2.80995
1.39 -2.76651
1.392 -3.20612
1.393 -3.25514
1.395 -2.98767
1.398 -3.21268
1.399 -3.21926
1.4 -3.24974
1.402 -3.24974
1.406 -2.97179
1.407 -3.25601
1.408 -2.95327
1.41 -3.21408
1.411 -2.95146
1.412 -2.93199
1.415 -3.21381
1.416 -3.20893
1.418 -2.76631
1.419 -2.95673
1.42 -3.21287
1.421 -3.23994
1.422 -2.92904
1.423 -2.96082
1.426 -2.76715
1.43 -2.94719
1.432 -2.63279
1.433 -2.64555
1.434 -3.23246
1.438 -2.62916
1.442 -2.92529
1.445 -2.65041
1.446 -2.94879
1.448 -2.92975
1.45 -3.22612
1.451 -3.21608
1.455 -2.9872
1.457 -3.28162
1.458 -2.73674
1.459 -3.20343
1.462 -2.94599
1.463 -2.73456
1.464 -2.62096
1.465 -2.95544
1.467 -2.98038
1.468 -3.20477
1.469 -2.42885
1.47 -2.96513
1.478 -2.75766
1.479 -3.25539
1.481 -2.95536
1.485 -3.21783
1.486 -2.95845
1.488 -3.20879
1.489 -3.22516
1.491 -2.92722
1.495 -3.25962
1.497 -2.53481
1.499 -2.7337
1.501 -3.22152
1.503 -2.76076
1.504 -3.25237
1.506 -3.19967
1.51 -2.799
1.511 -2.53664
1.512 -2.96107
1.515 -3.27082
1.517 -3.23856
1.522 -3.22904
1.524 -2.9062
1.525 -2.95144
1.526 -3.2761
1.529 -3.21347
1.53 -2.96975
1.531 -3.22729
1.532 -2.44563
1.533 -2.62819
1.534 -2.95437
1.535 -3.26575
1.537 -3.21529
1.538 -2.95342
1.541 -2.78945
1.542 -2.95481
1.544 -2.9752
1.545 -2.64212
1.546 -3.2203
1.548 -3.198
1.549 -2.96573
1.55 -3.24783
1.553 -3.25353
1.554 -2.79007
1.557 -2.63826
1.56 -2.96331
1.563 -3.20013
1.566 -2.94604
1.569 -2.93919
1.57 -2.93473
1.571 -3.27682
1.577 -2.94662
1.578 -3.24783
1.579 -2.78793
1.58 -3.25212
1.582 -2.77491
1.584 -3.2593
1.587 -2.93092
1.588 -3.19912
1.591 -3.26022
1.592 -2.63226
1.593 -2.55014
1.596 -3.25212
1.597 -2.79588
1.599 -2.97112
1.6 -2.63668
1.602 -3.28103
1.604 -2.9266
1.609 -3.28953
1.61 -3.28953
1.611 -2.56503
1.612 -2.77596
1.613 -2.93354
1.614 -2.52316
1.617 -3.25761
1.621 -2.77324
1.622 -3.21712
1.623 -2.78338
1.624 -3.25619
1.625 -2.98653
1.627 -3.23043
1.628 -2.90649
1.629 -3.20958
1.631 -2.75144
1.632 -2.76891
1.634 -3.24326
1.635 -3.20717
1.637 -3.27141
1.639 -3.2267
1.641 -3.2761
1.642 -3.25383
1.643 -2.63249
1.645 -2.60214
1.647 -3.23022
1.648 -3.24287
1.65 -3.21382
1.651 -3.21996
1.652 -2.98001
1.654 -3.27053
1.655 -3.21422
1.656 -2.93732
1.657 -3.2303
1.659 -3.22146
1.662 -2.92772
1.663 -2.95056
1.664 -2.94401
1.665 -2.93435
1.666 -3.20584
1.667 -2.78027
1.668 -3.21382
1.67 -3.19854
1.671 -3.222
1.675 -3.24379
1.676 -2.95626
1.677 -2.95923
1.685 -2.63997
1.686 -3.23301
1.687 -2.93472
1.689 -3.27501
1.692 -3.222
1.695 -2.72831
1.696 -3.27942
1.697 -3.20521
1.699 -2.93475
1.702 -3.2516
1.705 -3.20291
1.707 -3.25654
1.708 -3.22514
1.709 -2.76442
1.711 -3.19697
1.712 -2.75351
1.714 -3.26077
1.719 -2.98266
1.72 -2.98107
1.721 -3.27055
1.723 -2.94497
1.724 -2.95053
1.725 -3.25967
1.727 -3.22994
1.728 -2.92266
1.729 -2.9187
1.73 -3.24766
1.732 -2.78212
1.733 -3.28277
1.734 -3.24975
1.735 -2.9959
1.74 -3.29497
1.741 -2.9538
1.744 -3.22995
1.746 -2.94667
1.748 -3.28103
1.749 -3.20037
1.752 -2.91053
1.753 -2.94346
1.757 -2.94301
1.758 -2.94223
1.759 -3.21041
1.76 -3.24484
1.768 -3.24298
1.772 -3.20264
1.774 -3.20911
1.777 -2.94458
1.779 -3.20542
1.781 -3.24484
1.782 -2.95287
1.783 -3.22635
1.788 -2.9427
1.789 -3.25143
1.79 -3.22936
1.791 -2.9704
1.794 -2.98751
1.797 -3.26271
1.798 -3.26168
1.799 -3.26271
1.801 -2.90978
1.802 -2.94043
1.804 -2.9388
1.806 -3.2443
1.808 -2.7425
1.809 -2.94764
1.812 -2.98105
1.813 -2.9164
1.814 -3.20215
1.816 -3.20917
1.817 -3.23942
1.819 -3.24722
1.82 -3.29591
1.822 -2.78395
1.823 -3.21656
1.825 -3.26168
1.826 -2.78382
1.827 -3.26556
1.828 -3.24956
1.829 -3.2443
1.835 -3.26071
1.838 -2.93137
1.841 -2.55376
1.842 -3.22753
1.843 -2.92286
1.845 -3.25898
1.846 -2.64733
1.847 -2.95754
1.848 -3.25143
1.849 -2.91457
1.851 -3.20893
1.856 -3.25654
1.857 -3.26402
1.858 -2.93746
1.859 -3.26374
1.86 -3.27925
1.861 -2.80799
1.862 -3.23106
1.863 -3.29591
1.864 -3.2709
1.866 -3.21066
1.867 -3.23427
1.871 -3.23494
1.873 -2.66407
1.875 -3.21872
1.876 -3.24519
1.879 -2.92176
1.88 -2.95689
1.883 -2.94555
1.884 -3.23636
1.89 -3.21235
1.891 -2.96826
1.893 -2.93408
1.898 -3.24417
1.899 -3.24417
1.9 -3.22329
1.902 -2.5284
1.915 -2.93356
1.918 -2.99717
1.919 -3.24089
1.922 -2.67882
1.923 -2.76154
1.924 -3.24525
1.93 -3.28069
1.931 -2.74744
1.934 -3.26045
1.936 -2.95326
1.937 -2.95257
1.938 -2.92341
1.942 -2.81609
1.944 -3.25601
1.946 -3.22369
1.948 -3.21088
1.949 -3.21408
1.95 -3.21656
1.952 -2.98611
1.953 -2.46649
1.954 -2.90538
1.957 -3.21119
1.958 -3.25504
1.96 -3.28703
1.962 -2.9426
1.967 -2.74596
1.97 -3.24827
1.974 -2.91268
1.976 -2.78971
1.982 -3.20818
1.983 -3.26029
1.984 -3.23563
1.985 -3.24943
1.986 -3.21228
1.987 -3.25504
1.99 -3.20172
1.991 -3.20598
1.994 -2.39472
1.996 -3.23944
1.999 -3.23106
2 -3.21463
2.001 -2.76215
2.003 -2.90388
2.007 -3.26156
2.009 -2.95361
2.01 -3.20811
2.012 -3.23864
2.013 -3.22269
2.015 -2.96137
2.019 -2.93963
2.02 -3.20598
2.021 -3.26733
2.024 -3.26045
2.028 -3.23598
2.033 -3.22085
2.034 -2.7784
2.04 -3.23869
2.042 -3.20818
2.045 -3.25678
2.046 -3.24812
2.048 -3.23619
2.05 -3.20179
2.052 -2.93338
2.053 -2.95474
2.055 -2.98895
2.058 -3.2184
2.059 -3.27075
2.066 -2.91925
2.068 -3.25866
2.07 -2.98151
2.075 -3.21721
2.077 -3.21934
2.08 -3.25678
2.084 -3.2669
2.085 -2.93741
2.086 -3.2737
2.087 -2.94847
2.089 -3.21873
2.09 -3.20594
2.092 -3.259
2.093 -3.23732
2.094 -3.22599
2.096 -2.90754
2.099 -3.24196
2.1 -2.9693
2.105 -2.96388
2.113 -3.22011
2.118 -3.22401
2.12 -3.23208
2.121 -3.22904
2.131 -2.76041
2.141 -2.95287
2.142 -3.27869
2.143 -2.73297
2.146 -3.20331
2.147 -3.20143
2.148 -2.95585
2.152 -2.99756
2.154 -2.93787
2.159 -2.90686
2.161 -2.91091
2.164 -2.77643
2.166 -3.26577
2.167 -2.92878
2.171 -3.25447
2.172 -3.25412
2.173 -2.53929
2.176 -2.94346
2.177 -2.98091
2.179 -2.94529
2.183 -2.95488
2.186 -3.2226
2.187 -2.94769
2.189 -3.22042
2.192 -2.92611
2.194 -2.94978
2.195 -2.78343
2.196 -3.22542
2.198 -3.25412
2.201 -2.63442
2.202 -3.24584
2.203 -3.22042
2.204 -3.26134
2.209 -2.92615
2.214 -2.90405
2.229 -3.25432
2.234 -3.26386
2.241 -2.53924
2.244 -3.20127
2.245 -2.94371
2.246 -3.24868
2.248 -3.20062
2.253 -3.20062
2.263 -2.94666
2.269 -2.91908
2.272 -3.26386
2.273 -2.78166
2.276 -3.26255
2.277 -2.94921
2.278 -2.77957
2.29 -2.94926
2.291 -2.92446
2.295 -3.25212
2.299 -3.25623
2.301 -3.20497
2.303 -2.91133
2.304 -2.90444
2.305 -3.21175
2.306 -3.29513
2.312 -2.65456
2.313 -2.74561
2.318 -3.25366
2.319 -2.94449
2.32 -3.28335
2.326 -2.6883
2.327 -3.2241
2.333 -2.63832
2.337 -2.77149
2.34 -2.94241
2.341 -3.23238
2.343 -3.20637
2.344 -3.24827
2.345 -2.9058
2.35 -2.64706
2.353 -2.90194
2.354 -3.20637
2.356 -2.93115
2.358 -3.2656
2.364 -3.20574
2.372 -3.24765
2.374 -2.94654
2.377 -3.26211
2.381 -2.92558
2.382 -3.21837
2.383 -3.21782
2.384 -3.22191
2.385 -2.95084
2.386 -2.76662
2.389 -3.25212
2.39 -2.95323
2.391 -3.22015
2.392 -2.92101
2.395 -3.27887
2.398 -2.90289
2.399 -2.93226
2.4 -3.20464
2.401 -3.26899
2.411 -3.25372
2.418 -2.94445
2.419 -3.24333
2.42 -3.24333
2.422 -2.92589
2.424 -3.20773
2.425 -2.96706
2.427 -2.9343
2.428 -2.94741
2.429 -3.2306
2.43 -2.60506
2.431 -3.25407
2.433 -2.91528
2.434 -3.25809
2.437 -3.28899
2.438 -3.25682
2.439 -3.29477
2.443 -3.26577
2.444 -3.20668
2.452 -2.9094
2.454 -2.92635
2.455 -3.20143
2.457 -3.21435
2.458 -2.95689
2.461 -3.20778
2.464 -3.25641
2.465 -2.62431
2.469 -3.21864
2.47 -3.24033
2.471 -3.22677
2.473 -3.21864
2.476 -3.21021
2.477 -2.95668
2.478 -2.93907
2.48 -3.20077
2.481 -3.27291
2.482 -3.21021
2.484 -3.24825
2.485 -3.24825
2.486 -2.91516
2.492 -2.62262
2.493 -3.20978
2.495 -3.25515
2.499 -3.23326
2.5 -3.23096
2.506 -3.29596
2.507 -3.20917
2.509 -3.22677
2.511 -2.78882
2.512 -3.22677
2.515 -2.9394
2.518 -2.77792
2.52 -3.23552
2.521 -2.95732
2.522 -2.94463
2.528 -3.20366
2.532 -2.93872
2.534 -2.94877
2.538 -3.25687
2.541 -3.23415
2.547 -2.95863
2.553 -3.25826
2.558 -3.20366
2.562 -3.19875
2.57 -2.94148
2.575 -2.93321
2.581 -2.91297
2.582 -3.22753
2.583 -3.27703
2.584 -3.21774
2.585 -2.96237
2.586 -3.22995
2.589 -3.21934
2.595 -3.23238
2.599 -3.2709
2.602 -2.94608
2.609 -3.23079
2.612 -3.2709
2.614 -2.77067
2.616 -3.27101
2.624 -3.29724
2.627 -3.27101
2.63 -2.94748
2.631 -2.9407
2.634 -3.21941
2.639 -2.92905
2.641 -3.24395
2.643 -3.2883
2.644 -2.93065
2.645 -3.23472
2.652 -3.25809
2.654 -2.95949
2.655 -3.25935
2.66 -3.26022
2.661 -2.92183
2.67 -3.20667
2.672 -3.2595
2.676 -2.93811
2.677 -3.20667
2.68 -3.20127
2.681 -2.91284
2.682 -3.30089
2.684 -3.19875
2.686 -2.99636
2.69 -3.27703
2.691 -3.22752
2.697 -3.21349
2.7 -2.90098
2.705 -3.23031
2.708 -3.21467
2.713 -3.26296
2.714 -3.26296
2.716 -2.91831
2.717 -3.24677
2.722 -2.96934
2.728 -3.23598
2.73 -3.23129
2.731 -2.9091
2.734 -2.98234
2.735 -2.91994
2.739 -2.75263
2.744 -3.26689
2.752 -2.91256
2.754 -3.29498
2.755 -3.27189
2.76 -2.9136
2.762 -3.20973
2.765 -3.26745
2.766 -3.26776
2.767 -3.22752
2.771 -2.9228
2.772 -3.26689
2.775 -2.9578
2.776 -3.24122
2.784 -2.7628
2.788 -2.7819
2.791 -3.2098
2.797 -3.26776
2.804 -2.7621
2.809 -2.93336
2.811 -2.91889
2.812 -3.24553
2.815 -2.93958
2.819 -3.23371
2.826 -2.76268
2.829 -2.92271
2.83 -3.2883
2.831 -3.20754
2.834 -2.75349
2.838 -3.23801
2.845 -3.22073
2.853 -2.93876
2.857 -3.23917
2.859 -3.20859
2.861 -3.2098
2.866 -2.53803
2.867 -3.2184
2.868 -3.21349
2.873 -3.24412
2.875 -3.27942
2.878 -3.24412
2.879 -2.93732
2.881 -2.96301
2.886 -3.25196
2.893 -3.24285
2.895 -2.94064
2.898 -3.27189
2.903 -2.76596
2.904 -3.26228
2.906 -3.23967
2.909 -3.20948
2.914 -3.20948
2.915 -2.7727
2.92 -2.98641
2.921 -2.35885
2.926 -2.92721
2.928 -2.64203
2.93 -2.95267
2.932 -2.97109
2.934 -2.9199
2.936 -3.2414
2.939 -3.29288
2.94 -3.29288
2.948 -3.24813
2.95 -3.27009
2.952 -3.23016
2.953 -3.217
2.954 -2.94053
2.956 -3.2709
2.957 -3.21605
2.958 -3.29491
2.961 -3.22936
2.963 -2.93057
2.965 -3.22613
2.967 -3.22232
2.972 -3.25222
2.984 -2.9391
2.991 -2.94357
2.996 -2.75803
3.003 -3.21719
3.004 -3.24227
3.008 -3.21719
3.017 -2.91434
3.018 -3.23736
3.02 -3.21237
3.025 -3.25698
3.026 -3.21718
3.028 -3.28023
3.035 -2.74866
3.042 -3.24979
3.045 -2.76071
3.05 -3.25222
3.052 -3.21866
3.055 -2.96992
3.059 -3.22232
3.06 -3.29491
3.062 -2.66069
3.066 -2.9782
3.068 -3.25581
3.071 -3.24973
3.074 -3.24973
3.081 -2.99249
3.084 -2.95511
3.088 -3.26745
3.09 -3.25698
3.091 -3.24085
3.092 -3.25733
3.096 -3.23889
3.103 -2.9407
3.106 -2.9533
3.107 -2.95038
3.109 -2.94409
3.11 -2.90053
3.115 -3.23682
3.122 -2.64097
3.125 -3.22093
3.126 -3.23323
3.127 -2.47475
3.129 -2.7952
3.137 -2.96812
3.139 -2.73872
3.149 -2.94897
3.153 -2.93898
3.159 -3.23666
3.161 -3.23041
3.163 -3.20134
3.166 -2.9192
3.168 -3.25196
3.169 -3.22907
3.173 -2.92744
3.175 -2.55257
3.176 -2.90915
3.177 -2.75649
3.178 -2.9797
3.182 -3.24838
3.185 -3.24687
3.188 -3.24181
3.191 -2.92819
3.194 -2.97291
3.197 -2.9658
3.199 -3.22907
3.2 -3.29969
3.21 -3.26716
3.212 -2.65199
3.219 -3.23552
3.236 -2.95061
3.238 -3.23685
3.243 -2.63306
3.252 -2.99494
3.256 -3.28122
3.27 -2.90607
3.273 -3.22811
3.274 -3.28122
3.279 -2.94762
3.281 -3.25293
3.283 -2.76708
3.284 -2.95504
3.287 -2.95281
3.291 -3.27936
3.293 -3.21904
3.296 -2.97907
3.299 -2.99553
3.313 -3.27304
3.317 -2.92873
3.318 -2.9527
3.319 -3.21347
3.32 -3.22904
3.326 -2.75361
3.34 -2.94479
3.345 -3.256
3.347 -2.97544
3.349 -3.25558
3.351 -3.23321
3.36 -2.94553
3.364 -3.22093
3.371 -2.95235
3.384 -2.94446
3.388 -3.26804
3.4 -3.28649
3.401 -2.92995
3.402 -3.21638
3.405 -3.29147
3.406 -3.29403
3.416 -3.25826
3.418 -2.95081
3.432 -3.26435
3.434 -3.26207
3.436 -3.21638
3.443 -2.94606
3.446 -3.24949
3.449 -3.22558
3.462 -3.22558
3.463 -3.24979
3.466 -3.25708
3.479 -2.96443
3.482 -2.90482
3.485 -2.92176
3.49 -2.64004
3.492 -3.2033
3.497 -2.94916
3.509 -3.24181
3.513 -3.26126
3.516 -3.26804
3.519 -2.91797
3.523 -2.95674
3.527 -2.95048
3.529 -2.91402
3.532 -2.98105
3.535 -2.5328
3.539 -3.21028
3.551 -2.94422
3.555 -3.29969
3.56 -2.98526
3.568 -3.24661
3.571 -3.24661
3.573 -3.26128
3.587 -2.94851
3.589 -2.96483
3.59 -2.92973
3.591 -2.92159
3.617 -3.28147
3.625 -2.9482
3.634 -3.22028
3.636 -3.25708
3.637 -3.23736
3.639 -3.27266
3.65 -2.76774
3.655 -2.75169
3.659 -2.76128
3.662 -2.75953
3.67 -2.93988
3.673 -3.21549
3.677 -2.92478
3.68 -3.25192
3.687 -2.90654
3.689 -3.24894
3.693 -3.24951
3.703 -3.24456
3.706 -2.64389
3.71 -2.96207
3.715 -3.25034
3.728 -3.25837
3.732 -2.9461
3.733 -3.24211
3.736 -3.28258
3.737 -2.62426
3.74 -2.9421
3.741 -2.75939
3.753 -3.26206
3.755 -3.2275
3.765 -2.9462
3.768 -3.26206
3.774 -3.24951
3.779 -2.94078
3.781 -3.2636
3.802 -3.27062
3.806 -3.25369
3.809 -2.95224
3.815 -2.93877
3.817 -2.94474
3.821 -3.25369
3.823 -3.23496
3.827 -3.28499
3.83 -3.28499
3.832 -3.25061
3.834 -3.24649
3.836 -2.94277
3.854 -3.25837
3.869 -3.23935
3.895 -3.21841
3.903 -3.25133
3.919 -3.2885
3.923 -3.23673
3.932 -3.27826
3.936 -3.23549
3.937 -2.77184
3.938 -3.2885
3.943 -3.23579
3.944 -3.23948
3.95 -3.23948
3.963 -3.25916
3.974 -2.96039
3.982 -2.94612
3.988 -3.24316
3.99 -3.26197
4.003 -3.22309
4.007 -3.2751
4.013 -3.24263
4.025 -3.29403
4.03 -2.95379
4.031 -3.23864
4.041 -3.22908
4.047 -2.92665
4.054 -3.2435
4.064 -3.24803
4.072 -2.942
4.075 -3.29976
4.081 -3.22665
4.086 -2.96661
4.1 -3.24613
4.108 -3.24443
4.11 -3.21677
4.112 -2.94491
4.113 -2.93925
4.114 -3.23068
4.116 -2.94816
4.133 -3.19821
4.136 -2.93973
4.141 -2.94787
4.148 -3.24913
4.15 -3.25117
4.155 -2.97559
4.156 -3.27032
4.162 -3.21904
4.171 -3.24803
4.173 -3.28225
4.175 -3.28225
4.183 -3.21863
4.189 -2.94197
4.193 -2.9401
4.195 -2.94163
4.203 -3.29279
4.205 -3.25134
4.207 -2.93597
4.211 -3.24592
4.213 -2.91584
4.221 -2.62859
4.228 -2.94847
4.236 -2.92727
4.24 -3.21841
4.246 -3.2732
4.247 -3.2732
4.248 -2.96287
4.253 -3.2286
4.254 -3.29976
4.255 -3.2748
4.258 -3.24443
4.281 -2.94121
4.289 -3.2461
4.301 -2.91158
4.308 -2.90906
4.314 -2.91456
4.322 -2.76519
4.325 -3.2462
4.326 -3.2461
4.328 -3.2286
4.329 -3.23549
4.343 -2.96803
4.354 -3.2751
4.386 -3.245
4.405 -2.94561
4.415 -2.96752
4.443 -2.98488
4.449 -2.94106
4.45 -3.24592
4.459 -3.20691
4.489 -2.93616
4.494 -3.245
4.504 -3.22309
4.508 -2.94481
4.509 -2.94012
4.517 -2.94658
4.526 -3.20859
4.531 -3.28645
4.551 -3.25141
4.557 -2.94111
4.586 -3.25141
4.597 -3.28645
4.6 -3.27429
4.693 -3.21863
4.702 -2.96368
4.875 -2.94876
 
 
