0 -2.24929
0.001 -1.94476
0.002 -1.79682
0.003 -1.58033
0.004 -1.46997
0.005 -1.33837
0.006 -1.22348
0.007 -1.10109
0.008 -0.984748
0.009 -0.909425
0.01 -0.725187
0.011 -0.613705
0.012 -0.59344
0.013 -0.43849
0.014 -0.397452
0.015 -0.283601
0.016 -0.248595
0.017 -0.213833
0.018 -0.172752
0.019 -0.163497
0.02 -0.14572
0.021 -0.12348
0.022 -0.153907
0.023 -0.16174
0.024 -0.157624
0.025 -0.151295
0.026 -0.209877
0.027 -0.177004
0.028 -0.162322
0.029 -0.179839
0.03 -0.20504
0.031 -0.233379
0.032 -0.213804
0.033 -0.239141
0.034 -0.241703
0.035 -0.264681
0.036 -0.258212
0.037 -0.241972
0.038 -0.256731
0.039 -0.259371
0.04 -0.267947
0.041 -0.266198
0.042 -0.29745
0.043 -0.317306
0.044 -0.307076
0.045 -0.317824
0.046 -0.299197
0.047 -0.316073
0.048 -0.324318
0.049 -0.316426
0.05 -0.350667
0.051 -0.334278
0.052 -0.32035
0.053 -0.361403
0.054 -0.368094
0.055 -0.369163
0.056 -0.399443
0.057 -0.415764
0.058 -0.417674
0.059 -0.410056
0.06 -0.408738
0.061 -0.42545
0.062 -0.415312
0.063 -0.456912
0.064 -0.443325
0.065 -0.454068
0.066 -0.442604
0.067 -0.443517
0.068 -0.483021
0.069 -0.486882
0.07 -0.472237
0.071 -0.499259
0.072 -0.504124
0.073 -0.466309
0.074 -0.51028
0.075 -0.541853
0.076 -0.51616
0.077 -0.511669
0.078 -0.473994
0.079 -0.505554
0.08 -0.53426
0.081 -0.50462
0.082 -0.481938
0.083 -0.51021
0.084 -0.505091
0.085 -0.51634
0.086 -0.520803
0.087 -0.55422
0.088 -0.544673
0.089 -0.564012
0.09 -0.578429
0.091 -0.548423
0.092 -0.641679
0.093 -0.574105
0.094 -0.541024
0.095 -0.551332
0.096 -0.567405
0.097 -0.559965
0.098 -0.562353
0.099 -0.581856
0.1 -0.564726
0.101 -0.593581
0.102 -0.552497
0.103 -0.614212
0.104 -0.569047
0.105 -0.559806
0.106 -0.571867
0.107 -0.548227
0.108 -0.564557
0.109 -0.583091
0.11 -0.607385
0.111 -0.59661
0.112 -0.64883
0.113 -0.630992
0.114 -0.64553
0.115 -0.609686
0.116 -0.623321
0.117 -0.662494
0.118 -0.646882
0.119 -0.652727
0.12 -0.644051
0.121 -0.729796
0.122 -0.666279
0.123 -0.677085
0.124 -0.69149
0.125 -0.657524
0.126 -0.684244
0.127 -0.704474
0.128 -0.667129
0.129 -0.723134
0.13 -0.640941
0.131 -0.691826
0.132 -0.680905
0.133 -0.585075
0.134 -0.654768
0.135 -0.598466
0.136 -0.646371
0.137 -0.641911
0.138 -0.614568
0.139 -0.639853
0.14 -0.619484
0.141 -0.607598
0.142 -0.642208
0.143 -0.636849
0.144 -0.636705
0.145 -0.609576
0.146 -0.65544
0.147 -0.682825
0.148 -0.690588
0.149 -0.666582
0.15 -0.696044
0.151 -0.725939
0.152 -0.737808
0.153 -0.7291
0.154 -0.698707
0.155 -0.743333
0.156 -0.718875
0.157 -0.735252
0.158 -0.753638
0.159 -0.827205
0.16 -0.809218
0.161 -0.836012
0.162 -0.778906
0.163 -0.757026
0.164 -0.829397
0.165 -0.834293
0.166 -0.766877
0.167 -0.790441
0.168 -0.821237
0.169 -0.784903
0.17 -0.800023
0.171 -0.760785
0.172 -0.789481
0.173 -0.798672
0.174 -0.796049
0.175 -0.810632
0.176 -0.788085
0.177 -0.786231
0.178 -0.822606
0.179 -0.777479
0.18 -0.714924
0.181 -0.798629
0.182 -0.819527
0.183 -0.760622
0.184 -0.836068
0.185 -0.758655
0.186 -0.846783
0.187 -0.777766
0.188 -0.751366
0.189 -0.807217
0.19 -0.82385
0.191 -0.776239
0.192 -0.856001
0.193 -0.810199
0.194 -0.798858
0.195 -0.82632
0.196 -0.831331
0.197 -0.852178
0.198 -0.83268
0.199 -0.813691
0.2 -0.866253
0.201 -0.882201
0.202 -0.895274
0.203 -0.881914
0.204 -0.882654
0.205 -0.931453
0.206 -0.902026
0.207 -0.958384
0.208 -0.891864
0.209 -0.9419
0.21 -0.965748
0.211 -1.02387
0.212 -0.965167
0.213 -0.947764
0.214 -0.9269
0.215 -0.954257
0.216 -1.0498
0.217 -1.0866
0.218 -0.956813
0.219 -0.970573
0.22 -1.01621
0.221 -0.951428
0.222 -1.03088
0.223 -0.970991
0.224 -1.04972
0.225 -1.00948
0.226 -0.987154
0.227 -1.03143
0.228 -0.995463
0.229 -1.03414
0.23 -1.0121
0.231 -1.08615
0.232 -1.05996
0.233 -1.04484
0.234 -1.0709
0.235 -1.04808
0.236 -1.00126
0.237 -1.03421
0.238 -1.07878
0.239 -1.06013
0.24 -1.10555
0.241 -1.16756
0.242 -1.11565
0.243 -1.12912
0.244 -1.02051
0.245 -1.04412
0.246 -1.02944
0.247 -1.09562
0.248 -1.11614
0.249 -1.05854
0.25 -1.07488
0.251 -1.03237
0.252 -1.06978
0.253 -1.05598
0.254 -1.09051
0.255 -1.02065
0.256 -1.04158
0.257 -1.12362
0.258 -1.15995
0.259 -1.05909
0.26 -1.11682
0.261 -1.03102
0.262 -1.17837
0.263 -1.23734
0.264 -1.18871
0.265 -1.17789
0.266 -1.11547
0.267 -1.17702
0.268 -1.3022
0.269 -1.15452
0.27 -1.1665
0.271 -1.20471
0.272 -1.25219
0.273 -1.22221
0.274 -1.29672
0.275 -1.21378
0.276 -1.2166
0.277 -1.28518
0.278 -1.25431
0.279 -1.33122
0.28 -1.35894
0.281 -1.30915
0.282 -1.27073
0.283 -1.37586
0.284 -1.34922
0.285 -1.33108
0.286 -1.42713
0.287 -1.38118
0.288 -1.35475
0.289 -1.36154
0.29 -1.33787
0.291 -1.3295
0.292 -1.48134
0.293 -1.41611
0.294 -1.49057
0.295 -1.42417
0.296 -1.43624
0.297 -1.4737
0.298 -1.45776
0.299 -1.40938
0.3 -1.53178
0.301 -1.55515
0.302 -1.57536
0.303 -1.45001
0.304 -1.57115
0.305 -1.47379
0.306 -1.49857
0.307 -1.53665
0.308 -1.58328
0.309 -1.62756
0.31 -1.50036
0.311 -1.56954
0.312 -1.6543
0.313 -1.5673
0.314 -1.46573
0.315 -1.71798
0.316 -1.57611
0.317 -1.67854
0.318 -1.60606
0.319 -1.56302
0.32 -1.61463
0.321 -1.65418
0.322 -1.65708
0.323 -1.56327
0.324 -1.7585
0.325 -1.66016
0.326 -1.49559
0.327 -1.6273
0.328 -1.74907
0.329 -1.66002
0.33 -1.73326
0.331 -1.69647
0.332 -1.59379
0.333 -1.62823
0.334 -1.77098
0.335 -1.68556
0.336 -1.71982
0.337 -1.64932
0.338 -1.72637
0.339 -1.77595
0.34 -1.72765
0.341 -1.78953
0.342 -1.81213
0.343 -1.68218
0.344 -1.7164
0.345 -1.62932
0.346 -1.78255
0.347 -1.76362
0.348 -1.69098
0.349 -1.70159
0.35 -1.66455
0.351 -1.80525
0.352 -1.80044
0.353 -1.74241
0.354 -1.95852
0.355 -1.71011
0.356 -1.67594
0.357 -1.88717
0.358 -1.81446
0.359 -1.75221
0.36 -1.77888
0.361 -1.90452
0.362 -1.7436
0.363 -1.74121
0.364 -2.04149
0.365 -1.67493
0.366 -1.94593
0.367 -1.76355
0.368 -1.85682
0.369 -1.79179
0.37 -1.7795
0.371 -1.86558
0.372 -1.7836
0.373 -1.77691
0.374 -1.85679
0.375 -1.79435
0.376 -1.93653
0.377 -1.85306
0.378 -1.81592
0.379 -1.82156
0.38 -1.94099
0.381 -1.84367
0.382 -1.77959
0.383 -1.9422
0.384 -1.70435
0.385 -1.74186
0.386 -1.77718
0.387 -1.81162
0.388 -1.71238
0.389 -2.04606
0.39 -1.77259
0.391 -1.96411
0.392 -1.76245
0.393 -1.7699
0.394 -1.98793
0.395 -1.89269
0.396 -1.86717
0.397 -1.92342
0.398 -1.72955
0.399 -1.71087
0.4 -1.90674
0.401 -1.87928
0.402 -2.04058
0.403 -1.84676
0.404 -1.79483
0.405 -1.84335
0.406 -1.92444
0.407 -2.03689
0.408 -1.69917
0.409 -1.7858
0.41 -1.91823
0.411 -2.00025
0.412 -1.84592
0.413 -1.88747
0.414 -1.90369
0.415 -2.01553
0.416 -1.94773
0.417 -2.13912
0.418 -1.70629
0.419 -1.83405
0.42 -1.86083
0.421 -2.05618
0.422 -2.17444
0.423 -1.81835
0.424 -1.98219
0.425 -2.06727
0.426 -1.95189
0.427 -1.79394
0.428 -1.84994
0.429 -2.0131
0.43 -2.05934
0.431 -1.93895
0.432 -2.185
0.433 -1.93704
0.434 -2.11326
0.435 -2.08137
0.436 -2.20715
0.437 -1.8391
0.438 -1.91533
0.439 -1.90729
0.44 -1.88765
0.441 -1.88609
0.442 -1.76602
0.443 -2.11495
0.444 -1.94102
0.445 -1.8218
0.446 -2.05869
0.447 -2.03067
0.448 -2.14041
0.449 -1.97731
0.45 -1.91312
0.451 -2.02469
0.452 -1.94123
0.453 -2.1633
0.454 -2.04634
0.455 -1.89972
0.456 -1.98716
0.457 -2.04762
0.458 -1.81631
0.459 -1.97383
0.46 -1.88786
0.461 -1.87829
0.462 -2.20857
0.463 -2.03484
0.464 -1.94262
0.465 -1.92308
0.466 -1.89418
0.467 -2.04876
0.468 -1.96025
0.469 -2.10651
0.47 -1.98304
0.471 -2.05249
0.472 -2.10116
0.473 -2.25729
0.474 -2.20654
0.475 -2.01922
0.476 -2.0374
0.477 -1.95505
0.478 -1.94446
0.479 -1.93538
0.48 -2.15604
0.481 -2.0736
0.482 -2.13706
0.483 -1.92746
0.484 -2.0634
0.485 -2.2905
0.486 -2.07062
0.487 -2.2582
0.488 -2.07375
0.489 -2.1939
0.49 -1.96334
0.491 -2.18591
0.492 -1.97259
0.493 -2.02544
0.494 -2.19716
0.495 -1.97135
0.496 -1.93839
0.497 -2.22734
0.498 -2.32278
0.499 -2.06756
0.5 -2.25641
0.501 -2.16117
0.502 -1.98284
0.503 -2.2379
0.504 -2.23738
0.505 -2.24572
0.506 -2.01807
0.507 -2.35296
0.508 -2.08025
0.509 -2.16221
0.51 -2.17743
0.511 -2.05598
0.512 -1.96589
0.513 -1.93922
0.514 -2.04543
0.515 -2.13264
0.516 -2.03915
0.517 -2.16569
0.518 -2.24042
0.519 -1.92317
0.52 -2.28255
0.521 -2.24112
0.522 -2.24291
0.523 -2.26958
0.524 -1.8838
0.525 -2.49986
0.526 -2.16103
0.527 -2.12817
0.528 -2.25729
0.529 -2.23492
0.53 -2.11516
0.531 -2.19816
0.532 -2.05252
0.533 -2.00222
0.534 -1.81222
0.535 -2.04558
0.536 -2.04017
0.537 -2.22949
0.538 -2.36539
0.539 -2.12374
0.54 -2.1091
0.541 -2.30525
0.542 -2.20206
0.543 -2.28614
0.544 -1.96285
0.545 -2.01246
0.546 -2.07332
0.547 -2.14863
0.548 -1.95988
0.549 -2.10903
0.55 -2.41
0.551 -2.00405
0.552 -2.05737
0.553 -2.20498
0.554 -2.06099
0.555 -2.27552
0.556 -2.26447
0.557 -2.0816
0.558 -1.99883
0.559 -2.09861
0.56 -1.95999
0.561 -2.12453
0.562 -2.35863
0.563 -2.00349
0.564 -2.75431
0.565 -2.10443
0.566 -1.83826
0.567 -2.06392
0.568 -2.2505
0.569 -2.25292
0.57 -2.22821
0.571 -2.16531
0.572 -1.95965
0.573 -2.20033
0.574 -2.21091
0.575 -2.1616
0.576 -2.06617
0.577 -2.11731
0.578 -2.31784
0.579 -2.64265
0.58 -2.29513
0.581 -2.37842
0.582 -2.16969
0.583 -2.36243
0.584 -1.99734
0.585 -2.06799
0.586 -2.13239
0.587 -2.38693
0.588 -2.01228
0.589 -2.05076
0.59 -2.19963
0.591 -2.37869
0.592 -2.39349
0.593 -2.44533
0.594 -2.27884
0.595 -2.36558
0.596 -2.13426
0.597 -2.02474
0.598 -2.11019
0.599 -2.02197
0.6 -2.3154
0.601 -2.1398
0.602 -2.1407
0.603 -2.06985
0.604 -1.97027
0.605 -2.04274
0.606 -2.10819
0.607 -2.31506
0.608 -2.12299
0.609 -2.29556
0.61 -2.15176
0.611 -2.09235
0.612 -2.31242
0.613 -2.04723
0.614 -2.19465
0.615 -2.44302
0.616 -2.12892
0.617 -2.18633
0.618 -2.18381
0.619 -2.41012
0.62 -2.43719
0.621 -2.12173
0.622 -2.13721
0.623 -2.11283
0.624 -2.22081
0.625 -2.15393
0.626 -2.09669
0.627 -2.34243
0.628 -1.9322
0.629 -2.17703
0.63 -2.36914
0.631 -2.08278
0.632 -1.97919
0.633 -2.2178
0.634 -2.16174
0.635 -2.10843
0.636 -2.32389
0.637 -2.52676
0.638 -2.30812
0.639 -2.43932
0.64 -2.36039
0.641 -2.32941
0.642 -2.25399
0.643 -2.10995
0.644 -2.29703
0.645 -2.18669
0.646 -2.01423
0.647 -2.27877
0.648 -2.10269
0.649 -2.17666
0.65 -2.13153
0.651 -2.31368
0.652 -2.16524
0.653 -2.23664
0.654 -2.15417
0.655 -2.31311
0.656 -2.06315
0.657 -2.40834
0.658 -2.20574
0.659 -2.41256
0.66 -2.36757
0.661 -2.45494
0.662 -2.48847
0.663 -2.3491
0.664 -2.25792
0.665 -2.26898
0.666 -2.3789
0.667 -2.40275
0.668 -2.2198
0.669 -2.09227
0.67 -2.13699
0.671 -2.29423
0.672 -2.20978
0.673 -2.26298
0.674 -2.32138
0.675 -2.43775
0.676 -2.20345
0.677 -2.20427
0.678 -2.34048
0.679 -2.12853
0.68 -2.30832
0.681 -2.30456
0.682 -2.23514
0.683 -2.3943
0.684 -2.42656
0.685 -2.2545
0.686 -2.05648
0.687 -2.09137
0.688 -2.17466
0.689 -2.21823
0.69 -2.36486
0.691 -2.08601
0.692 -2.34252
0.693 -2.0534
0.694 -2.43147
0.695 -2.51754
0.696 -2.37243
0.697 -2.22896
0.698 -2.14983
0.699 -2.38496
0.7 -2.22162
0.701 -2.26988
0.702 -2.24922
0.703 -2.59953
0.704 -2.14145
0.705 -2.2475
0.706 -2.12738
0.707 -2.26615
0.708 -2.08666
0.709 -2.4436
0.71 -2.13008
0.711 -2.30045
0.712 -2.04033
0.713 -2.07777
0.714 -2.19572
0.715 -2.41226
0.716 -2.3119
0.717 -2.29156
0.718 -2.27685
0.719 -2.23308
0.72 -2.13293
0.721 -2.35255
0.722 -2.23792
0.723 -2.17446
0.724 -2.43751
0.725 -2.20543
0.726 -2.08728
0.727 -2.39549
0.728 -2.35828
0.729 -2.08966
0.73 -2.39653
0.731 -2.76139
0.732 -2.51988
0.733 -2.65306
0.734 -2.64388
0.735 -2.28275
0.736 -2.35359
0.737 -2.21971
0.738 -2.71942
0.739 -2.51724
0.74 -2.39212
0.741 -2.31759
0.742 -2.28712
0.743 -2.3709
0.744 -2.31447
0.745 -2.73637
0.746 -2.33728
0.747 -2.35817
0.748 -2.27302
0.749 -2.5607
0.75 -2.41203
0.751 -2.42045
0.752 -2.2466
0.753 -2.42154
0.754 -2.08348
0.755 -2.35662
0.756 -2.03409
0.757 -2.45992
0.758 -2.39549
0.759 -2.00854
0.76 -2.2566
0.761 -2.31243
0.762 -2.21416
0.763 -2.21177
0.764 -2.35909
0.765 -2.63364
0.766 -2.20496
0.767 -2.43585
0.768 -2.37299
0.769 -2.33807
0.77 -2.27019
0.771 -2.3924
0.772 -2.2325
0.773 -2.3505
0.774 -2.23755
0.775 -2.47165
0.776 -2.20277
0.777 -2.19042
0.778 -2.33464
0.779 -2.40485
0.78 -2.42265
0.781 -2.23597
0.782 -2.56066
0.783 -2.33637
0.784 -2.43916
0.785 -2.73798
0.786 -2.70157
0.787 -2.29483
0.788 -2.87528
0.789 -2.43923
0.79 -2.42128
0.791 -2.3364
0.792 -2.50904
0.793 -2.20627
0.794 -2.30265
0.795 -2.47439
0.796 -2.27538
0.797 -2.28759
0.798 -2.52005
0.799 -2.36115
0.8 -2.29257
0.801 -2.33149
0.802 -2.37498
0.803 -2.39609
0.804 -2.27088
0.805 -2.22342
0.806 -2.2716
0.807 -2.17954
0.808 -2.1847
0.809 -2.11939
0.81 -2.46114
0.811 -2.84381
0.812 -2.23991
0.813 -2.28403
0.814 -2.43304
0.815 -2.90544
0.816 -2.15091
0.817 -2.46042
0.818 -2.49267
0.819 -2.51779
0.82 -2.77542
0.821 -2.43586
0.822 -2.49309
0.823 -2.22199
0.824 -2.13294
0.825 -2.47063
0.826 -2.30994
0.827 -2.19787
0.828 -2.30996
0.829 -2.20815
0.83 -2.62392
0.831 -2.64644
0.832 -2.17569
0.833 -2.34583
0.834 -2.3098
0.835 -2.49344
0.836 -2.57057
0.837 -2.7665
0.838 -2.24653
0.839 -2.44822
0.84 -2.44327
0.841 -2.52548
0.842 -2.74267
0.843 -2.60141
0.844 -2.49756
0.845 -2.45051
0.846 -2.54473
0.847 -2.85232
0.848 -2.3017
0.849 -2.4835
0.85 -2.538
0.851 -2.46636
0.852 -2.38474
0.853 -2.31637
0.854 -2.78501
0.855 -2.31284
0.856 -2.31718
0.857 -2.52237
0.858 -2.60426
0.859 -2.45549
0.86 -2.18457
0.861 -2.1999
0.862 -2.56872
0.863 -2.62043
0.864 -2.28955
0.865 -2.49165
0.866 -2.42235
0.867 -2.64551
0.868 -2.29104
0.869 -2.93449
0.87 -2.10596
0.871 -2.32417
0.872 -2.6369
0.873 -2.59482
0.874 -2.37107
0.875 -2.57697
0.876 -2.28257
0.877 -2.3114
0.878 -2.50132
0.879 -2.66812
0.88 -2.44761
0.881 -2.52871
0.882 -2.65658
0.884 -2.41788
0.885 -2.47395
0.886 -2.46075
0.887 -2.45193
0.888 -2.53313
0.889 -2.62057
0.89 -2.36574
0.891 -2.39186
0.892 -2.66992
0.893 -2.54015
0.894 -2.48352
0.895 -2.45719
0.896 -2.32714
0.897 -2.42136
0.898 -2.62537
0.899 -2.48622
0.9 -2.53255
0.901 -2.42945
0.902 -2.50249
0.903 -2.49595
0.904 -2.65714
0.905 -2.27197
0.906 -2.34595
0.907 -2.22281
0.908 -2.32853
0.909 -3.03347
0.91 -2.54442
0.911 -2.66278
0.912 -2.40531
0.913 -2.7176
0.914 -2.41505
0.915 -2.50831
0.916 -2.63887
0.917 -2.77557
0.918 -2.64176
0.919 -2.47043
0.92 -2.59691
0.921 -2.66678
0.922 -2.39866
0.923 -3.08163
0.924 -2.42768
0.925 -2.28528
0.926 -2.70825
0.927 -2.47489
0.928 -2.19238
0.929 -2.45586
0.93 -2.2826
0.931 -2.59412
0.932 -2.49494
0.933 -2.61038
0.934 -2.52711
0.935 -2.33414
0.936 -2.63738
0.937 -2.26561
0.938 -2.61491
0.94 -2.45306
0.941 -2.53029
0.942 -2.75229
0.943 -2.41437
0.944 -2.4738
0.945 -2.74775
0.946 -2.41862
0.947 -2.3581
0.948 -2.3392
0.949 -2.64725
0.95 -2.41548
0.951 -3.39523
0.952 -2.88418
0.953 -2.4886
0.954 -3.0436
0.955 -2.27564
0.956 -2.27903
0.958 -2.94079
0.959 -2.71967
0.96 -2.24603
0.961 -2.77727
0.962 -2.76285
0.963 -2.93357
0.964 -2.8836
0.965 -2.53112
0.966 -2.48328
0.967 -2.41193
0.968 -2.78534
0.969 -2.30493
0.97 -2.76577
0.971 -2.40451
0.972 -2.32001
0.973 -2.82556
0.974 -3.3424
0.975 -2.55069
0.976 -2.63624
0.977 -2.38025
0.978 -3.04616
0.979 -2.38179
0.98 -3.33081
0.981 -2.48254
0.982 -3.06187
0.983 -2.59545
0.984 -2.48852
0.985 -2.5772
0.986 -2.50732
0.987 -2.54677
0.988 -2.36522
0.989 -2.63502
0.99 -2.50202
0.991 -2.72933
0.992 -2.96697
0.993 -2.8619
0.994 -2.84717
0.995 -2.73722
0.996 -2.44236
0.997 -2.45413
0.998 -2.47688
0.999 -2.64107
1 -2.34115
1.001 -2.66099
1.002 -2.39188
1.003 -2.27083
1.004 -2.77204
1.005 -2.63864
1.006 -2.48202
1.007 -2.51315
1.008 -2.73473
1.009 -2.98706
1.01 -2.66377
1.011 -2.57755
1.012 -2.38875
1.013 -2.46542
1.014 -2.39337
1.015 -2.78928
1.016 -2.40641
1.017 -2.55548
1.018 -2.80818
1.019 -3.0105
1.02 -2.46587
1.021 -2.50884
1.022 -2.84166
1.023 -3.13686
1.024 -3.22011
1.025 -2.52853
1.026 -2.33919
1.027 -2.83402
1.028 -2.61312
1.029 -2.13758
1.03 -3.35913
1.031 -3.00427
1.032 -3.20642
1.033 -2.80291
1.034 -2.90613
1.035 -3.13828
1.036 -2.77739
1.037 -2.35601
1.038 -2.44471
1.039 -2.87947
1.04 -2.97898
1.041 -2.93201
1.042 -2.49946
1.043 -2.47666
1.044 -3.00372
1.045 -2.49745
1.046 -3.08503
1.047 -2.38983
1.048 -3.28355
1.049 -2.77185
1.05 -2.76216
1.051 -2.86133
1.052 -2.634
1.053 -2.46796
1.054 -2.67721
1.055 -2.61663
1.056 -2.84006
1.057 -2.55041
1.058 -2.4442
1.059 -2.78478
1.06 -2.78708
1.061 -2.63832
1.062 -2.63264
1.063 -2.67439
1.064 -2.46345
1.065 -2.69607
1.067 -3.47846
1.068 -2.56858
1.069 -2.65233
1.07 -2.71511
1.071 -2.52996
1.072 -3.02893
1.073 -2.62762
1.074 -2.61208
1.075 -2.91634
1.076 -2.2504
1.077 -2.68716
1.078 -2.39314
1.079 -2.72479
1.08 -2.75694
1.081 -2.74247
1.082 -3.25407
1.083 -3.11096
1.084 -2.8756
1.085 -2.8027
1.086 -2.51208
1.087 -2.77766
1.088 -2.45391
1.089 -3.4288
1.09 -2.53048
1.091 -2.652
1.092 -2.21258
1.093 -2.53954
1.094 -2.6841
1.095 -3.18347
1.096 -2.72609
1.097 -2.47975
1.098 -2.66733
1.099 -2.49754
1.1 -3.09973
1.101 -3.31756
1.102 -2.4676
1.103 -2.5362
1.104 -2.81428
1.105 -2.7904
1.106 -2.5762
1.107 -2.83532
1.108 -3.25814
1.109 -3.4162
1.11 -2.78053
1.111 -2.68475
1.112 -2.43814
1.113 -2.57371
1.114 -2.73531
1.115 -2.55262
1.116 -2.50199
1.117 -2.41807
1.118 -2.46002
1.119 -2.51176
1.12 -2.97658
1.121 -2.44098
1.122 -2.6215
1.123 -3.02745
1.124 -2.82779
1.125 -3.00029
1.126 -2.82254
1.127 -2.57271
1.128 -3.0023
1.129 -2.50594
1.13 -2.40409
1.131 -3.20202
1.132 -2.61335
1.133 -2.82138
1.134 -2.21462
1.135 -2.42884
1.136 -2.78986
1.137 -2.95861
1.138 -2.43997
1.139 -2.49551
1.14 -2.51553
1.141 -2.54357
1.142 -2.94396
1.143 -2.53361
1.145 -2.66522
1.146 -2.73449
1.147 -2.82198
1.148 -2.86653
1.149 -2.68616
1.15 -2.53398
1.151 -2.68619
1.152 -2.78967
1.153 -2.47639
1.154 -3.44342
1.155 -2.70298
1.156 -2.64656
1.157 -2.787
1.158 -2.7413
1.159 -2.47472
1.16 -2.65316
1.161 -2.72069
1.162 -2.37812
1.163 -2.86481
1.164 -2.98547
1.165 -2.51083
1.166 -2.76575
1.167 -2.43486
1.168 -2.5782
1.169 -2.64309
1.17 -2.91935
1.171 -2.96769
1.172 -2.73204
1.173 -2.69767
1.174 -2.56582
1.175 -3.12865
1.176 -2.31091
1.177 -2.5403
1.178 -2.20614
1.179 -3.00026
1.18 -2.57576
1.181 -2.74845
1.182 -2.31797
1.183 -2.93644
1.184 -2.53252
1.185 -2.73435
1.186 -2.7402
1.187 -3.43209
1.188 -2.68882
1.189 -3.13017
1.19 -3.37506
1.191 -2.29107
1.192 -2.29669
1.193 -3.1064
1.194 -2.64564
1.195 -3.1984
1.196 -2.95045
1.197 -2.46342
1.198 -2.5271
1.199 -2.84281
1.2 -2.60976
1.202 -2.83625
1.203 -2.66288
1.204 -2.46052
1.205 -2.71106
1.206 -2.65612
1.207 -2.43883
1.208 -2.85019
1.209 -2.54116
1.21 -3.45865
1.211 -2.9033
1.212 -2.54961
1.213 -2.7161
1.214 -2.50182
1.215 -2.5354
1.216 -2.7991
1.217 -2.77586
1.218 -3.39899
1.219 -2.49663
1.22 -2.56282
1.221 -2.83465
1.222 -3.02866
1.223 -3.51572
1.224 -3.16939
1.225 -2.77772
1.226 -3.00537
1.227 -2.89111
1.229 -2.95084
1.231 -2.8926
1.232 -2.54504
1.233 -2.43157
1.234 -3.143
1.235 -2.65808
1.236 -2.7673
1.237 -2.69204
1.238 -2.94935
1.239 -2.34597
1.24 -2.79466
1.241 -2.37582
1.242 -2.5663
1.243 -2.58578
1.244 -2.81559
1.245 -2.9179
1.246 -2.94216
1.247 -2.73323
1.248 -2.49873
1.249 -2.69651
1.25 -3.14294
1.251 -2.98021
1.252 -3.25176
1.253 -2.51043
1.254 -3.10839
1.255 -2.73765
1.256 -3.41102
1.257 -2.93129
1.258 -3.50026
1.259 -2.50579
1.26 -2.81962
1.261 -2.78713
1.262 -2.972
1.263 -2.52321
1.264 -3.4757
1.265 -2.80131
1.266 -2.51687
1.267 -2.87779
1.268 -2.99511
1.269 -2.83605
1.27 -3.45528
1.271 -3.22978
1.272 -2.73287
1.273 -2.79351
1.274 -3.09809
1.275 -2.65664
1.276 -2.82786
1.277 -2.38751
1.278 -2.79734
1.279 -2.90672
1.28 -2.9807
1.281 -2.94533
1.282 -2.33479
1.283 -2.37379
1.285 -2.83721
1.286 -2.76471
1.287 -2.65834
1.288 -2.57042
1.289 -3.4596
1.29 -2.65885
1.291 -2.73056
1.292 -2.57298
1.293 -2.57623
1.295 -2.86393
1.296 -2.8936
1.297 -2.45695
1.298 -2.64177
1.299 -2.66022
1.3 -2.6336
1.301 -2.58612
1.303 -2.86392
1.304 -2.83318
1.305 -2.76079
1.307 -3.2536
1.308 -2.90408
1.309 -2.93135
1.31 -2.95829
1.311 -2.83978
1.312 -2.56715
1.313 -2.91689
1.314 -2.87747
1.315 -2.99429
1.316 -2.93119
1.317 -2.77343
1.318 -2.7236
1.319 -2.56718
1.32 -2.7343
1.321 -2.74589
1.322 -2.30354
1.323 -3.21813
1.324 -3.20982
1.325 -2.54318
1.326 -2.63878
1.327 -2.93018
1.328 -2.39002
1.329 -3.04661
1.33 -3.01053
1.331 -2.49372
1.332 -2.97135
1.333 -2.65795
1.334 -3.3769
1.335 -3.15758
1.336 -2.36949
1.337 -3.39079
1.338 -2.86204
1.339 -2.30166
1.34 -2.77283
1.341 -2.5702
1.342 -2.4403
1.343 -2.67766
1.345 -3.40825
1.346 -2.94394
1.347 -3.13109
1.348 -3.09252
1.349 -3.42996
1.35 -2.49861
1.351 -2.72065
1.353 -3.24618
1.354 -2.37043
1.355 -2.93075
1.356 -2.61024
1.357 -2.82603
1.358 -2.49977
1.359 -3.40258
1.36 -3.12656
1.361 -3.25184
1.362 -2.60262
1.363 -3.03025
1.364 -2.63144
1.365 -2.80116
1.366 -3.00658
1.367 -3.36566
1.368 -2.83674
1.369 -2.91078
1.37 -2.73991
1.371 -2.76226
1.372 -3.31456
1.373 -2.4027
1.374 -2.96669
1.375 -2.77585
1.376 -2.65196
1.377 -2.71844
1.378 -2.65201
1.379 -2.65446
1.38 -2.94531
1.381 -2.63433
1.382 -3.03239
1.383 -3.37695
1.384 -2.53059
1.385 -2.67137
1.386 -2.65285
1.387 -2.47245
1.388 -2.72039
1.39 -2.60394
1.391 -2.69695
1.392 -3.00008
1.393 -3.05434
1.395 -2.86334
1.396 -3.31311
1.397 -3.43967
1.398 -2.9906
1.399 -2.86931
1.4 -3.24974
1.401 -3.13339
1.402 -2.77262
1.403 -2.92037
1.404 -3.13302
1.405 -3.21539
1.406 -2.57984
1.407 -2.83948
1.408 -2.95327
1.409 -3.31548
1.41 -3.21408
1.411 -2.95146
1.412 -2.93199
1.414 -3.39792
1.415 -3.21381
1.416 -2.6576
1.417 -3.12867
1.418 -2.60813
1.419 -2.82773
1.42 -2.98363
1.421 -2.76089
1.422 -2.43178
1.423 -2.73058
1.424 -3.39889
1.425 -2.89809
1.426 -2.5507
1.427 -2.86416
1.428 -2.85082
1.429 -3.08668
1.43 -2.81514
1.431 -3.37655
1.432 -2.36463
1.433 -2.57852
1.434 -2.65276
1.436 -3.06212
1.438 -2.54784
1.44 -3.14545
1.442 -2.41805
1.443 -2.72299
1.445 -2.53408
1.446 -2.82725
1.447 -2.91015
1.448 -2.49231
1.45 -3.22612
1.451 -2.99118
1.453 -2.7476
1.454 -3.37289
1.455 -2.84604
1.457 -3.28162
1.458 -2.52987
1.459 -3.20343
1.46 -2.90169
1.461 -2.70644
1.462 -2.42869
1.463 -2.46784
1.464 -2.62096
1.465 -2.95544
1.466 -3.30499
1.467 -2.53877
1.468 -3.20477
1.469 -2.42885
1.47 -2.96513
1.471 -3.39792
1.472 -3.50861
1.476 -3.06612
1.478 -2.44837
1.479 -3.0213
1.48 -3.41774
1.481 -2.82485
1.483 -3.13267
1.485 -2.76361
1.486 -2.64704
1.487 -3.06054
1.488 -3.20879
1.489 -2.85677
1.49 -2.67326
1.491 -2.63467
1.492 -3.11034
1.494 -3.08034
1.495 -3.01584
1.496 -3.32879
1.497 -2.48005
1.499 -2.58154
1.5 -3.04931
1.501 -2.98827
1.502 -2.74474
1.503 -2.61334
1.504 -2.98787
1.505 -3.37991
1.506 -2.99316
1.508 -2.9133
1.509 -3.36238
1.51 -2.799
1.511 -2.53664
1.512 -2.96107
1.514 -3.07829
1.515 -3.04884
1.516 -3.09336
1.517 -2.72207
1.519 -2.92235
1.521 -3.47124
1.522 -2.83894
1.524 -2.9062
1.525 -2.95144
1.526 -3.2761
1.527 -3.12009
1.528 -3.45331
1.529 -2.99976
1.53 -2.96975
1.531 -3.22729
1.532 -2.44563
1.533 -2.56642
1.534 -2.72607
1.535 -2.50522
1.536 -3.14572
1.537 -2.54054
1.538 -2.45413
1.539 -2.90029
1.54 -2.81621
1.541 -2.63025
1.542 -2.50469
1.544 -2.64848
1.545 -2.64212
1.546 -2.85037
1.548 -2.99564
1.549 -2.81255
1.55 -2.68418
1.552 -3.08117
1.553 -2.82242
1.554 -2.6122
1.555 -2.96985
1.556 -3.13798
1.557 -2.63826
1.558 -3.41021
1.559 -3.15851
1.56 -2.67206
1.562 -3.36618
1.563 -2.80912
1.566 -2.94604
1.567 -3.46904
1.568 -3.44504
1.569 -2.82067
1.57 -2.93473
1.571 -3.06135
1.572 -3.12837
1.573 -3.10904
1.575 -3.37107
1.577 -2.80896
1.578 -3.00569
1.579 -2.78793
1.58 -2.55489
1.582 -2.77491
1.583 -2.45927
1.584 -2.7635
1.587 -2.70657
1.588 -2.82789
1.59 -2.78237
1.591 -3.03739
1.592 -2.49522
1.593 -2.49758
1.594 -3.41936
1.595 -2.81385
1.596 -3.25212
1.597 -2.61576
1.598 -3.42333
1.599 -2.97112
1.6 -2.5656
1.601 -3.06377
1.602 -3.02577
1.603 -3.08566
1.604 -2.79399
1.605 -3.08363
1.606 -3.38832
1.607 -3.08288
1.608 -2.93706
1.609 -3.28953
1.61 -2.86296
1.611 -2.56503
1.612 -2.68381
1.613 -2.78224
1.614 -2.47383
1.615 -3.1137
1.616 -3.12759
1.617 -2.87212
1.618 -3.10915
1.621 -2.59688
1.622 -2.83537
1.623 -2.70826
1.624 -3.0324
1.625 -2.98653
1.627 -2.8718
1.628 -2.7842
1.629 -3.20958
1.63 -3.11424
1.631 -2.66762
1.632 -2.76891
1.633 -2.93623
1.634 -3.24326
1.635 -2.87506
1.636 -3.05486
1.637 -3.02004
1.638 -2.75787
1.639 -2.9961
1.64 -2.92817
1.641 -3.02908
1.642 -3.03973
1.643 -2.63249
1.644 -2.90079
1.645 -2.38575
1.646 -2.93097
1.647 -2.96568
1.648 -2.86738
1.65 -2.76929
1.651 -3.21996
1.652 -2.98001
1.654 -2.86697
1.655 -3.21422
1.656 -2.6373
1.657 -2.74217
1.658 -3.09569
1.659 -3.01274
1.66 -3.20353
1.661 -3.42871
1.662 -2.92772
1.663 -2.63262
1.664 -2.6316
1.665 -2.81483
1.666 -2.86148
1.667 -2.78027
1.668 -3.21382
1.669 -2.70978
1.67 -3.19854
1.671 -2.73545
1.672 -3.37069
1.675 -2.63117
1.676 -2.95626
1.677 -2.95923
1.678 -3.4212
1.684 -3.35987
1.685 -2.57352
1.686 -3.01612
1.687 -2.70855
1.688 -2.94478
1.689 -3.02797
1.692 -2.99327
1.693 -2.93685
1.694 -3.10698
1.695 -2.72831
1.696 -3.27942
1.697 -3.00227
1.698 -3.43145
1.699 -2.73232
1.702 -3.2516
1.705 -2.99521
1.707 -3.03392
1.708 -3.22514
1.709 -2.76442
1.711 -2.99912
1.712 -2.60087
1.714 -3.26077
1.715 -3.03439
1.716 -2.89368
1.717 -2.91688
1.718 -3.3028
1.719 -2.58164
1.72 -2.98107
1.721 -3.01921
1.723 -2.94497
1.724 -2.95053
1.725 -2.87548
1.726 -3.4307
1.727 -2.8229
1.728 -2.92266
1.729 -2.70644
1.73 -3.04947
1.731 -3.38095
1.732 -2.78212
1.733 -3.28277
1.734 -3.24975
1.735 -2.63504
1.736 -2.89337
1.737 -3.06799
1.739 -2.94958
1.74 -3.09297
1.741 -2.81099
1.742 -3.50057
1.743 -3.43681
1.744 -2.64868
1.745 -3.0626
1.746 -2.72674
1.747 -3.34779
1.748 -3.03235
1.749 -3.00246
1.751 -3.43573
1.752 -2.78897
1.753 -2.62915
1.754 -3.30656
1.755 -3.41706
1.756 -3.41706
1.757 -2.64546
1.758 -2.81393
1.759 -3.21041
1.76 -3.01157
1.762 -3.11509
1.765 -2.75249
1.766 -3.08584
1.768 -3.02974
1.769 -3.06929
1.77 -2.9164
1.772 -2.84321
1.773 -3.09276
1.774 -2.9837
1.777 -2.82352
1.778 -3.49963
1.779 -2.76776
1.78 -3.10895
1.781 -3.02589
1.782 -2.84648
1.783 -3.01462
1.784 -3.11172
1.785 -2.8864
1.787 -3.06195
1.788 -2.62352
1.789 -2.86435
1.79 -2.64886
1.791 -2.66465
1.792 -3.0106
1.793 -3.3971
1.794 -2.73304
1.795 -3.41467
1.797 -2.87338
1.798 -3.03869
1.799 -3.26271
1.801 -2.79307
1.802 -2.7084
1.804 -2.81516
1.806 -3.2443
1.807 -3.41497
1.808 -2.66645
1.809 -2.70779
1.812 -2.98105
1.813 -2.78711
1.814 -3.20215
1.816 -3.00651
1.817 -2.98774
1.818 -2.66972
1.819 -3.24722
1.82 -3.29591
1.821 -3.16848
1.822 -2.78395
1.823 -3.21656
1.825 -3.26168
1.826 -2.78382
1.827 -3.26556
1.828 -2.83861
1.829 -2.7612
1.83 -3.10391
1.831 -2.78827
1.832 -3.4279
1.833 -2.91236
1.834 -3.37005
1.835 -3.26071
1.837 -3.09454
1.838 -2.78078
1.839 -2.72245
1.841 -2.55376
1.842 -2.85771
1.843 -2.80459
1.844 -3.30656
1.845 -3.25898
1.846 -2.64733
1.847 -2.95754
1.848 -3.01526
1.849 -2.66555
1.851 -3.20893
1.853 -3.37981
1.856 -3.06614
1.857 -3.26402
1.858 -2.80921
1.859 -3.26374
1.86 -3.27925
1.861 -2.80799
1.862 -3.00332
1.863 -3.29591
1.864 -3.02984
1.865 -3.38112
1.866 -3.21066
1.867 -3.23427
1.869 -2.93855
1.87 -3.17145
1.871 -2.86968
1.872 -3.10388
1.873 -2.66407
1.874 -2.77102
1.875 -3.21872
1.876 -2.77752
1.878 -3.37424
1.879 -2.92176
1.88 -2.95689
1.882 -3.07076
1.883 -2.94555
1.884 -2.6405
1.885 -3.09677
1.886 -2.93276
1.89 -2.8357
1.891 -2.96826
1.892 -3.40548
1.893 -2.71032
1.897 -2.91645
1.898 -2.59025
1.899 -3.01028
1.9 -3.22329
1.901 -3.38799
1.902 -2.41583
1.903 -3.1351
1.905 -2.82728
1.907 -2.89395
1.909 -3.10017
1.91 -3.47879
1.913 -3.03533
1.914 -3.08605
1.915 -2.5362
1.916 -3.10231
1.917 -3.07774
1.918 -2.82262
1.919 -2.88608
1.92 -3.41593
1.921 -2.88032
1.922 -2.67882
1.923 -2.62627
1.924 -3.24525
1.925 -3.05714
1.926 -2.93663
1.93 -2.86283
1.931 -2.74744
1.932 -3.07357
1.934 -2.87875
1.935 -2.73233
1.936 -2.95326
1.937 -2.95257
1.938 -2.92341
1.939 -3.42809
1.94 -3.38265
1.941 -3.07643
1.942 -2.81609
1.943 -3.0804
1.944 -3.03255
1.945 -3.10814
1.946 -2.99597
1.947 -2.89255
1.948 -3.01057
1.949 -2.65372
1.95 -2.99075
1.952 -2.84461
1.953 -2.38262
1.954 -2.90538
1.956 -3.37715
1.957 -3.21119
1.958 -3.06517
1.959 -2.94672
1.96 -2.80964
1.962 -2.5942
1.964 -3.40085
1.965 -2.9417
1.967 -2.74596
1.968 -2.69938
1.969 -3.37545
1.97 -2.8247
1.972 -3.40085
1.973 -3.01376
1.974 -2.91268
1.976 -2.78971
1.978 -3.43695
1.982 -2.98957
1.983 -3.01509
1.984 -2.84744
1.985 -3.056
1.986 -2.81982
1.987 -3.25504
1.989 -3.16713
1.99 -2.99123
1.991 -3.20598
1.994 -2.31092
1.996 -2.68033
1.997 -3.09451
1.998 -3.43602
1.999 -3.23106
2 -2.67432
2.001 -2.53544
2.002 -3.40043
2.003 -2.60967
2.004 -3.08643
2.005 -3.43695
2.006 -3.08487
2.007 -3.0605
2.009 -2.95361
2.01 -3.20811
2.011 -3.07102
2.012 -2.90917
2.013 -2.85008
2.015 -2.82513
2.016 -3.37974
2.019 -2.71254
2.02 -2.98065
2.021 -3.26733
2.024 -3.26045
2.025 -3.08964
2.028 -3.23598
2.029 -3.41813
2.033 -2.66887
2.034 -2.7784
2.037 -3.10812
2.04 -3.23869
2.042 -2.86012
2.044 -3.51774
2.045 -3.029
2.046 -3.03
2.048 -2.85951
2.049 -3.41925
2.05 -2.98155
2.051 -3.38402
2.052 -2.93338
2.053 -2.95474
2.055 -2.76921
2.056 -2.84576
2.058 -3.2184
2.059 -2.7545
2.06 -3.42111
2.063 -3.35032
2.066 -2.7935
2.067 -3.10248
2.068 -2.88749
2.07 -2.98151
2.071 -3.39312
2.072 -2.93874
2.073 -3.12981
2.074 -3.37608
2.075 -3.21721
2.077 -2.8493
2.079 -2.99776
2.08 -3.25678
2.081 -3.42674
2.082 -3.10706
2.083 -3.42128
2.084 -3.2669
2.085 -2.59694
2.086 -2.71065
2.087 -2.80938
2.088 -3.08045
2.089 -3.21873
2.09 -3.018
2.091 -3.38139
2.092 -3.259
2.093 -3.23732
2.094 -2.8764
2.095 -2.94266
2.096 -2.90754
2.099 -3.24196
2.1 -2.9693
2.101 -3.48071
2.102 -3.07265
2.103 -3.07396
2.105 -2.96388
2.107 -2.73789
2.109 -3.15778
2.113 -3.22011
2.114 -3.00174
2.118 -2.84292
2.119 -2.92478
2.12 -3.23208
2.121 -3.22904
2.126 -3.09932
2.13 -3.43701
2.131 -2.6732
2.132 -3.37535
2.133 -3.43701
2.139 -3.37535
2.14 -2.92792
2.141 -2.95287
2.142 -2.88781
2.143 -2.73297
2.145 -3.09247
2.146 -3.20331
2.147 -3.20143
2.148 -2.7956
2.15 -3.09038
2.151 -3.32997
2.152 -2.99756
2.153 -2.86005
2.154 -2.93787
2.156 -3.11497
2.157 -3.03391
2.158 -3.07762
2.159 -2.79076
2.16 -3.38391
2.161 -2.91091
2.162 -3.49425
2.163 -3.44685
2.164 -2.48689
2.166 -3.26577
2.167 -2.92878
2.171 -3.25447
2.172 -3.25412
2.173 -2.53929
2.174 -3.0992
2.175 -2.90073
2.176 -2.94346
2.177 -2.62338
2.179 -2.81384
2.18 -2.94002
2.181 -3.37785
2.183 -2.8252
2.185 -3.40574
2.186 -3.00867
2.187 -2.94769
2.189 -3.22042
2.19 -3.44818
2.191 -3.08704
2.192 -2.92611
2.194 -2.94978
2.195 -2.78343
2.196 -2.75688
2.198 -3.25412
2.2 -3.3808
2.201 -2.43772
2.202 -3.24584
2.203 -3.22042
2.204 -2.87034
2.205 -3.40517
2.209 -2.92615
2.211 -3.39052
2.212 -3.5197
2.213 -3.33076
2.214 -2.90405
2.216 -3.11012
2.217 -3.42145
2.222 -3.30584
2.223 -2.78242
2.225 -3.1301
2.229 -2.75522
2.23 -3.44269
2.232 -3.20629
2.233 -3.12484
2.234 -3.26386
2.236 -3.32005
2.237 -2.61558
2.238 -3.40108
2.241 -2.53924
2.242 -3.12005
2.244 -2.52165
2.245 -2.94371
2.246 -2.85354
2.248 -2.98902
2.249 -3.39891
2.25 -3.43178
2.253 -3.20062
2.254 -3.37725
2.255 -3.08832
2.257 -3.06987
2.258 -3.13533
2.259 -2.79162
2.262 -3.39079
2.263 -2.82124
2.264 -3.38791
2.267 -3.07511
2.269 -2.91908
2.272 -2.59572
2.273 -2.69486
2.274 -3.40716
2.275 -3.37911
2.276 -3.26255
2.277 -2.81974
2.278 -2.77957
2.281 -3.49912
2.282 -2.81132
2.283 -3.43024
2.284 -3.37259
2.285 -3.09943
2.287 -3.07622
2.288 -3.13123
2.289 -3.37384
2.29 -2.94926
2.291 -2.69131
2.292 -3.41957
2.293 -3.48485
2.295 -3.25212
2.296 -3.40606
2.297 -2.93822
2.298 -3.21013
2.299 -3.25623
2.3 -3.42575
2.301 -3.20497
2.303 -2.91133
2.304 -2.90444
2.305 -2.63383
2.306 -3.05219
2.307 -2.61858
2.31 -3.42331
2.311 -3.37388
2.312 -2.65456
2.313 -2.48479
2.314 -3.40149
2.317 -3.501
2.318 -3.25366
2.319 -2.94449
2.32 -2.6748
2.322 -3.10247
2.323 -2.91879
2.326 -2.60824
2.327 -3.2241
2.328 -3.08401
2.329 -3.40283
2.33 -2.94771
2.331 -3.50128
2.332 -3.14304
2.333 -2.63832
2.337 -2.68524
2.338 -2.83425
2.339 -3.08474
2.34 -2.73506
2.341 -3.0024
2.343 -3.20637
2.344 -3.24827
2.345 -2.62865
2.347 -3.41929
2.348 -3.35598
2.349 -3.41592
2.35 -2.52228
2.351 -3.35598
2.352 -3.42015
2.353 -2.80039
2.354 -2.75845
2.356 -2.93115
2.357 -3.31356
2.358 -2.87072
2.359 -3.07358
2.361 -3.1046
2.364 -3.20574
2.365 -3.43113
2.366 -3.38621
2.367 -2.80696
2.368 -3.38621
2.371 -3.07756
2.372 -3.24765
2.373 -3.41198
2.374 -2.94654
2.375 -3.48724
2.377 -3.26211
2.381 -2.92558
2.382 -2.98572
2.383 -3.21782
2.384 -3.22191
2.385 -2.70841
2.386 -2.67815
2.387 -3.31355
2.389 -3.25212
2.39 -2.81693
2.391 -3.22015
2.392 -2.92101
2.395 -3.02398
2.396 -3.37664
2.397 -2.98509
2.398 -2.78588
2.399 -2.93226
2.4 -3.20464
2.401 -3.26899
2.402 -3.0713
2.403 -3.38658
2.41 -3.41736
2.411 -3.01393
2.413 -3.40716
2.414 -3.10938
2.415 -3.42436
2.416 -3.42544
2.417 -3.42544
2.418 -2.81962
2.419 -2.86553
2.42 -3.00679
2.421 -3.43889
2.422 -2.92589
2.424 -2.99717
2.425 -2.96706
2.427 -2.72669
2.428 -2.94741
2.429 -3.2306
2.43 -2.60506
2.431 -3.25407
2.433 -2.91528
2.434 -2.91695
2.437 -3.28899
2.438 -3.25682
2.439 -3.29477
2.443 -2.83433
2.444 -2.83412
2.445 -3.12309
2.446 -3.11882
2.447 -3.31453
2.449 -3.31453
2.451 -3.07651
2.452 -2.9094
2.454 -2.92635
2.455 -3.20143
2.457 -3.21435
2.458 -2.95689
2.459 -3.3779
2.461 -3.20778
2.462 -3.3779
2.464 -3.25641
2.465 -2.62431
2.466 -3.38192
2.467 -3.31355
2.468 -3.34189
2.469 -3.21864
2.47 -3.24033
2.471 -2.75764
2.473 -3.21864
2.476 -3.21021
2.477 -2.83986
2.478 -2.93907
2.48 -2.94824
2.481 -3.01946
2.482 -2.76595
2.483 -3.10516
2.484 -3.24825
2.485 -2.88611
2.486 -2.70126
2.487 -2.80637
2.488 -3.09957
2.489 -3.3971
2.49 -3.10031
2.491 -3.12504
2.492 -2.62262
2.493 -3.20978
2.494 -3.47912
2.495 -3.02803
2.497 -3.4292
2.498 -3.08157
2.499 -2.86363
2.5 -3.01264
2.505 -3.12382
2.506 -3.29596
2.507 -2.83562
2.509 -3.22677
2.511 -2.78882
2.512 -3.22677
2.515 -2.9394
2.516 -3.07478
2.518 -2.77792
2.52 -3.23552
2.521 -2.95732
2.522 -2.68062
2.526 -3.37895
2.528 -3.20366
2.532 -2.93872
2.534 -2.82396
2.536 -3.42234
2.538 -3.25687
2.539 -3.10939
2.541 -3.23415
2.543 -3.37757
2.545 -3.41827
2.546 -3.41827
2.547 -2.95863
2.549 -3.39249
2.55 -3.39249
2.553 -2.81447
2.555 -3.47276
2.558 -3.20366
2.56 -3.37971
2.562 -3.19875
2.563 -3.07405
2.564 -3.50295
2.565 -3.30388
2.566 -3.42457
2.569 -3.34189
2.57 -2.94148
2.574 -3.11529
2.575 -2.81223
2.576 -3.41762
2.579 -3.42234
2.58 -3.08653
2.581 -2.91297
2.582 -3.22753
2.583 -3.27703
2.584 -3.03116
2.585 -2.84907
2.586 -3.22995
2.587 -2.81178
2.589 -2.90821
2.591 -3.41393
2.592 -3.10017
2.594 -3.42457
2.595 -3.23238
2.597 -3.12777
2.599 -3.2709
2.6 -3.38462
2.602 -2.84374
2.604 -3.41393
2.606 -3.4294
2.609 -3.23079
2.611 -3.03842
2.612 -2.75916
2.614 -2.6991
2.616 -3.02308
2.624 -3.29724
2.625 -3.11539
2.627 -3.27101
2.629 -3.1437
2.63 -2.94748
2.631 -2.9407
2.632 -3.49498
2.633 -3.41187
2.634 -3.21941
2.635 -2.86659
2.636 -3.1043
2.639 -2.92905
2.641 -3.24395
2.643 -2.87035
2.644 -2.93065
2.645 -2.63962
2.646 -3.38864
2.649 -3.12796
2.65 -3.37757
2.651 -3.42404
2.652 -2.79629
2.653 -3.08035
2.654 -2.95949
2.655 -2.8239
2.66 -3.26022
2.661 -2.92183
2.663 -3.38169
2.665 -3.1107
2.666 -2.80094
2.668 -3.37393
2.67 -3.00109
2.672 -2.53175
2.673 -3.43332
2.675 -2.92854
2.676 -2.70187
2.677 -3.02399
2.678 -3.4294
2.679 -3.12276
2.68 -3.02044
2.681 -2.77299
2.682 -3.30089
2.684 -3.02105
2.686 -2.99636
2.687 -3.42139
2.689 -3.40584
2.69 -3.27703
2.691 -3.22752
2.693 -3.11068
2.697 -3.21349
2.7 -2.90098
2.703 -3.38597
2.704 -3.05263
2.705 -3.0081
2.706 -2.98593
2.708 -3.00539
2.709 -2.75797
2.712 -3.38025
2.713 -3.04366
2.714 -3.26296
2.715 -3.38025
2.716 -2.91831
2.717 -3.24677
2.721 -3.49912
2.722 -2.83244
2.725 -3.40047
2.728 -2.92662
2.729 -3.11651
2.73 -2.97199
2.731 -2.78649
2.734 -2.64063
2.735 -2.56192
2.737 -3.02401
2.739 -2.75263
2.742 -3.40043
2.744 -3.06801
2.746 -3.06726
2.747 -3.44544
2.748 -3.50043
2.75 -3.49816
2.752 -2.69457
2.753 -3.38377
2.754 -3.29498
2.755 -2.76917
2.756 -3.07083
2.758 -3.01445
2.76 -2.9136
2.762 -3.20973
2.764 -3.41309
2.765 -2.89182
2.766 -3.26776
2.767 -3.22752
2.77 -2.79023
2.771 -2.67913
2.772 -3.26689
2.775 -2.71613
2.776 -3.24122
2.778 -3.37608
2.78 -3.44681
2.782 -3.41059
2.784 -2.53191
2.785 -3.3795
2.786 -3.09374
2.788 -2.7819
2.791 -3.2098
2.795 -3.40546
2.796 -3.43669
2.797 -3.26776
2.798 -2.88956
2.799 -3.33318
2.802 -3.43669
2.804 -2.7621
2.807 -2.79632
2.809 -2.93336
2.811 -2.91889
2.812 -2.74506
2.813 -3.39023
2.814 -3.10398
2.815 -2.70959
2.816 -3.37846
2.819 -3.04338
2.821 -3.07803
2.825 -3.49335
2.826 -2.76268
2.828 -3.11541
2.829 -2.92271
2.83 -3.2883
2.831 -3.20754
2.834 -2.65259
2.835 -3.39692
2.838 -3.23801
2.839 -3.04108
2.84 -3.41851
2.842 -3.083
2.845 -2.9905
2.846 -3.0417
2.85 -3.09232
2.852 -3.4257
2.853 -2.93876
2.855 -3.39548
2.857 -3.23917
2.858 -3.39548
2.859 -3.00967
2.861 -3.2098
2.865 -3.10491
2.866 -2.48171
2.867 -3.2184
2.868 -3.00298
2.869 -3.40584
2.873 -2.97285
2.874 -2.93201
2.875 -2.70836
2.878 -3.24412
2.879 -2.71682
2.881 -2.85681
2.883 -2.92012
2.886 -3.01169
2.891 -3.39607
2.893 -2.85948
2.895 -2.94064
2.898 -3.27189
2.9 -3.39023
2.903 -2.59869
2.904 -3.26228
2.906 -2.74487
2.907 -3.09987
2.909 -2.86743
2.912 -3.4114
2.913 -3.38654
2.914 -2.84267
2.915 -2.7727
2.919 -3.09973
2.92 -2.84346
2.921 -2.35885
2.925 -3.38654
2.926 -2.80134
2.927 -3.38601
2.928 -2.56598
2.93 -2.95267
2.931 -3.52049
2.932 -2.97109
2.934 -2.9199
2.935 -3.00512
2.936 -3.01952
2.937 -3.11288
2.939 -2.87668
2.94 -2.89117
2.941 -3.48898
2.944 -3.32374
2.945 -3.36233
2.948 -2.91501
2.95 -2.71362
2.951 -3.39676
2.952 -3.23016
2.953 -3.217
2.954 -2.94053
2.955 -3.4006
2.956 -3.2709
2.957 -3.21605
2.958 -3.29491
2.961 -3.22936
2.962 -2.88614
2.963 -2.93057
2.965 -2.74903
2.967 -3.22232
2.968 -3.155
2.969 -2.61727
2.971 -3.02734
2.972 -3.25222
2.973 -3.19929
2.975 -3.40825
2.978 -3.48951
2.979 -2.63261
2.984 -2.9391
2.986 -3.09932
2.988 -3.06291
2.991 -2.94357
2.992 -3.38622
2.996 -2.67808
2.997 -3.38622
3.002 -3.39554
3.003 -3.00457
3.004 -3.24227
3.006 -3.41673
3.008 -3.21719
3.011 -3.38478
3.013 -2.79861
3.015 -3.09116
3.017 -2.91434
3.018 -2.85351
3.02 -3.21237
3.021 -3.50065
3.023 -2.91072
3.025 -3.25698
3.026 -3.21718
3.027 -3.13783
3.028 -3.28023
3.03 -3.52229
3.033 -3.10078
3.035 -2.74866
3.037 -3.30713
3.038 -3.08488
3.039 -3.44675
3.042 -3.24979
3.044 -2.92211
3.045 -2.76071
3.046 -3.10462
3.047 -3.00591
3.049 -3.4114
3.05 -3.01266
3.051 -3.09964
3.052 -2.99301
3.053 -3.00282
3.055 -2.96992
3.057 -3.09934
3.058 -3.08277
3.059 -3.22232
3.06 -3.29491
3.062 -2.66069
3.063 -3.44685
3.066 -2.9782
3.067 -3.30437
3.068 -2.87561
3.071 -3.01772
3.074 -3.24973
3.075 -2.70766
3.08 -3.30437
3.081 -2.99249
3.084 -2.95511
3.086 -3.44967
3.088 -3.26745
3.09 -3.01616
3.091 -3.24085
3.092 -3.01635
3.094 -3.34609
3.095 -3.38561
3.096 -3.23889
3.099 -3.38913
3.1 -3.09443
3.103 -2.78762
3.104 -3.02381
3.106 -2.9533
3.107 -2.95038
3.108 -3.41114
3.109 -2.94409
3.11 -2.90053
3.115 -3.23682
3.122 -2.64097
3.124 -3.09964
3.125 -2.7626
3.126 -3.23323
3.127 -2.47475
3.129 -2.7952
3.131 -3.38939
3.132 -3.38939
3.135 -3.41114
3.137 -2.96812
3.139 -2.65516
3.14 -3.41205
3.149 -2.94897
3.15 -3.39099
3.152 -3.38494
3.153 -2.93898
3.154 -2.92833
3.155 -3.09049
3.156 -3.39181
3.158 -3.39181
3.159 -3.23666
3.161 -3.23041
3.162 -3.41309
3.163 -3.20134
3.166 -2.9192
3.167 -3.45395
3.168 -3.06275
3.169 -3.22907
3.17 -3.0191
3.171 -3.38561
3.173 -2.92744
3.174 -3.1043
3.175 -2.55257
3.176 -2.90915
3.177 -2.66443
3.178 -2.7324
3.18 -3.41384
3.181 -3.51476
3.182 -3.24838
3.185 -3.24687
3.188 -3.24181
3.191 -2.92819
3.192 -3.1047
3.193 -2.78993
3.194 -2.81181
3.197 -2.81576
3.198 -3.13099
3.199 -3.22907
3.2 -2.87845
3.202 -3.50803
3.204 -2.91688
3.205 -3.12026
3.206 -3.40035
3.207 -3.10963
3.209 -3.40574
3.21 -2.86904
3.212 -2.65199
3.214 -3.44164
3.215 -3.00001
3.217 -3.19565
3.218 -3.09443
3.219 -3.04971
3.222 -3.41092
3.223 -3.38494
3.224 -2.93047
3.225 -2.91826
3.226 -2.89662
3.227 -3.08534
3.229 -3.38888
3.233 -3.09536
3.236 -2.95061
3.238 -3.23685
3.24 -3.34131
3.243 -2.63306
3.244 -3.10046
3.251 -3.47961
3.252 -2.99494
3.256 -3.04072
3.259 -3.32057
3.265 -3.39052
3.269 -3.09461
3.27 -2.90607
3.273 -3.22811
3.274 -3.28122
3.279 -2.71223
3.281 -3.25293
3.283 -2.76708
3.284 -2.95504
3.287 -2.95281
3.288 -3.39269
3.289 -3.03144
3.291 -3.27936
3.293 -2.97486
3.295 -3.10438
3.296 -2.97907
3.299 -2.99553
3.309 -3.42935
3.313 -3.03331
3.317 -2.92873
3.318 -2.9527
3.319 -3.21347
3.32 -3.22904
3.326 -2.75361
3.329 -3.39632
3.33 -3.39632
3.331 -3.39213
3.335 -3.40533
3.337 -3.40533
3.34 -2.94479
3.345 -3.256
3.347 -2.97544
3.349 -2.97931
3.35 -3.39373
3.351 -3.23321
3.353 -3.10455
3.356 -3.39571
3.36 -2.94553
3.361 -3.36428
3.362 -3.32704
3.364 -2.73532
3.366 -3.13432
3.367 -2.96717
3.369 -3.21633
3.371 -2.81819
3.372 -3.40535
3.384 -2.94446
3.385 -3.39213
3.386 -3.39069
3.387 -3.12951
3.388 -3.26804
3.394 -3.35235
3.4 -2.88188
3.401 -2.92995
3.402 -3.21638
3.405 -3.29147
3.406 -3.29403
3.415 -3.3339
3.416 -2.76083
3.417 -3.00539
3.418 -2.95081
3.42 -3.52178
3.424 -3.52178
3.432 -3.26435
3.434 -3.26207
3.436 -3.21638
3.438 -3.09128
3.439 -3.03342
3.44 -3.30808
3.443 -2.70299
3.446 -3.24949
3.448 -3.39559
3.449 -3.22558
3.45 -3.49359
3.452 -3.39559
3.459 -3.35235
3.462 -3.22558
3.463 -2.59021
3.465 -3.09504
3.466 -3.25708
3.469 -3.09993
3.475 -3.19378
3.479 -2.96443
3.481 -3.43332
3.482 -2.90482
3.485 -2.92176
3.49 -2.64004
3.492 -3.2033
3.493 -3.08985
3.497 -2.94916
3.501 -3.19233
3.505 -3.41314
3.509 -3.24181
3.513 -3.26126
3.516 -3.26804
3.517 -3.40798
3.519 -2.91797
3.523 -2.95674
3.527 -2.79244
3.529 -2.91402
3.53 -3.39554
3.532 -2.98105
3.535 -2.5328
3.539 -3.21028
3.543 -3.08219
3.551 -2.94422
3.553 -3.05732
3.554 -3.03503
3.555 -3.29969
3.559 -3.07146
3.56 -2.98526
3.561 -3.36173
3.563 -3.51727
3.567 -3.04227
3.568 -3.24661
3.571 -3.24661
3.573 -3.26128
3.587 -2.94851
3.589 -2.96483
3.59 -2.92973
3.591 -2.92159
3.595 -2.85208
3.597 -3.16994
3.608 -3.06986
3.611 -3.40587
3.613 -3.30546
3.617 -3.28147
3.625 -2.84035
3.627 -3.4981
3.632 -3.38494
3.634 -3.22028
3.635 -3.38494
3.636 -2.83664
3.637 -3.23736
3.639 -3.27266
3.649 -3.07105
3.65 -2.76774
3.655 -2.75169
3.657 -3.31224
3.659 -2.76128
3.662 -2.75953
3.664 -3.47343
3.665 -3.47343
3.67 -2.93988
3.673 -3.21549
3.677 -2.92478
3.68 -3.25192
3.687 -2.90654
3.689 -3.24894
3.693 -3.24951
3.695 -3.32571
3.698 -3.15074
3.7 -3.07905
3.703 -3.24456
3.706 -2.64389
3.71 -2.96207
3.715 -3.25034
3.728 -3.25837
3.732 -2.9461
3.733 -3.24211
3.736 -3.28258
3.737 -2.62426
3.738 -3.01493
3.74 -2.9421
3.741 -2.75939
3.75 -3.49125
3.751 -3.49125
3.753 -3.26206
3.755 -3.04685
3.765 -2.9462
3.768 -3.26206
3.774 -3.24951
3.779 -2.94078
3.781 -3.2636
3.785 -3.51502
3.802 -3.27062
3.806 -3.25369
3.809 -2.95224
3.81 -3.11174
3.815 -2.93877
3.816 -3.01721
3.817 -2.94474
3.82 -3.51727
3.821 -3.25369
3.823 -2.83756
3.824 -3.11749
3.827 -3.07858
3.828 -3.17004
3.83 -3.28499
3.832 -2.88267
3.834 -3.24649
3.836 -2.94277
3.837 -3.39117
3.844 -3.13484
3.854 -2.87052
3.868 -3.3947
3.869 -3.23935
3.872 -3.40397
3.882 -3.40397
3.883 -3.3494
3.885 -3.30434
3.894 -3.38588
3.895 -3.21841
3.899 -3.45799
3.903 -3.25133
3.912 -3.3155
3.919 -3.2885
3.923 -3.23673
3.932 -2.99507
3.933 -3.31471
3.936 -3.23549
3.937 -2.77184
3.938 -3.2885
3.943 -3.23579
3.944 -3.23948
3.945 -3.38063
3.95 -2.97954
3.963 -3.25916
3.974 -2.96039
3.982 -2.94612
3.988 -3.01021
3.99 -3.26197
3.996 -3.45799
4.002 -3.50734
4.003 -3.22309
4.007 -3.2751
4.013 -3.24263
4.025 -3.29403
4.03 -2.95379
4.031 -3.23864
4.033 -3.46514
4.035 -3.30434
4.041 -3.22908
4.047 -2.92665
4.054 -3.2435
4.064 -3.24803
4.072 -2.942
4.075 -3.29976
4.081 -3.22665
4.086 -2.96661
4.1 -3.24613
4.108 -3.24443
4.11 -3.21677
4.112 -2.94491
4.113 -2.93925
4.114 -3.23068
4.116 -2.94816
4.125 -3.3339
4.133 -3.19821
4.136 -2.93973
4.141 -2.94787
4.147 -3.31436
4.148 -3.24913
4.15 -3.25117
4.155 -2.97559
4.156 -3.27032
4.159 -3.39571
4.162 -3.21904
4.171 -3.24803
4.173 -3.28225
4.175 -3.28225
4.183 -3.21863
4.188 -3.50734
4.189 -2.94197
4.193 -2.9401
4.195 -2.94163
4.197 -3.34337
4.203 -3.29279
4.205 -3.25134
4.207 -2.93597
4.211 -3.24592
4.213 -2.91584
4.214 -3.30291
4.221 -2.5747
4.223 -3.31436
4.228 -2.94847
4.236 -2.92727
4.237 -3.08905
4.24 -3.21841
4.246 -3.2732
4.247 -3.2732
4.248 -2.96287
4.253 -2.98944
4.254 -3.29976
4.255 -3.2748
4.257 -3.36511
4.258 -3.24443
4.273 -3.36511
4.281 -2.94121
4.289 -3.2461
4.29 -3.49057
4.301 -2.91158
4.308 -2.90906
4.314 -2.91456
4.322 -2.76519
4.325 -3.2462
4.326 -3.2461
4.328 -3.2286
4.329 -3.23549
4.343 -2.96803
4.354 -3.2751
4.359 -3.50759
4.386 -3.245
4.405 -2.94561
4.415 -2.96752
4.443 -2.98488
4.449 -2.94106
4.45 -3.24592
4.459 -3.20691
4.489 -2.93616
4.494 -2.89435
4.504 -3.22309
4.508 -2.94481
4.509 -2.94012
4.517 -2.94658
4.526 -3.20859
4.531 -3.28645
4.551 -3.25141
4.557 -2.94111
4.586 -3.25141
4.597 -3.28645
4.6 -3.27429
4.613 -3.50879
4.616 -3.15401
4.669 -3.02008
4.693 -3.21863
4.702 -2.96368
4.875 -2.94876
4.981 -3.05778
5.13 -3.434
5.981 -3.40108
 
 
