0 -2.15998
0.001 -1.7861
0.002 -1.64893
0.003 -1.41729
0.004 -1.35072
0.005 -1.21756
0.006 -1.12155
0.007 -1.00044
0.008 -0.898246
0.009 -0.814182
0.01 -0.647193
0.011 -0.547918
0.012 -0.528412
0.013 -0.383724
0.014 -0.33725
0.015 -0.234345
0.016 -0.202137
0.017 -0.163117
0.018 -0.129297
0.019 -0.118208
0.02 -0.0873275
0.021 -0.0556402
0.022 -0.0727199
0.023 -0.0587398
0.024 -0.0397454
0.025 -0.0260366
0.026 -0.0587266
0.027 -0.0281822
0.028 -0.0176629
0.029 -0.0220666
0.03 -0.03411
0.031 -0.0547617
0.032 -0.0462904
0.033 -0.0649136
0.034 -0.0585422
0.035 -0.065798
0.036 -0.066686
0.037 -0.0494098
0.038 -0.0497591
0.039 -0.0355353
0.04 -0.0553278
0.041 -0.0522881
0.042 -0.0686109
0.043 -0.076088
0.044 -0.077375
0.045 -0.0847127
0.046 -0.0638652
0.047 -0.0709061
0.048 -0.0794958
0.049 -0.0692348
0.05 -0.0881094
0.051 -0.0849454
0.052 -0.0733331
0.053 -0.106387
0.054 -0.100137
0.055 -0.108597
0.056 -0.109244
0.057 -0.125087
0.058 -0.133677
0.059 -0.130091
0.06 -0.119336
0.061 -0.144678
0.062 -0.133597
0.063 -0.167997
0.064 -0.15517
0.065 -0.145041
0.066 -0.156077
0.067 -0.144159
0.068 -0.184161
0.069 -0.181373
0.07 -0.192206
0.071 -0.206354
0.072 -0.21379
0.073 -0.180296
0.074 -0.223848
0.075 -0.235193
0.076 -0.207581
0.077 -0.217903
0.078 -0.201915
0.079 -0.230624
0.08 -0.235711
0.081 -0.223573
0.082 -0.228297
0.083 -0.228896
0.084 -0.243984
0.085 -0.239593
0.086 -0.248106
0.087 -0.256893
0.088 -0.254491
0.089 -0.273476
0.09 -0.280243
0.091 -0.275817
0.092 -0.319937
0.093 -0.278724
0.094 -0.265804
0.095 -0.277689
0.096 -0.28365
0.097 -0.279496
0.098 -0.301299
0.099 -0.305593
0.1 -0.308947
0.101 -0.332428
0.102 -0.298597
0.103 -0.339739
0.104 -0.313713
0.105 -0.307898
0.106 -0.316497
0.107 -0.313509
0.108 -0.315474
0.109 -0.334986
0.11 -0.352105
0.111 -0.356374
0.112 -0.384268
0.113 -0.372999
0.114 -0.378233
0.115 -0.369814
0.116 -0.384752
0.117 -0.406161
0.118 -0.395382
0.119 -0.396973
0.12 -0.394728
0.121 -0.439544
0.122 -0.409643
0.123 -0.417071
0.124 -0.429029
0.125 -0.405509
0.126 -0.431348
0.127 -0.443372
0.128 -0.425496
0.129 -0.453216
0.13 -0.396073
0.131 -0.423859
0.132 -0.411804
0.133 -0.364748
0.134 -0.397583
0.135 -0.36568
0.136 -0.394704
0.137 -0.390975
0.138 -0.380753
0.139 -0.412368
0.14 -0.381727
0.141 -0.383161
0.142 -0.401761
0.143 -0.395612
0.144 -0.400765
0.145 -0.378441
0.146 -0.425188
0.147 -0.434086
0.148 -0.45039
0.149 -0.440943
0.15 -0.456538
0.151 -0.493132
0.152 -0.476415
0.153 -0.471404
0.154 -0.460491
0.155 -0.498074
0.156 -0.491852
0.157 -0.494969
0.158 -0.513927
0.159 -0.540624
0.16 -0.527915
0.161 -0.572866
0.162 -0.527527
0.163 -0.526995
0.164 -0.558769
0.165 -0.57109
0.166 -0.527531
0.167 -0.562939
0.168 -0.567771
0.169 -0.540953
0.17 -0.561655
0.171 -0.539385
0.172 -0.562275
0.173 -0.55658
0.174 -0.573917
0.175 -0.578911
0.176 -0.559895
0.177 -0.562761
0.178 -0.573981
0.179 -0.540457
0.18 -0.509405
0.181 -0.565587
0.182 -0.562461
0.183 -0.542394
0.184 -0.57567
0.185 -0.542297
0.186 -0.614527
0.187 -0.568802
0.188 -0.544377
0.189 -0.586745
0.19 -0.604229
0.191 -0.558619
0.192 -0.604077
0.193 -0.577805
0.194 -0.564829
0.195 -0.591266
0.196 -0.592972
0.197 -0.614196
0.198 -0.589706
0.199 -0.567565
0.2 -0.606833
0.201 -0.604166
0.202 -0.623579
0.203 -0.625128
0.204 -0.626763
0.205 -0.65864
0.206 -0.636611
0.207 -0.666773
0.208 -0.634413
0.209 -0.669793
0.21 -0.668289
0.211 -0.716978
0.212 -0.681445
0.213 -0.667162
0.214 -0.667209
0.215 -0.682558
0.216 -0.718423
0.217 -0.735189
0.218 -0.672503
0.219 -0.682067
0.22 -0.71288
0.221 -0.677633
0.222 -0.715406
0.223 -0.692741
0.224 -0.743034
0.225 -0.721004
0.226 -0.685215
0.227 -0.730486
0.228 -0.698019
0.229 -0.742659
0.23 -0.717341
0.231 -0.763953
0.232 -0.746715
0.233 -0.757853
0.234 -0.767989
0.235 -0.752043
0.236 -0.7416
0.237 -0.746606
0.238 -0.772553
0.239 -0.774335
0.24 -0.790087
0.241 -0.840536
0.242 -0.826363
0.243 -0.818944
0.244 -0.730002
0.245 -0.735781
0.246 -0.750946
0.247 -0.764092
0.248 -0.763217
0.249 -0.748411
0.25 -0.778575
0.251 -0.747414
0.252 -0.760851
0.253 -0.718193
0.254 -0.774104
0.255 -0.737394
0.256 -0.741435
0.257 -0.750334
0.258 -0.785672
0.259 -0.708348
0.26 -0.772733
0.261 -0.735151
0.262 -0.830778
0.263 -0.826293
0.264 -0.786164
0.265 -0.820351
0.266 -0.779398
0.267 -0.810986
0.268 -0.908211
0.269 -0.777306
0.27 -0.791994
0.271 -0.831366
0.272 -0.865467
0.273 -0.811603
0.274 -0.889109
0.275 -0.837236
0.276 -0.806813
0.277 -0.859712
0.278 -0.814261
0.279 -0.849019
0.28 -0.864868
0.281 -0.828464
0.282 -0.835122
0.283 -0.870848
0.284 -0.87693
0.285 -0.851595
0.286 -0.880963
0.287 -0.902502
0.288 -0.841269
0.289 -0.837794
0.29 -0.835865
0.291 -0.834048
0.292 -0.841126
0.293 -0.876876
0.294 -0.876184
0.295 -0.861135
0.296 -0.859523
0.297 -0.89438
0.298 -0.855287
0.299 -0.829278
0.3 -0.866858
0.301 -0.885335
0.302 -0.906322
0.303 -0.858259
0.304 -0.891968
0.305 -0.93818
0.306 -0.910238
0.307 -0.921233
0.308 -0.930316
0.309 -0.913197
0.31 -0.905256
0.311 -0.935917
0.312 -0.942349
0.313 -0.92054
0.314 -0.868795
0.315 -0.952545
0.316 -0.916115
0.317 -0.966454
0.318 -0.923751
0.319 -0.921472
0.32 -0.929124
0.321 -0.930157
0.322 -0.938801
0.323 -0.910088
0.324 -0.978033
0.325 -0.967095
0.326 -0.916434
0.327 -0.980664
0.328 -0.996379
0.329 -0.945518
0.33 -0.982444
0.331 -0.95874
0.332 -0.949675
0.333 -0.977198
0.334 -0.965145
0.335 -0.938402
0.336 -0.954233
0.337 -0.967197
0.338 -0.9753
0.339 -0.994517
0.34 -1.01957
0.341 -1.00448
0.342 -0.989064
0.343 -0.97294
0.344 -0.98836
0.345 -0.955912
0.346 -1.00503
0.347 -0.974602
0.348 -0.977633
0.349 -1.01567
0.35 -1.02412
0.351 -0.979417
0.352 -1.011
0.353 -1.07219
0.354 -1.08349
0.355 -1.05134
0.356 -1.03091
0.357 -1.04819
0.358 -1.04993
0.359 -1.02727
0.36 -1.01264
0.361 -1.0325
0.362 -1.06569
0.363 -1.03981
0.364 -1.06488
0.365 -1.0443
0.366 -1.07125
0.367 -1.05196
0.368 -1.05446
0.369 -1.07455
0.37 -1.0532
0.371 -1.05428
0.372 -1.06121
0.373 -1.0721
0.374 -1.10257
0.375 -1.08078
0.376 -1.10954
0.377 -1.11024
0.378 -1.1016
0.379 -1.08699
0.38 -1.11288
0.381 -1.11842
0.382 -1.07377
0.383 -1.11355
0.384 -1.06086
0.385 -1.11429
0.386 -1.11448
0.387 -1.08291
0.388 -1.10392
0.389 -1.17377
0.39 -1.1195
0.391 -1.131
0.392 -1.10165
0.393 -1.08403
0.394 -1.13647
0.395 -1.15153
0.396 -1.08854
0.397 -1.13169
0.398 -1.11676
0.399 -1.1412
0.4 -1.12465
0.401 -1.1242
0.402 -1.18262
0.403 -1.13138
0.404 -1.15839
0.405 -1.20571
0.406 -1.17231
0.407 -1.21088
0.408 -1.13104
0.409 -1.16207
0.41 -1.19968
0.411 -1.19054
0.412 -1.16629
0.413 -1.21379
0.414 -1.20598
0.415 -1.21608
0.416 -1.21247
0.417 -1.21923
0.418 -1.19084
0.419 -1.19057
0.42 -1.21296
0.421 -1.20732
0.422 -1.28661
0.423 -1.17906
0.424 -1.23965
0.425 -1.22683
0.426 -1.18357
0.427 -1.17464
0.428 -1.17338
0.429 -1.23047
0.43 -1.18039
0.431 -1.1859
0.432 -1.21911
0.433 -1.17814
0.434 -1.2108
0.435 -1.21156
0.436 -1.26593
0.437 -1.15703
0.438 -1.20409
0.439 -1.17603
0.44 -1.21961
0.441 -1.17764
0.442 -1.16434
0.443 -1.23674
0.444 -1.21886
0.445 -1.19885
0.446 -1.22272
0.447 -1.25031
0.448 -1.29011
0.449 -1.2145
0.45 -1.28591
0.451 -1.25291
0.452 -1.30538
0.453 -1.31816
0.454 -1.28763
0.455 -1.25288
0.456 -1.30045
0.457 -1.25333
0.458 -1.2573
0.459 -1.25942
0.46 -1.30472
0.461 -1.21993
0.462 -1.30955
0.463 -1.23992
0.464 -1.27107
0.465 -1.22328
0.466 -1.22829
0.467 -1.30782
0.468 -1.26749
0.469 -1.29751
0.47 -1.29302
0.471 -1.3019
0.472 -1.27411
0.473 -1.31313
0.474 -1.33779
0.475 -1.29632
0.476 -1.30533
0.477 -1.32128
0.478 -1.30197
0.479 -1.27888
0.48 -1.36404
0.481 -1.34464
0.482 -1.36207
0.483 -1.35687
0.484 -1.34276
0.485 -1.41596
0.486 -1.35678
0.487 -1.34806
0.488 -1.3704
0.489 -1.40332
0.49 -1.32253
0.491 -1.39285
0.492 -1.36219
0.493 -1.36961
0.494 -1.44703
0.495 -1.38029
0.496 -1.36813
0.497 -1.4445
0.498 -1.45156
0.499 -1.4638
0.5 -1.47014
0.501 -1.47342
0.502 -1.43226
0.503 -1.47484
0.504 -1.51069
0.505 -1.48459
0.506 -1.43441
0.507 -1.47654
0.508 -1.45539
0.509 -1.44804
0.51 -1.51067
0.511 -1.44295
0.512 -1.4429
0.513 -1.46031
0.514 -1.46116
0.515 -1.55127
0.516 -1.49293
0.517 -1.47342
0.518 -1.4793
0.519 -1.42157
0.52 -1.53135
0.521 -1.52259
0.522 -1.5271
0.523 -1.52376
0.524 -1.41158
0.525 -1.51767
0.526 -1.55512
0.527 -1.497
0.528 -1.5068
0.529 -1.55968
0.53 -1.53427
0.531 -1.53944
0.532 -1.5305
0.533 -1.48232
0.534 -1.45621
0.535 -1.51721
0.536 -1.56548
0.537 -1.61753
0.538 -1.63206
0.539 -1.58126
0.54 -1.55755
0.541 -1.61283
0.542 -1.6112
0.543 -1.64364
0.544 -1.5431
0.545 -1.56049
0.546 -1.58236
0.547 -1.68801
0.548 -1.58757
0.549 -1.5936
0.55 -1.6832
0.551 -1.61563
0.552 -1.63389
0.553 -1.61386
0.554 -1.593
0.555 -1.72773
0.556 -1.70693
0.557 -1.61826
0.558 -1.59515
0.559 -1.68374
0.56 -1.5648
0.561 -1.65668
0.562 -1.70387
0.563 -1.61711
0.564 -1.82935
0.565 -1.679
0.566 -1.5631
0.567 -1.65211
0.568 -1.68219
0.569 -1.66516
0.57 -1.69889
0.571 -1.73023
0.572 -1.58553
0.573 -1.69532
0.574 -1.70769
0.575 -1.73438
0.576 -1.66474
0.577 -1.70675
0.578 -1.76178
0.579 -1.79486
0.58 -1.74254
0.581 -1.76686
0.582 -1.74111
0.583 -1.79448
0.584 -1.64356
0.585 -1.73232
0.586 -1.7215
0.587 -1.77498
0.588 -1.70575
0.589 -1.71399
0.59 -1.86376
0.591 -1.92121
0.592 -1.91387
0.593 -1.93085
0.594 -1.81484
0.595 -1.9026
0.596 -1.83409
0.597 -1.72812
0.598 -1.7745
0.599 -1.76631
0.6 -1.84072
0.601 -1.82778
0.602 -1.83907
0.603 -1.79576
0.604 -1.74263
0.605 -1.78529
0.606 -1.77272
0.607 -1.93661
0.608 -1.87552
0.609 -1.96903
0.61 -1.91718
0.611 -1.84101
0.612 -1.94319
0.613 -1.84997
0.614 -1.86664
0.615 -1.97506
0.616 -1.87808
0.617 -1.93774
0.618 -1.8899
0.619 -2.0422
0.62 -2.02149
0.621 -1.95429
0.622 -1.91418
0.623 -1.88279
0.624 -1.98033
0.625 -1.95802
0.626 -1.89711
0.627 -2.12375
0.628 -1.76465
0.629 -1.96687
0.63 -2.11733
0.631 -1.89575
0.632 -1.88452
0.633 -2.04973
0.634 -1.93185
0.635 -1.90229
0.636 -2.04337
0.637 -2.16048
0.638 -2.12194
0.639 -2.16045
0.64 -2.16177
0.641 -2.12767
0.642 -2.05152
0.643 -1.94889
0.644 -2.02971
0.645 -1.97395
0.646 -1.93152
0.647 -2.08593
0.648 -1.96994
0.649 -2.03587
0.65 -2.00376
0.651 -2.08732
0.652 -2.03302
0.653 -2.04204
0.654 -1.97608
0.655 -2.07247
0.656 -1.94093
0.657 -2.1743
0.658 -2.01277
0.659 -2.11859
0.66 -2.17788
0.661 -2.15173
0.662 -2.26335
0.663 -2.14422
0.664 -2.0623
0.665 -2.08262
0.666 -2.23929
0.667 -2.23429
0.668 -2.05403
0.669 -1.93575
0.67 -2.0346
0.671 -2.10193
0.672 -2.09801
0.673 -2.04782
0.674 -2.11512
0.675 -2.16386
0.676 -2.11365
0.677 -2.0812
0.678 -2.18025
0.679 -2.00612
0.68 -2.14658
0.681 -2.15934
0.682 -1.99255
0.683 -2.23563
0.684 -2.22378
0.685 -2.08492
0.686 -1.96979
0.687 -1.94146
0.688 -2.05057
0.689 -2.07982
0.69 -2.129
0.691 -2.01204
0.692 -2.22691
0.693 -1.97107
0.694 -2.21973
0.695 -2.38537
0.696 -2.1826
0.697 -2.10848
0.698 -2.02024
0.699 -2.185
0.7 -2.1332
0.701 -2.07935
0.702 -2.15579
0.703 -2.4496
0.704 -2.06955
0.705 -2.16388
0.706 -2.06217
0.707 -2.1122
0.708 -2.04276
0.709 -2.34553
0.71 -2.06177
0.711 -2.12124
0.712 -1.92645
0.713 -2.01784
0.714 -2.11639
0.715 -2.29308
0.716 -2.16128
0.717 -2.23194
0.718 -2.18739
0.719 -2.17723
0.72 -2.08016
0.721 -2.17787
0.722 -2.12831
0.723 -2.07036
0.724 -2.3032
0.725 -2.02731
0.726 -2.00666
0.727 -2.30511
0.728 -2.26903
0.729 -2.02403
0.73 -2.24982
0.731 -2.54796
0.732 -2.46857
0.733 -2.50749
0.734 -2.27867
0.735 -2.17163
0.736 -2.26113
0.737 -2.12186
0.738 -2.56048
0.739 -2.32138
0.74 -2.10768
0.741 -2.21174
0.742 -2.18639
0.743 -2.29727
0.744 -2.20481
0.745 -2.54215
0.746 -2.19156
0.747 -2.20562
0.748 -2.21933
0.749 -2.43549
0.75 -2.31623
0.751 -2.2534
0.752 -2.17569
0.753 -2.20701
0.754 -2.03302
0.755 -2.22036
0.756 -1.95731
0.757 -2.30919
0.758 -2.26302
0.759 -1.94713
0.76 -2.1519
0.761 -2.23509
0.762 -2.18025
0.763 -2.15503
0.764 -2.26284
0.765 -2.48767
0.766 -2.14849
0.767 -2.30685
0.768 -2.33922
0.769 -2.24564
0.77 -2.20283
0.771 -2.33163
0.772 -2.17402
0.773 -2.32121
0.774 -2.12516
0.775 -2.31416
0.776 -2.11125
0.777 -2.12895
0.778 -2.27734
0.779 -2.36434
0.78 -2.33794
0.781 -2.18731
0.782 -2.37606
0.783 -2.22301
0.784 -2.35244
0.785 -2.49918
0.786 -2.50328
0.787 -2.262
0.788 -2.74234
0.789 -2.31876
0.79 -2.3891
0.791 -2.25759
0.792 -2.42667
0.793 -2.1523
0.794 -2.27207
0.795 -2.34811
0.796 -2.21039
0.797 -2.23528
0.798 -2.47908
0.799 -2.29421
0.8 -2.27848
0.801 -2.25685
0.802 -2.27037
0.803 -2.27783
0.804 -2.18516
0.805 -2.18834
0.806 -2.2235
0.807 -2.16176
0.808 -2.14314
0.809 -1.99469
0.81 -2.41247
0.811 -2.53949
0.812 -2.22411
0.813 -2.2451
0.814 -2.33652
0.815 -2.81902
0.816 -2.07906
0.817 -2.37259
0.818 -2.34821
0.819 -2.31106
0.82 -2.67787
0.821 -2.38473
0.822 -2.35684
0.823 -2.14638
0.824 -2.10982
0.825 -2.32757
0.826 -2.27021
0.827 -2.13429
0.828 -2.22943
0.829 -2.14427
0.83 -2.58704
0.831 -2.50351
0.832 -2.15647
0.833 -2.26855
0.834 -2.2224
0.835 -2.39224
0.836 -2.41067
0.837 -2.65934
0.838 -2.23696
0.839 -2.30709
0.84 -2.29452
0.841 -2.4171
0.842 -2.59729
0.843 -2.45747
0.844 -2.48753
0.845 -2.35262
0.846 -2.47253
0.847 -2.72685
0.848 -2.21933
0.849 -2.42607
0.85 -2.42743
0.851 -2.33196
0.852 -2.31546
0.853 -2.26171
0.854 -2.698
0.855 -2.23088
0.856 -2.304
0.857 -2.45694
0.858 -2.57743
0.859 -2.4068
0.86 -2.16295
0.861 -2.16642
0.862 -2.503
0.863 -2.59053
0.864 -2.21099
0.865 -2.49165
0.866 -2.36276
0.867 -2.56085
0.868 -2.27099
0.869 -2.79361
0.87 -2.08104
0.871 -2.28403
0.872 -2.46932
0.873 -2.46565
0.874 -2.32064
0.875 -2.53918
0.876 -2.2558
0.877 -2.29544
0.878 -2.38229
0.879 -2.55559
0.88 -2.31
0.881 -2.5093
0.882 -2.52796
0.883 -2.98943
0.884 -2.3765
0.885 -2.4011
0.886 -2.37982
0.887 -2.382
0.888 -2.4868
0.889 -2.55638
0.89 -2.31465
0.891 -2.36191
0.892 -2.6453
0.893 -2.52201
0.894 -2.43006
0.895 -2.42317
0.896 -2.29826
0.897 -2.42136
0.898 -2.60135
0.899 -2.47856
0.9 -2.47504
0.901 -2.39112
0.902 -2.37474
0.903 -2.48506
0.904 -2.57159
0.905 -2.21148
0.906 -2.29165
0.907 -2.22281
0.908 -2.25968
0.909 -2.81241
0.91 -2.54442
0.911 -2.56944
0.912 -2.2746
0.913 -2.68294
0.914 -2.41505
0.915 -2.4599
0.916 -2.59441
0.917 -2.68908
0.918 -2.48172
0.919 -2.4296
0.92 -2.58607
0.921 -2.65185
0.922 -2.36458
0.923 -2.83354
0.924 -2.39897
0.925 -2.25056
0.926 -2.67757
0.927 -2.4211
0.928 -2.1714
0.929 -2.45586
0.93 -2.25566
0.931 -2.48793
0.932 -2.41769
0.933 -2.48588
0.934 -2.45819
0.935 -2.27677
0.936 -2.59529
0.937 -2.23701
0.938 -2.61491
0.939 -2.92152
0.94 -2.41274
0.941 -2.51436
0.942 -2.75229
0.943 -2.38926
0.944 -2.4295
0.945 -2.69965
0.946 -2.32406
0.947 -2.34789
0.948 -2.24746
0.949 -2.64725
0.95 -2.41548
0.951 -3.15409
0.952 -2.71491
0.953 -2.38261
0.954 -2.96793
0.955 -2.26107
0.956 -2.27903
0.957 -3.37025
0.958 -2.71656
0.959 -2.6224
0.96 -2.1766
0.961 -2.77727
0.962 -2.67383
0.963 -2.81974
0.964 -2.78444
0.965 -2.43443
0.966 -2.41682
0.967 -2.3438
0.968 -2.71838
0.969 -2.28229
0.97 -2.70001
0.971 -2.34725
0.972 -2.26437
0.973 -2.67417
0.974 -3.24007
0.975 -2.43008
0.976 -2.52188
0.977 -2.3485
0.978 -2.79481
0.979 -2.31895
0.98 -3.12319
0.981 -2.48254
0.982 -2.52189
0.983 -2.54696
0.984 -2.45801
0.985 -2.55601
0.986 -2.4822
0.987 -2.51205
0.988 -2.3038
0.989 -2.63502
0.99 -2.44226
0.991 -2.65451
0.992 -2.91424
0.993 -2.59944
0.994 -2.84717
0.995 -2.70847
0.996 -2.36653
0.997 -2.425
0.998 -2.43543
0.999 -2.56178
1 -2.28671
1.001 -2.52549
1.002 -2.37562
1.003 -2.24646
1.004 -2.67281
1.005 -2.57769
1.006 -2.32215
1.007 -2.44829
1.008 -2.61869
1.009 -2.98706
1.01 -2.5697
1.011 -2.39848
1.012 -2.35514
1.013 -2.40312
1.014 -2.38203
1.015 -2.73188
1.016 -2.36571
1.017 -2.49857
1.018 -2.75501
1.019 -2.90037
1.02 -2.43102
1.021 -2.42257
1.022 -2.77405
1.023 -3.05057
1.024 -3.08492
1.025 -2.47416
1.026 -2.33919
1.027 -2.83402
1.028 -2.54613
1.029 -2.13758
1.03 -3.35913
1.031 -3.00427
1.032 -3.04617
1.033 -2.56629
1.034 -2.74744
1.035 -3.0304
1.036 -2.77739
1.037 -2.346
1.038 -2.34276
1.039 -2.76555
1.04 -2.94714
1.041 -2.77937
1.042 -2.45564
1.043 -2.44254
1.044 -2.74908
1.045 -2.46084
1.046 -2.82108
1.047 -2.38983
1.048 -3.28355
1.049 -2.70856
1.05 -2.65581
1.051 -2.71545
1.052 -2.60779
1.053 -2.39752
1.054 -2.65356
1.055 -2.45511
1.056 -2.69481
1.057 -2.49702
1.058 -2.38442
1.059 -2.63148
1.06 -2.75745
1.061 -2.56334
1.062 -2.63264
1.063 -2.5264
1.064 -2.45465
1.065 -2.68458
1.066 -3.45244
1.067 -3.20993
1.068 -2.50865
1.069 -2.56624
1.07 -2.71511
1.071 -2.46675
1.072 -2.83754
1.073 -2.56608
1.074 -2.54276
1.075 -2.74001
1.076 -2.21401
1.077 -2.68716
1.078 -2.33928
1.079 -2.64338
1.08 -2.63846
1.081 -2.68769
1.082 -3.25407
1.083 -2.97494
1.084 -2.8756
1.085 -2.73169
1.086 -2.47209
1.087 -2.68078
1.088 -2.45391
1.089 -3.03738
1.09 -2.40738
1.091 -2.60065
1.092 -2.16074
1.093 -2.50193
1.094 -2.5045
1.095 -2.96088
1.096 -2.65253
1.097 -2.45239
1.098 -2.66733
1.099 -2.40399
1.1 -2.9296
1.101 -3.31756
1.102 -2.4355
1.103 -2.46727
1.104 -2.81428
1.105 -2.7904
1.106 -2.5762
1.107 -2.83532
1.108 -3.09437
1.109 -3.4162
1.11 -2.78053
1.111 -2.57361
1.112 -2.39976
1.113 -2.57371
1.114 -2.73531
1.115 -2.51215
1.116 -2.50199
1.117 -2.36159
1.118 -2.40928
1.119 -2.47393
1.12 -2.97658
1.121 -2.41929
1.122 -2.60858
1.123 -3.02745
1.124 -2.77387
1.125 -2.76986
1.126 -2.72079
1.127 -2.57271
1.128 -2.86821
1.129 -2.40284
1.13 -2.37766
1.131 -3.09023
1.132 -2.56418
1.133 -2.75253
1.134 -2.21462
1.135 -2.34241
1.136 -2.74252
1.137 -2.89048
1.138 -2.40775
1.139 -2.45907
1.14 -2.49273
1.141 -2.54357
1.142 -2.94396
1.143 -2.49984
1.144 -3.2536
1.145 -2.66522
1.146 -2.7169
1.147 -2.67548
1.148 -2.86653
1.149 -2.68616
1.15 -2.42646
1.151 -2.63506
1.152 -2.61176
1.153 -2.46018
1.154 -3.34758
1.155 -2.65706
1.156 -2.64656
1.157 -2.76599
1.158 -2.67195
1.159 -2.4158
1.16 -2.65316
1.161 -2.72069
1.162 -2.36965
1.163 -2.83876
1.164 -2.98547
1.165 -2.51083
1.166 -2.70735
1.167 -2.42615
1.168 -2.56979
1.169 -2.50845
1.17 -2.91935
1.171 -2.96769
1.172 -2.66765
1.173 -2.58765
1.174 -2.53702
1.175 -2.91566
1.176 -2.31091
1.177 -2.5403
1.178 -2.20614
1.179 -2.87114
1.18 -2.52961
1.181 -2.6826
1.182 -2.31797
1.183 -2.80622
1.184 -2.42245
1.185 -2.68035
1.186 -2.7402
1.187 -3.29078
1.188 -2.63094
1.189 -2.89923
1.19 -3.14774
1.191 -2.25276
1.192 -2.27772
1.193 -3.05746
1.194 -2.60208
1.195 -3.05802
1.196 -2.85527
1.197 -2.43632
1.198 -2.51367
1.199 -2.72645
1.2 -2.60976
1.202 -2.60081
1.203 -2.66288
1.204 -2.43813
1.205 -2.6503
1.206 -2.6091
1.207 -2.409
1.208 -2.85019
1.209 -2.54116
1.21 -3.32799
1.211 -2.83043
1.212 -2.5225
1.213 -2.66223
1.214 -2.50182
1.215 -2.49275
1.216 -2.7991
1.217 -2.77586
1.218 -3.20769
1.219 -2.49663
1.22 -2.56282
1.221 -2.64011
1.222 -2.77475
1.223 -3.51572
1.224 -3.16939
1.225 -2.68328
1.226 -2.86302
1.227 -2.89111
1.229 -2.95084
1.23 -3.60825
1.231 -2.82176
1.232 -2.54504
1.233 -2.43157
1.234 -3.143
1.235 -2.59731
1.236 -2.7673
1.237 -2.69204
1.238 -2.94935
1.239 -2.30354
1.24 -2.77859
1.241 -2.34788
1.242 -2.46509
1.243 -2.58578
1.244 -2.81559
1.245 -2.9179
1.246 -2.94216
1.247 -2.73323
1.248 -2.49873
1.249 -2.64221
1.25 -2.91972
1.251 -2.98021
1.252 -3.25176
1.253 -2.51043
1.254 -3.04627
1.255 -2.68268
1.256 -3.41102
1.257 -2.93129
1.258 -3.35377
1.259 -2.4674
1.26 -2.74394
1.261 -2.70528
1.262 -2.86879
1.263 -2.50783
1.264 -3.4757
1.265 -2.80131
1.266 -2.50823
1.267 -2.87779
1.268 -2.89115
1.269 -2.83605
1.27 -3.45528
1.271 -3.22978
1.272 -2.69908
1.273 -2.79351
1.274 -2.97233
1.275 -2.65664
1.276 -2.82786
1.277 -2.36081
1.278 -2.79734
1.279 -2.8764
1.28 -2.91679
1.281 -2.81597
1.282 -2.31315
1.283 -2.34753
1.285 -2.76786
1.286 -2.67439
1.287 -2.65834
1.288 -2.51769
1.289 -3.4596
1.29 -2.65885
1.291 -2.69907
1.292 -2.50489
1.293 -2.53064
1.295 -2.81343
1.296 -2.8936
1.297 -2.4296
1.298 -2.60059
1.299 -2.66022
1.3 -2.6336
1.301 -2.54907
1.302 -4.2749
1.303 -2.86392
1.304 -2.72917
1.305 -2.65486
1.307 -3.16118
1.308 -2.90408
1.309 -2.93135
1.31 -2.95829
1.311 -2.83978
1.312 -2.5369
1.313 -2.86026
1.314 -2.87747
1.315 -2.91021
1.316 -2.93119
1.317 -2.77343
1.318 -2.70079
1.319 -2.56718
1.32 -2.65328
1.321 -2.74589
1.322 -2.27226
1.323 -3.21813
1.324 -3.20982
1.325 -2.48616
1.326 -2.52157
1.327 -2.93018
1.328 -2.3706
1.329 -2.92541
1.33 -2.92854
1.331 -2.49372
1.332 -2.86402
1.333 -2.65795
1.334 -3.18474
1.335 -2.93604
1.336 -2.36949
1.337 -3.23276
1.338 -2.78925
1.339 -2.30166
1.34 -2.55172
1.341 -2.5702
1.342 -2.41075
1.343 -2.57922
1.344 -3.63243
1.345 -3.25508
1.346 -2.94394
1.347 -3.06993
1.348 -3.09252
1.349 -2.99754
1.35 -2.49861
1.351 -2.56117
1.353 -3.24618
1.354 -2.37043
1.355 -2.93075
1.356 -2.56703
1.357 -2.75143
1.358 -2.49977
1.359 -3.17037
1.36 -3.12656
1.361 -3.00198
1.362 -2.5349
1.363 -2.98573
1.364 -2.5579
1.365 -2.80116
1.366 -2.88724
1.367 -3.36566
1.368 -2.71049
1.369 -2.91078
1.37 -2.67587
1.371 -2.65607
1.372 -3.14997
1.373 -2.4027
1.374 -2.92296
1.375 -2.77585
1.376 -2.56206
1.377 -2.66362
1.378 -2.65201
1.379 -2.60868
1.38 -2.85858
1.381 -2.58269
1.382 -3.03239
1.383 -3.37695
1.384 -2.53059
1.385 -2.67137
1.386 -2.65285
1.387 -2.47245
1.388 -2.72039
1.389 -3.98374
1.39 -2.58419
1.391 -2.69695
1.392 -3.00008
1.393 -3.05434
1.394 -3.45762
1.395 -2.83551
1.396 -3.31311
1.397 -3.43967
1.398 -2.9906
1.399 -2.86931
1.4 -3.18342
1.401 -3.01413
1.402 -2.75263
1.403 -2.92037
1.404 -3.13302
1.405 -3.06402
1.406 -2.50159
1.407 -2.772
1.408 -2.95327
1.409 -3.31548
1.41 -3.21408
1.411 -2.86318
1.412 -2.93199
1.414 -3.39792
1.415 -3.03038
1.416 -2.6576
1.417 -2.99715
1.418 -2.54921
1.419 -2.82773
1.42 -2.98363
1.421 -2.76089
1.422 -2.43178
1.423 -2.65454
1.424 -3.31557
1.425 -2.89809
1.426 -2.5507
1.427 -2.86416
1.428 -2.85082
1.429 -2.85171
1.43 -2.77023
1.431 -3.37655
1.432 -2.36463
1.433 -2.57852
1.434 -2.58616
1.436 -3.06212
1.437 -3.93364
1.438 -2.52414
1.44 -3.05834
1.442 -2.41805
1.443 -2.64391
1.445 -2.49615
1.446 -2.75237
1.447 -2.726
1.448 -2.45782
1.45 -3.22612
1.451 -2.9599
1.453 -2.69372
1.454 -3.37289
1.455 -2.76813
1.456 -3.30576
1.457 -3.11334
1.458 -2.52987
1.459 -3.20343
1.46 -2.90169
1.461 -2.64528
1.462 -2.39601
1.463 -2.46784
1.464 -2.62096
1.465 -2.86277
1.466 -3.30499
1.467 -2.53877
1.468 -3.20477
1.469 -2.42885
1.47 -2.96513
1.471 -3.39792
1.472 -3.50861
1.476 -2.83707
1.478 -2.44837
1.479 -2.90329
1.48 -3.21041
1.481 -2.82485
1.483 -3.13267
1.484 -3.04137
1.485 -2.76361
1.486 -2.5964
1.487 -3.06054
1.488 -3.20879
1.489 -2.80873
1.49 -2.67326
1.491 -2.59241
1.492 -3.07116
1.494 -3.08034
1.495 -3.01584
1.496 -3.0514
1.497 -2.48005
1.499 -2.58154
1.5 -3.04931
1.501 -2.98827
1.502 -2.64682
1.503 -2.61334
1.504 -2.98787
1.505 -3.18656
1.506 -2.99316
1.508 -2.9133
1.509 -3.36238
1.51 -2.799
1.511 -2.53664
1.512 -2.96107
1.514 -2.96204
1.515 -3.04884
1.516 -3.09336
1.517 -2.72207
1.519 -2.92235
1.521 -3.47124
1.522 -2.83894
1.524 -2.82466
1.525 -2.95144
1.526 -3.2761
1.527 -2.97892
1.528 -3.45331
1.529 -2.95056
1.53 -2.92954
1.531 -3.22729
1.532 -2.44563
1.533 -2.56642
1.534 -2.72607
1.535 -2.47189
1.536 -3.14572
1.537 -2.54054
1.538 -2.40818
1.539 -2.90029
1.54 -2.81621
1.541 -2.63025
1.542 -2.48624
1.544 -2.64848
1.545 -2.64212
1.546 -2.85037
1.548 -2.60346
1.549 -2.81255
1.55 -2.62699
1.551 -4.23564
1.552 -3.08117
1.553 -2.82242
1.554 -2.6122
1.555 -2.88438
1.556 -3.13798
1.557 -2.63826
1.558 -3.09717
1.559 -3.12045
1.56 -2.67206
1.561 -3.75592
1.562 -3.36618
1.563 -2.80912
1.565 -3.27412
1.566 -2.94604
1.567 -3.46904
1.568 -3.44504
1.569 -2.82067
1.57 -2.91038
1.571 -3.06135
1.572 -3.12837
1.573 -3.10904
1.575 -3.37107
1.577 -2.80896
1.578 -3.00569
1.579 -2.78793
1.58 -2.48719
1.582 -2.71085
1.583 -2.41382
1.584 -2.74762
1.587 -2.70657
1.588 -2.82789
1.589 -3.29947
1.59 -2.78237
1.591 -3.03739
1.592 -2.45271
1.593 -2.46433
1.594 -3.41936
1.595 -2.81385
1.596 -3.25212
1.597 -2.49439
1.598 -3.1943
1.599 -2.8759
1.6 -2.5656
1.601 -2.8346
1.602 -3.02577
1.603 -3.08566
1.604 -2.72147
1.605 -3.08363
1.606 -3.38832
1.607 -3.04572
1.608 -2.93706
1.609 -3.28953
1.61 -2.86296
1.611 -2.56503
1.612 -2.68381
1.613 -2.78224
1.614 -2.47383
1.615 -3.07743
1.616 -2.98498
1.617 -2.87212
1.618 -3.10915
1.621 -2.59688
1.622 -2.83537
1.623 -2.67046
1.624 -3.0324
1.625 -2.98653
1.627 -2.8718
1.628 -2.71793
1.629 -3.20958
1.63 -2.97532
1.631 -2.66762
1.632 -2.76891
1.633 -2.91173
1.634 -3.24326
1.635 -2.87506
1.636 -3.05486
1.637 -3.02004
1.638 -2.75787
1.639 -2.95893
1.64 -2.92817
1.641 -3.02908
1.642 -3.03973
1.643 -2.63249
1.644 -2.90079
1.645 -2.38575
1.646 -2.85914
1.647 -2.96568
1.648 -2.86738
1.649 -3.85862
1.65 -2.76929
1.651 -3.17405
1.652 -2.98001
1.654 -2.86697
1.655 -3.21422
1.656 -2.6373
1.657 -2.74217
1.658 -3.09569
1.659 -3.01274
1.66 -3.20353
1.661 -3.42871
1.662 -2.92772
1.663 -2.63262
1.664 -2.6316
1.665 -2.75753
1.666 -2.86148
1.667 -2.78027
1.668 -3.21382
1.669 -2.70978
1.67 -3.19854
1.671 -2.73545
1.672 -3.37069
1.675 -2.63117
1.676 -2.92612
1.677 -2.85503
1.678 -3.4212
1.679 -3.70512
1.681 -3.60159
1.684 -3.35987
1.685 -2.57352
1.686 -2.96738
1.687 -2.70855
1.688 -2.94478
1.689 -3.02797
1.69 -3.56699
1.692 -2.83169
1.693 -2.85717
1.694 -3.01756
1.695 -2.72831
1.696 -2.95118
1.697 -3.00227
1.698 -3.43145
1.699 -2.73232
1.701 -3.71096
1.702 -3.13379
1.703 -3.15339
1.704 -3.68607
1.705 -2.99521
1.706 -3.46179
1.707 -3.03392
1.708 -3.22514
1.709 -2.69568
1.71 -3.56994
1.711 -2.89252
1.712 -2.60087
1.713 -3.53017
1.714 -3.109
1.715 -3.03439
1.716 -2.89368
1.717 -2.91688
1.718 -3.19443
1.719 -2.53592
1.72 -2.88343
1.721 -3.01921
1.722 -3.28699
1.723 -2.8693
1.724 -2.95053
1.725 -2.87548
1.726 -3.4307
1.727 -2.78183
1.728 -2.92266
1.729 -2.70644
1.73 -2.93115
1.731 -3.38095
1.732 -2.78212
1.733 -3.28277
1.734 -3.24975
1.735 -2.63504
1.736 -2.89337
1.737 -3.06799
1.738 -3.26074
1.739 -2.85489
1.74 -3.09297
1.741 -2.81099
1.742 -3.50057
1.743 -3.43681
1.744 -2.64868
1.745 -3.0626
1.746 -2.72674
1.747 -3.34779
1.748 -2.97137
1.749 -2.95034
1.75 -3.61264
1.751 -3.43573
1.752 -2.78897
1.753 -2.58623
1.754 -3.30656
1.755 -3.41706
1.756 -3.41706
1.757 -2.56897
1.758 -2.81393
1.759 -3.1185
1.76 -3.01157
1.762 -3.11509
1.765 -2.75249
1.766 -3.08584
1.767 -3.67073
1.768 -3.02974
1.769 -2.99682
1.77 -2.9164
1.771 -3.81016
1.772 -2.78023
1.773 -2.9865
1.774 -2.9837
1.777 -2.78725
1.778 -3.49963
1.779 -2.73492
1.78 -3.10895
1.781 -3.02589
1.782 -2.84648
1.783 -3.01462
1.784 -3.01573
1.785 -2.8864
1.786 -3.5747
1.787 -3.01251
1.788 -2.62352
1.789 -2.86435
1.79 -2.59293
1.791 -2.66465
1.792 -3.0106
1.793 -3.3971
1.794 -2.73304
1.795 -3.10394
1.797 -2.87338
1.798 -3.03869
1.799 -2.97784
1.8 -3.57188
1.801 -2.79307
1.802 -2.7084
1.803 -3.65847
1.804 -2.81516
1.806 -3.2443
1.807 -3.41497
1.808 -2.66645
1.809 -2.70779
1.812 -2.98105
1.813 -2.78711
1.814 -3.20215
1.815 -3.24526
1.816 -3.00651
1.817 -2.98774
1.818 -2.63683
1.819 -3.24722
1.82 -3.29591
1.821 -3.16848
1.822 -2.78395
1.823 -3.12643
1.825 -3.26168
1.826 -2.78382
1.827 -3.26556
1.828 -2.83861
1.829 -2.7612
1.83 -3.06511
1.831 -2.78827
1.832 -3.4279
1.833 -2.91236
1.834 -3.37005
1.835 -3.26071
1.837 -3.09454
1.838 -2.7238
1.839 -2.67874
1.841 -2.55376
1.842 -2.85771
1.843 -2.73962
1.844 -3.30656
1.845 -3.11615
1.846 -2.55113
1.847 -2.95754
1.848 -2.85994
1.849 -2.66555
1.85 -4.12625
1.851 -3.20893
1.852 -4.00478
1.853 -3.37981
1.856 -3.06614
1.857 -3.26402
1.858 -2.80921
1.859 -3.26374
1.86 -3.019
1.861 -2.80799
1.862 -3.00332
1.863 -3.10908
1.864 -3.02984
1.865 -3.38112
1.866 -3.12212
1.867 -3.23427
1.869 -2.93855
1.87 -3.17145
1.871 -2.86968
1.872 -3.00247
1.873 -2.65282
1.874 -2.72198
1.875 -3.21872
1.876 -2.66761
1.878 -3.37424
1.879 -2.92176
1.88 -2.92522
1.881 -4.07812
1.882 -3.07076
1.883 -2.94555
1.884 -2.6405
1.885 -3.09677
1.886 -2.85712
1.887 -3.08188
1.888 -3.60653
1.889 -3.68571
1.89 -2.8357
1.891 -2.96826
1.892 -3.40548
1.893 -2.68464
1.895 -3.57446
1.897 -2.91645
1.898 -2.59025
1.899 -3.01028
1.9 -3.05104
1.901 -3.22494
1.902 -2.39106
1.903 -3.1351
1.905 -2.82728
1.906 -4.24484
1.907 -2.89395
1.908 -3.56715
1.909 -3.10017
1.91 -3.47879
1.913 -3.03533
1.914 -2.9528
1.915 -2.5362
1.916 -3.05109
1.917 -3.07774
1.918 -2.82262
1.919 -2.88608
1.92 -3.41593
1.921 -2.88032
1.922 -2.67882
1.923 -2.62627
1.924 -3.24525
1.925 -2.84621
1.926 -2.93663
1.929 -3.19857
1.93 -2.6657
1.931 -2.68124
1.932 -3.07357
1.934 -2.87875
1.935 -2.73233
1.936 -2.95326
1.937 -2.95257
1.938 -2.92341
1.939 -3.21127
1.94 -3.38265
1.941 -3.07643
1.942 -2.81609
1.943 -3.0804
1.944 -2.85391
1.945 -2.99123
1.946 -2.99597
1.947 -2.84146
1.948 -2.8102
1.949 -2.56409
1.95 -2.99075
1.952 -2.84461
1.953 -2.32487
1.954 -2.84148
1.956 -3.37715
1.957 -3.0767
1.958 -3.06517
1.959 -2.94672
1.96 -2.80964
1.962 -2.5942
1.964 -3.40085
1.965 -2.9417
1.967 -2.62457
1.968 -2.69938
1.969 -3.23925
1.97 -2.73399
1.971 -3.55338
1.972 -3.40085
1.973 -3.01376
1.974 -2.91268
1.976 -2.78971
1.978 -3.43695
1.982 -2.79535
1.983 -2.96051
1.984 -2.84744
1.985 -3.056
1.986 -2.81982
1.987 -3.25504
1.989 -3.16713
1.99 -2.99123
1.991 -3.20598
1.992 -3.83222
1.994 -2.31092
1.996 -2.68033
1.997 -3.09451
1.998 -3.43602
1.999 -3.1079
2 -2.67432
2.001 -2.53544
2.002 -3.40043
2.003 -2.60967
2.004 -3.02467
2.005 -3.43695
2.006 -3.08487
2.007 -3.0605
2.008 -3.034
2.009 -2.95361
2.01 -3.20811
2.011 -3.07102
2.012 -2.81995
2.013 -2.85008
2.015 -2.82513
2.016 -3.03732
2.019 -2.71254
2.02 -2.84193
2.021 -3.26733
2.024 -3.26045
2.025 -3.08964
2.028 -3.23598
2.029 -3.41813
2.033 -2.66887
2.034 -2.7784
2.037 -3.10812
2.038 -3.56471
2.04 -3.23869
2.042 -2.86012
2.043 -3.70573
2.044 -3.22626
2.045 -3.029
2.046 -2.97269
2.047 -3.66792
2.048 -2.85951
2.049 -3.07137
2.05 -2.98155
2.051 -3.38402
2.052 -2.93338
2.053 -2.95474
2.055 -2.72039
2.056 -2.84576
2.058 -3.2184
2.059 -2.7545
2.06 -3.11113
2.063 -3.35032
2.064 -3.66122
2.066 -2.7935
2.067 -3.10248
2.068 -2.88749
2.069 -3.3723
2.07 -2.93222
2.071 -3.39312
2.072 -2.88391
2.073 -3.12981
2.074 -3.37608
2.075 -3.21721
2.077 -2.8493
2.079 -2.99776
2.08 -3.14948
2.081 -3.42674
2.082 -3.10706
2.083 -3.42128
2.084 -3.06022
2.085 -2.59694
2.086 -2.71065
2.087 -2.80938
2.088 -3.08045
2.089 -3.21873
2.09 -3.018
2.091 -3.38139
2.092 -2.94127
2.093 -3.23732
2.094 -2.8764
2.095 -2.94266
2.096 -2.90754
2.099 -3.24196
2.1 -2.90192
2.101 -3.48071
2.102 -3.07265
2.103 -3.07396
2.105 -2.88967
2.107 -2.69359
2.108 -3.30456
2.109 -3.15778
2.111 -3.74441
2.112 -3.56446
2.113 -3.22011
2.114 -3.00174
2.118 -2.84292
2.119 -2.92478
2.12 -3.23208
2.121 -3.22904
2.126 -3.09932
2.127 -4.03901
2.128 -4.03901
2.13 -3.43701
2.131 -2.6732
2.132 -3.37535
2.133 -3.21232
2.139 -3.37535
2.14 -2.92792
2.141 -2.95287
2.142 -2.88781
2.143 -2.70798
2.145 -3.09247
2.146 -3.11254
2.147 -3.20143
2.148 -2.7956
2.15 -3.09038
2.151 -3.32997
2.152 -2.99756
2.153 -2.82401
2.154 -2.93787
2.156 -2.91986
2.157 -3.03391
2.158 -3.07762
2.159 -2.79076
2.16 -3.38391
2.161 -2.91091
2.162 -3.49425
2.163 -3.27305
2.164 -2.46231
2.166 -3.26577
2.167 -2.92878
2.168 -3.5237
2.17 -3.56471
2.171 -3.25447
2.172 -3.25412
2.173 -2.53929
2.174 -3.0992
2.175 -2.79787
2.176 -2.94346
2.177 -2.58552
2.179 -2.68996
2.18 -2.94002
2.181 -3.37785
2.183 -2.8252
2.184 -3.623
2.185 -3.20206
2.186 -3.00867
2.187 -2.94769
2.188 -3.11553
2.189 -3.22042
2.19 -3.44818
2.191 -3.08704
2.192 -2.92611
2.194 -2.77776
2.195 -2.78343
2.196 -2.75688
2.198 -3.07062
2.199 -3.5333
2.2 -3.3808
2.201 -2.4071
2.202 -3.06607
2.203 -3.03144
2.204 -2.87034
2.205 -3.27302
2.207 -3.45065
2.208 -3.24864
2.209 -2.8419
2.211 -3.39052
2.212 -3.5197
2.213 -3.17832
2.214 -2.90405
2.216 -3.11012
2.217 -3.42145
2.219 -3.623
2.22 -3.6246
2.221 -3.8835
2.222 -3.30584
2.223 -2.78242
2.225 -3.1301
2.229 -2.75522
2.23 -3.44269
2.232 -3.05631
2.233 -2.99711
2.234 -3.26386
2.236 -3.32005
2.237 -2.61558
2.238 -3.40108
2.241 -2.53924
2.242 -3.12005
2.244 -2.52165
2.245 -2.94371
2.246 -2.85354
2.248 -2.98902
2.249 -3.14389
2.25 -3.43178
2.253 -3.20062
2.254 -3.00012
2.255 -3.08832
2.257 -3.06987
2.258 -3.13533
2.259 -2.79162
2.262 -3.3307
2.263 -2.82124
2.264 -3.38791
2.267 -2.882
2.269 -2.91908
2.27 -3.97136
2.271 -3.56889
2.272 -2.59572
2.273 -2.69486
2.274 -3.40716
2.275 -3.37911
2.276 -3.09739
2.277 -2.81974
2.278 -2.77957
2.281 -3.49912
2.282 -2.76761
2.283 -3.43024
2.284 -3.37259
2.285 -2.98321
2.287 -3.07622
2.288 -3.13123
2.289 -3.37384
2.29 -2.94926
2.291 -2.65024
2.292 -3.41957
2.293 -3.48485
2.295 -3.12028
2.296 -3.40606
2.297 -2.93822
2.298 -3.21013
2.299 -3.25623
2.3 -3.10413
2.301 -2.9532
2.303 -2.91133
2.304 -2.90444
2.305 -2.59046
2.306 -3.05219
2.307 -2.61858
2.31 -3.42331
2.311 -3.37388
2.312 -2.61045
2.313 -2.48479
2.314 -3.40149
2.317 -3.501
2.318 -3.25366
2.319 -2.91494
2.32 -2.62812
2.322 -3.10247
2.323 -2.91879
2.326 -2.60824
2.327 -3.2241
2.328 -2.99134
2.329 -3.40283
2.33 -2.94771
2.331 -3.28922
2.332 -3.14304
2.333 -2.63832
2.334 -3.66059
2.336 -3.59592
2.337 -2.68524
2.338 -2.83425
2.339 -2.97736
2.34 -2.69486
2.341 -3.0024
2.343 -3.20637
2.344 -3.24827
2.345 -2.61411
2.347 -3.41929
2.348 -3.35598
2.349 -3.41592
2.35 -2.52228
2.351 -3.35598
2.352 -3.42015
2.353 -2.80039
2.354 -2.75845
2.356 -2.93115
2.357 -3.31356
2.358 -2.87072
2.359 -3.07358
2.36 -3.85249
2.361 -3.1046
2.364 -3.20574
2.365 -3.43113
2.366 -3.17381
2.367 -2.80696
2.368 -3.05712
2.37 -3.63366
2.371 -3.07756
2.372 -3.06665
2.373 -3.41198
2.374 -2.94654
2.375 -3.48724
2.376 -4.15813
2.377 -3.26211
2.381 -2.92558
2.382 -2.98572
2.383 -3.21782
2.384 -3.01301
2.385 -2.64863
2.386 -2.67815
2.387 -3.31355
2.388 -3.76648
2.389 -3.25212
2.39 -2.81693
2.391 -3.22015
2.392 -2.84658
2.395 -3.02398
2.396 -3.37664
2.397 -2.98509
2.398 -2.78588
2.399 -2.88188
2.4 -3.20464
2.401 -3.26899
2.402 -3.0713
2.403 -3.38658
2.406 -3.63238
2.41 -3.41736
2.411 -3.01393
2.413 -3.40716
2.414 -3.10938
2.415 -3.26525
2.416 -3.42544
2.417 -3.42544
2.418 -2.81962
2.419 -2.80145
2.42 -3.00679
2.421 -3.43889
2.422 -2.92589
2.424 -2.88563
2.425 -2.96706
2.426 -3.66256
2.427 -2.72669
2.428 -2.94741
2.429 -3.2306
2.43 -2.60506
2.431 -3.25407
2.432 -3.59876
2.433 -2.91528
2.434 -2.82302
2.437 -3.28899
2.438 -3.25682
2.439 -3.29477
2.443 -2.7926
2.444 -2.77925
2.445 -3.02206
2.446 -3.11882
2.447 -3.31453
2.449 -3.02476
2.451 -3.07651
2.452 -2.9094
2.454 -2.92635
2.455 -3.20143
2.456 -3.75652
2.457 -3.08451
2.458 -2.95689
2.459 -3.3779
2.461 -3.20778
2.462 -3.3779
2.464 -3.13711
2.465 -2.58483
2.466 -3.38192
2.467 -3.13258
2.468 -3.34189
2.469 -3.21864
2.47 -3.24033
2.471 -2.73423
2.473 -3.21864
2.476 -3.21021
2.477 -2.83986
2.478 -2.84003
2.48 -2.94824
2.481 -3.01946
2.482 -2.76595
2.483 -3.10516
2.484 -3.24825
2.485 -2.88611
2.486 -2.70126
2.487 -2.80637
2.488 -3.09957
2.489 -3.3971
2.49 -2.93796
2.491 -3.12504
2.492 -2.62262
2.493 -3.20978
2.494 -3.47912
2.495 -3.02803
2.497 -3.18854
2.498 -3.08157
2.499 -2.84438
2.5 -3.01264
2.501 -4.20721
2.502 -3.64
2.504 -3.82171
2.505 -2.96726
2.506 -3.29596
2.507 -2.83562
2.509 -3.22677
2.511 -2.78882
2.512 -3.1086
2.515 -2.9394
2.516 -3.00381
2.518 -2.77792
2.519 -3.2638
2.52 -3.11576
2.521 -2.92296
2.522 -2.68062
2.525 -3.36794
2.526 -3.37895
2.528 -3.0745
2.532 -2.93872
2.534 -2.82396
2.536 -3.07657
2.538 -3.25687
2.539 -3.10939
2.541 -3.23415
2.543 -3.37757
2.544 -3.56154
2.545 -3.41827
2.546 -3.41827
2.547 -2.95863
2.549 -3.15848
2.55 -3.39249
2.553 -2.81447
2.555 -3.47276
2.558 -3.04077
2.56 -3.37971
2.562 -3.19875
2.563 -3.07405
2.564 -3.50295
2.565 -3.30388
2.566 -3.42457
2.568 -3.58785
2.569 -3.34189
2.57 -2.94148
2.574 -3.08073
2.575 -2.81223
2.576 -3.26195
2.579 -3.42234
2.58 -3.08653
2.581 -2.91297
2.582 -3.22753
2.583 -3.27703
2.584 -3.03116
2.585 -2.84907
2.586 -3.22995
2.587 -2.76728
2.589 -2.90821
2.591 -3.41393
2.592 -3.10017
2.594 -3.42457
2.595 -3.23238
2.597 -3.07689
2.599 -3.2709
2.6 -3.38462
2.602 -2.84374
2.604 -3.41393
2.606 -3.4294
2.609 -3.18688
2.61 -3.27208
2.611 -3.03842
2.612 -2.75916
2.614 -2.67943
2.616 -3.02308
2.619 -3.71399
2.622 -3.67219
2.624 -3.29724
2.625 -3.11539
2.627 -3.27101
2.629 -3.10126
2.63 -2.94748
2.631 -2.9407
2.632 -3.49498
2.633 -3.41187
2.634 -3.21941
2.635 -2.86659
2.636 -3.1043
2.639 -2.92905
2.641 -3.24395
2.643 -2.87035
2.644 -2.8363
2.645 -2.63962
2.646 -3.38864
2.647 -3.75263
2.649 -3.12796
2.65 -3.21841
2.651 -3.42404
2.652 -2.73555
2.653 -3.08035
2.654 -2.95949
2.655 -2.8239
2.66 -3.26022
2.661 -2.92183
2.663 -3.38169
2.664 -3.26602
2.665 -3.1107
2.666 -2.80094
2.667 -3.80654
2.668 -3.37393
2.67 -3.00109
2.671 -4.12161
2.672 -2.53175
2.673 -3.18822
2.674 -3.71056
2.675 -2.92854
2.676 -2.70187
2.677 -2.9424
2.678 -3.4294
2.679 -3.12276
2.68 -3.02044
2.681 -2.77299
2.682 -3.30089
2.684 -3.02105
2.686 -2.79593
2.687 -3.18139
2.689 -3.21564
2.69 -3.27703
2.691 -3.22752
2.692 -3.63434
2.693 -3.00934
2.695 -3.73257
2.697 -2.96504
2.698 -3.53591
2.699 -4.13733
2.7 -2.90098
2.702 -4.13733
2.703 -3.38597
2.704 -3.05263
2.705 -3.0081
2.706 -2.98593
2.708 -3.00539
2.709 -2.75797
2.71 -3.66256
2.712 -3.38025
2.713 -3.04366
2.714 -3.26296
2.715 -3.38025
2.716 -2.84384
2.717 -3.24677
2.72 -3.82171
2.721 -3.49912
2.722 -2.83244
2.723 -3.75899
2.725 -3.40047
2.728 -2.875
2.729 -3.11651
2.73 -2.97199
2.731 -2.78649
2.734 -2.64063
2.735 -2.56192
2.737 -3.02401
2.739 -2.75263
2.741 -3.59247
2.742 -3.40043
2.744 -3.06801
2.746 -3.06726
2.747 -3.21173
2.748 -3.28109
2.75 -3.49816
2.751 -3.98176
2.752 -2.68028
2.753 -3.38377
2.754 -3.29498
2.755 -2.75149
2.756 -3.07083
2.758 -3.01445
2.76 -2.9136
2.762 -3.20973
2.764 -3.41309
2.765 -2.89182
2.766 -3.26776
2.767 -3.22752
2.77 -2.79023
2.771 -2.67913
2.772 -3.20442
2.775 -2.71613
2.776 -3.24122
2.778 -3.37608
2.78 -3.44681
2.782 -3.21215
2.784 -2.53191
2.785 -3.1476
2.786 -3.09374
2.788 -2.72467
2.791 -3.2098
2.795 -3.05818
2.796 -3.43669
2.797 -3.26776
2.798 -2.88956
2.799 -3.33318
2.802 -3.43669
2.804 -2.7621
2.807 -2.79632
2.808 -3.5395
2.809 -2.83554
2.811 -2.91889
2.812 -2.74506
2.813 -3.39023
2.814 -3.06736
2.815 -2.61395
2.816 -3.37846
2.819 -3.04338
2.821 -3.07803
2.822 -3.40267
2.825 -3.49335
2.826 -2.76268
2.828 -3.11541
2.829 -2.89824
2.83 -3.2883
2.831 -3.20754
2.832 -4.20392
2.833 -3.40529
2.834 -2.65259
2.835 -3.1131
2.838 -3.23801
2.839 -3.04108
2.84 -3.41851
2.842 -3.083
2.844 -3.61756
2.845 -2.9905
2.846 -2.9545
2.85 -3.09232
2.852 -3.4257
2.853 -2.93876
2.855 -3.39548
2.857 -3.23917
2.858 -3.3121
2.859 -3.00967
2.861 -3.2098
2.864 -4.06985
2.865 -3.10491
2.866 -2.45516
2.867 -3.2184
2.868 -3.00298
2.869 -3.40584
2.873 -2.97285
2.874 -2.93201
2.875 -2.70836
2.876 -3.44444
2.878 -3.24412
2.879 -2.71682
2.881 -2.85681
2.882 -4.19708
2.883 -2.92012
2.886 -3.01169
2.888 -4.22011
2.889 -4.22011
2.89 -3.56492
2.891 -3.39607
2.893 -2.85948
2.894 -3.56492
2.895 -2.94064
2.898 -3.27189
2.9 -3.39023
2.902 -3.58333
2.903 -2.59869
2.904 -3.26228
2.906 -2.74487
2.907 -3.09987
2.908 -3.96484
2.909 -2.86743
2.912 -3.4114
2.913 -3.38654
2.914 -2.84267
2.915 -2.71638
2.916 -3.40246
2.917 -3.96484
2.919 -3.09973
2.92 -2.84346
2.921 -2.35885
2.925 -3.38654
2.926 -2.80134
2.927 -3.38601
2.928 -2.56598
2.93 -2.95267
2.931 -3.52049
2.932 -2.86388
2.934 -2.73261
2.935 -3.00512
2.936 -3.01952
2.937 -3.11288
2.939 -2.87668
2.94 -2.83394
2.941 -3.48898
2.942 -3.74793
2.944 -3.32374
2.945 -3.36233
2.947 -3.62302
2.948 -2.91501
2.949 -3.90341
2.95 -2.71362
2.951 -3.39676
2.952 -3.23016
2.953 -3.217
2.954 -2.94053
2.955 -3.4006
2.956 -3.2709
2.957 -3.21605
2.958 -3.20142
2.961 -3.22936
2.962 -2.88614
2.963 -2.93057
2.965 -2.74903
2.967 -3.22232
2.968 -3.155
2.969 -2.61727
2.97 -3.93063
2.971 -3.02734
2.972 -3.25222
2.973 -3.19929
2.975 -3.40825
2.977 -3.3112
2.978 -3.48951
2.979 -2.63261
2.98 -3.76389
2.984 -2.9391
2.986 -3.09932
2.988 -3.06291
2.991 -2.94357
2.992 -3.27382
2.994 -3.90341
2.996 -2.65271
2.997 -3.38622
3.001 -4.07745
3.002 -3.39554
3.003 -3.00457
3.004 -3.24227
3.006 -3.41673
3.008 -3.21719
3.009 -3.49536
3.01 -4.21244
3.011 -3.38478
3.013 -2.79861
3.015 -3.09116
3.017 -2.91434
3.018 -2.85351
3.02 -3.21237
3.021 -3.50065
3.023 -2.91072
3.024 -3.32293
3.025 -3.25698
3.026 -3.21718
3.027 -3.13783
3.028 -3.28023
3.03 -3.52229
3.033 -3.10078
3.034 -3.6567
3.035 -2.74866
3.037 -3.12141
3.038 -3.08488
3.039 -3.25252
3.042 -3.08276
3.044 -2.92211
3.045 -2.76071
3.046 -3.01497
3.047 -3.00591
3.049 -3.4114
3.05 -3.01266
3.051 -2.96233
3.052 -2.99301
3.053 -3.00282
3.054 -4.22476
3.055 -2.96992
3.057 -3.06617
3.058 -3.08277
3.059 -3.22232
3.06 -3.24394
3.062 -2.66069
3.063 -3.44685
3.066 -2.84542
3.067 -3.1475
3.068 -2.87561
3.069 -3.47086
3.071 -3.01772
3.074 -3.109
3.075 -2.70766
3.076 -3.94148
3.078 -3.66688
3.08 -3.30437
3.081 -2.99249
3.084 -2.95511
3.086 -3.33305
3.088 -3.26745
3.09 -3.01616
3.091 -3.24085
3.092 -3.01635
3.094 -3.34609
3.095 -3.32687
3.096 -3.23889
3.099 -3.19433
3.1 -3.09443
3.103 -2.76301
3.104 -2.98226
3.106 -2.9533
3.107 -2.95038
3.108 -3.41114
3.109 -2.94409
3.11 -2.90053
3.114 -3.88449
3.115 -3.23682
3.121 -3.52148
3.122 -2.59183
3.124 -3.09964
3.125 -2.7626
3.126 -3.23323
3.127 -2.47475
3.129 -2.7952
3.131 -3.38939
3.132 -3.38939
3.133 -3.57174
3.134 -3.57174
3.135 -3.41114
3.137 -2.96812
3.139 -2.64265
3.14 -3.41205
3.142 -3.55316
3.145 -3.8136
3.147 -3.8136
3.149 -2.94897
3.15 -3.17118
3.152 -3.16752
3.153 -2.93898
3.154 -2.92833
3.155 -3.09049
3.156 -3.39181
3.158 -3.39181
3.159 -3.06566
3.16 -3.53263
3.161 -3.23041
3.162 -3.41309
3.163 -3.20134
3.165 -3.61857
3.166 -2.9192
3.167 -3.45395
3.168 -3.06275
3.169 -3.22907
3.17 -3.0191
3.171 -3.38561
3.173 -2.76048
3.174 -3.1043
3.175 -2.55257
3.176 -2.90915
3.177 -2.63622
3.178 -2.7324
3.18 -3.41384
3.181 -3.51476
3.182 -3.24838
3.185 -3.24687
3.188 -3.24181
3.191 -2.84522
3.192 -3.1047
3.193 -2.78993
3.194 -2.79398
3.197 -2.75725
3.198 -3.13099
3.199 -3.15454
3.2 -2.87845
3.202 -3.50803
3.204 -2.91688
3.205 -3.12026
3.206 -3.40035
3.207 -3.10963
3.209 -3.16494
3.21 -2.86904
3.211 -3.14342
3.212 -2.65199
3.214 -3.44164
3.215 -3.00001
3.217 -3.19565
3.218 -3.09443
3.219 -3.04971
3.222 -3.41092
3.223 -3.21575
3.224 -2.93047
3.225 -2.89187
3.226 -2.87147
3.227 -3.08534
3.229 -3.38888
3.23 -3.31981
3.232 -3.6395
3.233 -3.09536
3.236 -2.95061
3.238 -3.23685
3.24 -3.34131
3.243 -2.63306
3.244 -3.10046
3.247 -3.76389
3.248 -3.73996
3.251 -3.47961
3.252 -2.81072
3.256 -3.04072
3.259 -3.18167
3.265 -3.39052
3.269 -3.09461
3.27 -2.90607
3.273 -3.22811
3.274 -3.28122
3.275 -3.72303
3.276 -3.94755
3.279 -2.71223
3.281 -3.25293
3.283 -2.76708
3.284 -2.95504
3.287 -2.95281
3.288 -3.39269
3.289 -2.94415
3.291 -3.27936
3.293 -2.97486
3.295 -3.10438
3.296 -2.97907
3.299 -2.99553
3.307 -3.99795
3.309 -3.42935
3.31 -3.71414
3.311 -3.42628
3.313 -3.03331
3.314 -3.81048
3.315 -3.45862
3.317 -2.92873
3.318 -2.9527
3.319 -3.21347
3.32 -3.22904
3.323 -3.91348
3.326 -2.75361
3.329 -3.39632
3.33 -3.39632
3.331 -3.39213
3.333 -3.86939
3.335 -3.40533
3.337 -3.40533
3.34 -2.94479
3.345 -3.256
3.347 -2.88054
3.349 -2.97931
3.35 -3.39373
3.351 -3.23321
3.353 -3.10455
3.356 -3.39571
3.36 -2.94553
3.361 -3.36428
3.362 -3.32704
3.364 -2.62196
3.366 -3.13432
3.367 -2.96717
3.368 -3.64122
3.369 -3.21633
3.371 -2.81819
3.372 -3.40535
3.382 -3.6781
3.384 -2.94446
3.385 -3.39213
3.386 -3.39069
3.387 -3.12951
3.388 -3.26804
3.394 -3.35235
3.398 -3.71343
3.4 -2.82217
3.401 -2.92995
3.402 -3.21638
3.405 -3.29147
3.406 -3.29403
3.411 -3.66037
3.412 -3.84147
3.413 -3.56202
3.415 -3.3339
3.416 -2.76083
3.417 -3.00539
3.418 -2.95081
3.42 -3.52178
3.421 -3.70609
3.422 -3.69668
3.424 -3.52178
3.427 -3.69668
3.429 -3.38105
3.432 -3.10497
3.434 -3.26207
3.436 -3.21638
3.438 -3.09128
3.439 -2.97062
3.44 -3.30808
3.441 -3.77981
3.442 -3.70609
3.443 -2.70299
3.446 -3.24949
3.448 -3.17731
3.449 -3.22558
3.45 -3.23391
3.452 -3.39559
3.459 -3.35235
3.462 -3.17411
3.463 -2.59021
3.465 -3.09504
3.466 -3.25708
3.469 -3.09993
3.47 -3.6395
3.475 -3.19378
3.477 -3.73825
3.478 -3.91412
3.479 -2.96443
3.481 -3.43332
3.482 -2.90482
3.485 -2.92176
3.486 -3.5875
3.488 -3.30437
3.49 -2.64004
3.492 -3.2033
3.493 -3.02295
3.497 -2.88171
3.499 -3.66975
3.501 -3.19233
3.504 -3.63937
3.505 -3.41314
3.509 -3.24181
3.511 -3.75185
3.513 -3.26126
3.515 -4.2004
3.516 -3.21062
3.517 -3.40798
3.519 -2.86493
3.523 -2.95674
3.526 -3.96826
3.527 -2.76008
3.529 -2.91402
3.53 -3.39554
3.532 -2.98105
3.535 -2.5328
3.539 -3.21028
3.543 -3.08219
3.547 -3.94024
3.548 -3.81894
3.551 -2.94422
3.553 -2.93737
3.554 -2.88228
3.555 -3.29969
3.559 -3.01635
3.56 -2.98526
3.561 -3.36173
3.563 -3.25804
3.567 -3.04227
3.568 -3.24661
3.571 -3.24661
3.573 -3.26128
3.578 -3.75832
3.581 -3.71626
3.586 -3.48404
3.587 -2.85607
3.589 -2.96483
3.59 -2.92973
3.591 -2.92159
3.595 -2.85208
3.597 -3.04306
3.601 -3.92208
3.602 -3.92208
3.603 -3.96
3.608 -3.06986
3.61 -3.75832
3.611 -3.09867
3.613 -3.30546
3.617 -3.28147
3.619 -3.54326
3.621 -3.54326
3.624 -3.56326
3.625 -2.84035
3.627 -3.4981
3.632 -3.38494
3.634 -3.07084
3.635 -3.38494
3.636 -2.83664
3.637 -3.13616
3.639 -3.27266
3.647 -3.81636
3.649 -3.07105
3.65 -2.76774
3.654 -3.54057
3.655 -2.75169
3.656 -3.55342
3.657 -3.31224
3.658 -4.22771
3.659 -2.74669
3.662 -2.75953
3.664 -3.47343
3.665 -3.47343
3.67 -2.90109
3.672 -3.96946
3.673 -3.21549
3.677 -2.92478
3.68 -3.25192
3.687 -2.90654
3.689 -3.24894
3.692 -3.72913
3.693 -3.24951
3.695 -3.32571
3.696 -3.26168
3.697 -3.88991
3.698 -3.15074
3.7 -3.07905
3.702 -3.39573
3.703 -3.1653
3.706 -2.64389
3.71 -2.96207
3.715 -3.25034
3.718 -3.56326
3.72 -3.39121
3.726 -3.96
3.727 -3.28028
3.728 -3.25837
3.732 -2.9461
3.733 -3.06975
3.736 -3.28258
3.737 -2.62426
3.738 -3.01493
3.74 -2.9421
3.741 -2.75939
3.75 -3.49125
3.751 -3.49125
3.753 -3.26206
3.755 -3.04685
3.761 -3.33979
3.763 -3.69999
3.765 -2.9462
3.768 -3.08961
3.774 -3.24951
3.779 -2.94078
3.781 -3.2636
3.783 -3.52505
3.785 -3.51502
3.787 -3.72234
3.79 -3.72234
3.793 -3.15554
3.802 -3.27062
3.806 -3.25369
3.809 -2.72774
3.81 -3.11174
3.815 -2.93877
3.816 -3.01721
3.817 -2.94474
3.82 -3.51727
3.821 -3.08942
3.823 -2.83756
3.824 -3.11749
3.827 -2.94543
3.828 -3.17004
3.83 -3.15631
3.832 -2.88267
3.834 -3.24649
3.836 -2.94277
3.837 -3.39117
3.839 -3.9604
3.843 -3.62009
3.844 -3.13484
3.846 -3.65134
3.85 -3.55443
3.854 -2.8025
3.865 -3.44631
3.868 -3.3947
3.869 -3.23935
3.872 -3.40397
3.88 -3.52505
3.882 -3.40397
3.883 -3.3494
3.885 -3.30434
3.893 -3.81123
3.894 -3.38588
3.895 -3.21841
3.899 -3.45799
3.903 -3.25133
3.912 -3.3155
3.914 -3.60626
3.919 -3.2885
3.923 -3.23673
3.932 -2.99507
3.933 -3.31471
3.934 -3.94894
3.936 -3.23549
3.937 -2.77184
3.938 -3.2885
3.943 -3.23579
3.944 -3.23948
3.945 -3.38063
3.949 -3.81123
3.95 -2.97954
3.963 -3.25916
3.965 -3.62009
3.974 -2.96039
3.982 -2.94612
3.986 -3.53373
3.988 -3.01021
3.99 -3.26197
3.996 -3.45799
3.998 -3.33618
4.002 -3.50734
4.003 -3.22309
4.007 -3.2751
4.009 -3.22969
4.013 -3.24263
4.025 -3.29403
4.03 -2.95379
4.031 -3.23864
4.033 -3.46514
4.035 -3.21482
4.041 -3.22908
4.047 -2.92665
4.054 -3.2435
4.064 -3.24803
4.072 -2.942
4.075 -3.29976
4.081 -3.22665
4.086 -2.96661
4.093 -3.59118
4.096 -3.59118
4.1 -3.24613
4.108 -3.24443
4.11 -3.21677
4.112 -2.94491
4.113 -2.93925
4.114 -3.23068
4.116 -2.94816
4.12 -3.85972
4.125 -3.3339
4.133 -3.19821
4.134 -4.12161
4.136 -2.93973
4.141 -2.94787
4.146 -3.65784
4.147 -3.31436
4.148 -3.24913
4.15 -3.25117
4.155 -2.97559
4.156 -3.27032
4.159 -3.39571
4.162 -3.21904
4.171 -3.24803
4.173 -3.28225
4.175 -3.28225
4.178 -3.29166
4.183 -3.21863
4.188 -3.50734
4.189 -2.94197
4.193 -2.9401
4.195 -2.94163
4.197 -3.34337
4.203 -3.29279
4.205 -3.25134
4.207 -2.93597
4.211 -3.24592
4.213 -2.91584
4.214 -3.30291
4.221 -2.5747
4.223 -3.31436
4.228 -2.94847
4.236 -2.92727
4.237 -3.08905
4.24 -3.21841
4.246 -3.2732
4.247 -3.2732
4.248 -2.96287
4.253 -2.98944
4.254 -3.29976
4.255 -3.2748
4.257 -3.36511
4.258 -3.24443
4.271 -3.5594
4.273 -3.36511
4.274 -3.96431
4.277 -3.23359
4.281 -2.94121
4.289 -3.2461
4.29 -3.49057
4.301 -2.91158
4.308 -2.90906
4.314 -2.91456
4.321 -3.5594
4.322 -2.76519
4.325 -3.2462
4.326 -3.2461
4.328 -3.2286
4.329 -3.23549
4.341 -3.6151
4.343 -2.96803
4.353 -3.6151
4.354 -3.2751
4.359 -3.50759
4.366 -3.94467
4.386 -3.245
4.403 -3.80483
4.405 -2.94561
4.415 -2.96752
4.443 -2.98488
4.449 -2.94106
4.45 -3.24592
4.459 -3.20691
4.489 -2.93616
4.494 -2.89435
4.504 -3.22309
4.508 -2.94481
4.509 -2.94012
4.517 -2.94658
4.526 -3.20859
4.531 -3.28645
4.551 -3.25141
4.557 -2.94111
4.568 -3.86048
4.579 -3.86048
4.586 -3.25141
4.597 -3.28645
4.6 -3.27429
4.613 -3.50879
4.616 -3.15401
4.669 -3.02008
4.693 -3.21863
4.702 -2.96368
4.711 -3.70366
4.797 -3.69646
4.815 -3.53558
4.875 -2.94876
4.981 -3.05778
5.13 -3.434
5.981 -3.40108
 
 
