0 -2.27464
0.001 -1.98505
0.002 -1.85745
0.003 -1.70834
0.004 -1.61521
0.005 -1.47831
0.006 -1.33663
0.007 -1.28471
0.008 -1.1643
0.009 -1.079
0.01 -0.868243
0.011 -0.76682
0.012 -0.767366
0.013 -0.596978
0.014 -0.62578
0.015 -0.523254
0.016 -0.531279
0.017 -0.510618
0.018 -0.484576
0.019 -0.478104
0.02 -0.416129
0.021 -0.386404
0.022 -0.418325
0.023 -0.421895
0.024 -0.406733
0.025 -0.391042
0.026 -0.458578
0.027 -0.407804
0.028 -0.361023
0.029 -0.399543
0.03 -0.416149
0.031 -0.443676
0.032 -0.430105
0.033 -0.443606
0.034 -0.436853
0.035 -0.468114
0.036 -0.453637
0.037 -0.432382
0.038 -0.438135
0.039 -0.439713
0.04 -0.438569
0.041 -0.459035
0.042 -0.473271
0.043 -0.488457
0.044 -0.494101
0.045 -0.506996
0.046 -0.491956
0.047 -0.495375
0.048 -0.508068
0.049 -0.475548
0.05 -0.525542
0.051 -0.476908
0.052 -0.46021
0.053 -0.518323
0.054 -0.513437
0.055 -0.516514
0.056 -0.536272
0.057 -0.551249
0.058 -0.546283
0.059 -0.539278
0.06 -0.527848
0.061 -0.552599
0.062 -0.532434
0.063 -0.570306
0.064 -0.548822
0.065 -0.574668
0.066 -0.558446
0.067 -0.561173
0.068 -0.584496
0.069 -0.60658
0.07 -0.585924
0.071 -0.629704
0.072 -0.62426
0.073 -0.577518
0.074 -0.624912
0.075 -0.660992
0.076 -0.63542
0.077 -0.634742
0.078 -0.579625
0.079 -0.610731
0.08 -0.644644
0.081 -0.613039
0.082 -0.584577
0.083 -0.61702
0.084 -0.610903
0.085 -0.628555
0.086 -0.622333
0.087 -0.667723
0.088 -0.653252
0.089 -0.673353
0.09 -0.672756
0.091 -0.633428
0.092 -0.747121
0.093 -0.691339
0.094 -0.64742
0.095 -0.648803
0.096 -0.704109
0.097 -0.667782
0.098 -0.67501
0.099 -0.697352
0.1 -0.662464
0.101 -0.690328
0.102 -0.666732
0.103 -0.707766
0.104 -0.682498
0.105 -0.675691
0.106 -0.696784
0.107 -0.688302
0.108 -0.68982
0.109 -0.692033
0.11 -0.743323
0.111 -0.711816
0.112 -0.760912
0.113 -0.777671
0.114 -0.758176
0.115 -0.732403
0.116 -0.756585
0.117 -0.80749
0.118 -0.782272
0.119 -0.786505
0.12 -0.776582
0.121 -0.854608
0.122 -0.799863
0.123 -0.826632
0.124 -0.811632
0.125 -0.778992
0.126 -0.800063
0.127 -0.834767
0.128 -0.760957
0.129 -0.856523
0.13 -0.75684
0.131 -0.839815
0.132 -0.798857
0.133 -0.708058
0.134 -0.792803
0.135 -0.719472
0.136 -0.778028
0.137 -0.774488
0.138 -0.717413
0.139 -0.773244
0.14 -0.742869
0.141 -0.743722
0.142 -0.782485
0.143 -0.789074
0.144 -0.787975
0.145 -0.752129
0.146 -0.800131
0.147 -0.807759
0.148 -0.860797
0.149 -0.830985
0.15 -0.843867
0.151 -0.895083
0.152 -0.893411
0.153 -0.857266
0.154 -0.8586
0.155 -0.927826
0.156 -0.86667
0.157 -0.877143
0.158 -0.930611
0.159 -1.03694
0.16 -0.965958
0.161 -0.988504
0.162 -0.941357
0.163 -0.95919
0.164 -0.983309
0.165 -1.03845
0.166 -0.930178
0.167 -0.999419
0.168 -1.0069
0.169 -0.957321
0.17 -1.0062
0.171 -0.960597
0.172 -0.980369
0.173 -1.00509
0.174 -1.01018
0.175 -1.05805
0.176 -1.02649
0.177 -1.01676
0.178 -1.05226
0.179 -1.02054
0.18 -0.970264
0.181 -1.06907
0.182 -1.01972
0.183 -0.99578
0.184 -1.03972
0.185 -0.984456
0.186 -1.09514
0.187 -1.0437
0.188 -0.981487
0.189 -1.04524
0.19 -1.08101
0.191 -1.04458
0.192 -1.11298
0.193 -1.05931
0.194 -1.0842
0.195 -1.06047
0.196 -1.10506
0.197 -1.13133
0.198 -1.1061
0.199 -1.17051
0.2 -1.17897
0.201 -1.19301
0.202 -1.27257
0.203 -1.27043
0.204 -1.16938
0.205 -1.29385
0.206 -1.25657
0.207 -1.29379
0.208 -1.25194
0.209 -1.33347
0.21 -1.30134
0.211 -1.42605
0.212 -1.40882
0.213 -1.4297
0.214 -1.29867
0.215 -1.23508
0.216 -1.46103
0.217 -1.5153
0.218 -1.32075
0.219 -1.33618
0.22 -1.4302
0.221 -1.37615
0.222 -1.42816
0.223 -1.36783
0.224 -1.51606
0.225 -1.48441
0.226 -1.41582
0.227 -1.47736
0.228 -1.46595
0.229 -1.46045
0.23 -1.46243
0.231 -1.48969
0.232 -1.51051
0.233 -1.46969
0.234 -1.5227
0.235 -1.51987
0.236 -1.40076
0.237 -1.45867
0.238 -1.6928
0.239 -1.49845
0.24 -1.54011
0.241 -1.57644
0.242 -1.70454
0.243 -1.62788
0.244 -1.45696
0.245 -1.54426
0.246 -1.55938
0.247 -1.59405
0.248 -1.63004
0.249 -1.55236
0.25 -1.81062
0.251 -1.53308
0.252 -1.6045
0.253 -1.60121
0.254 -1.65109
0.255 -1.55763
0.256 -1.54273
0.257 -1.78768
0.258 -1.6016
0.259 -1.5509
0.26 -1.61453
0.261 -1.59968
0.262 -1.69151
0.263 -1.72665
0.264 -1.74636
0.265 -1.82126
0.266 -1.69717
0.267 -1.78488
0.268 -1.70909
0.269 -1.52574
0.27 -1.67281
0.271 -1.60368
0.272 -1.62401
0.273 -1.63499
0.274 -1.62876
0.275 -1.75496
0.276 -1.64194
0.277 -1.70821
0.278 -1.65635
0.279 -1.70962
0.28 -1.65963
0.281 -1.74184
0.282 -1.68077
0.283 -1.77138
0.284 -1.82156
0.285 -1.69447
0.286 -1.78285
0.287 -1.72341
0.288 -1.71924
0.289 -1.71857
0.29 -1.65378
0.291 -1.69754
0.292 -1.73384
0.293 -1.77897
0.294 -1.85946
0.295 -1.71861
0.296 -1.71898
0.297 -1.79864
0.298 -1.81198
0.299 -1.7325
0.3 -2.01541
0.301 -1.90511
0.302 -1.97143
0.303 -1.69893
0.304 -1.9394
0.305 -1.74826
0.306 -1.82389
0.307 -1.77242
0.308 -1.82385
0.309 -1.94383
0.31 -1.72698
0.311 -1.83419
0.312 -1.89277
0.313 -1.77222
0.314 -1.72904
0.315 -2.06689
0.316 -1.85825
0.317 -1.91378
0.318 -1.936
0.319 -1.72551
0.32 -1.77494
0.321 -1.7986
0.322 -1.91593
0.323 -1.75108
0.324 -1.9728
0.325 -1.82939
0.326 -1.65222
0.327 -1.81413
0.328 -2.02761
0.329 -1.81005
0.33 -1.95417
0.331 -2.0404
0.332 -1.8076
0.333 -1.8054
0.334 -1.97108
0.335 -1.87293
0.336 -1.84101
0.337 -1.9139
0.338 -1.94602
0.339 -1.96233
0.34 -1.85425
0.341 -1.92852
0.342 -2.02704
0.343 -1.85313
0.344 -1.93144
0.345 -1.83894
0.346 -1.91307
0.347 -1.95535
0.348 -1.83049
0.349 -1.91402
0.35 -1.78454
0.351 -2.21418
0.352 -2.06108
0.353 -1.88019
0.354 -2.08227
0.355 -1.85156
0.356 -1.87819
0.357 -2.04111
0.358 -1.97521
0.359 -1.93443
0.36 -1.9263
0.361 -2.11924
0.362 -1.89815
0.363 -1.87264
0.364 -2.38516
0.365 -1.87589
0.366 -2.17712
0.367 -1.84855
0.368 -2.00716
0.369 -2.0021
0.37 -1.93773
0.371 -2.10174
0.372 -1.95776
0.373 -1.99289
0.374 -1.93481
0.375 -1.96552
0.376 -2.25518
0.377 -2.05706
0.378 -1.92497
0.379 -2.04898
0.38 -2.06144
0.381 -2.055
0.382 -1.96328
0.383 -2.19263
0.384 -1.8761
0.385 -1.93853
0.386 -1.8578
0.387 -1.87025
0.388 -1.818
0.389 -2.43119
0.39 -1.92039
0.391 -2.08549
0.392 -1.92012
0.393 -2.07317
0.394 -2.16887
0.395 -1.94134
0.396 -2.01199
0.397 -2.29631
0.398 -1.8799
0.399 -1.86896
0.4 -2.12234
0.401 -1.99125
0.402 -2.24016
0.403 -2.0118
0.404 -1.86394
0.405 -2.10653
0.406 -2.19486
0.407 -2.30265
0.408 -1.84925
0.409 -1.91876
0.41 -1.98297
0.411 -2.10178
0.412 -2.0027
0.413 -1.99096
0.414 -2.08745
0.415 -2.19333
0.416 -2.06036
0.417 -2.51405
0.418 -1.80685
0.419 -1.97194
0.42 -2.03313
0.421 -2.24504
0.422 -2.27317
0.423 -1.87669
0.424 -2.05779
0.425 -2.20934
0.426 -2.03852
0.427 -2.02235
0.428 -1.98923
0.429 -2.11689
0.43 -2.25381
0.431 -2.01193
0.432 -2.185
0.433 -2.03999
0.434 -2.22197
0.435 -2.26346
0.436 -2.38043
0.437 -2.00142
0.438 -2.08262
0.439 -2.0644
0.44 -1.99782
0.441 -1.97009
0.442 -1.8033
0.443 -2.23349
0.444 -2.06827
0.445 -1.99693
0.446 -2.37001
0.447 -2.2091
0.448 -2.23378
0.449 -2.13586
0.45 -2.07487
0.451 -2.09626
0.452 -2.05046
0.453 -2.28798
0.454 -2.33497
0.455 -2.03109
0.456 -2.12828
0.457 -2.16454
0.458 -1.92641
0.459 -2.11248
0.46 -2.107
0.461 -1.97883
0.462 -2.38078
0.463 -2.22266
0.464 -2.0843
0.465 -2.0671
0.466 -1.97157
0.467 -2.08647
0.468 -2.08985
0.469 -2.10651
0.47 -2.24515
0.471 -2.19388
0.472 -2.18168
0.473 -2.40151
0.474 -2.31633
0.475 -2.11488
0.476 -2.26899
0.477 -2.07471
0.478 -2.06361
0.479 -2.01804
0.48 -2.30368
0.481 -2.25086
0.482 -2.2864
0.483 -2.07399
0.484 -2.13271
0.485 -2.51835
0.486 -2.18854
0.487 -2.55798
0.488 -2.13577
0.489 -2.27459
0.49 -2.09817
0.491 -2.35331
0.492 -2.10024
0.493 -2.27905
0.494 -2.45756
0.495 -2.0803
0.496 -2.07966
0.497 -2.37684
0.498 -2.43745
0.499 -2.18819
0.5 -2.38697
0.501 -2.29176
0.502 -2.07898
0.503 -2.38715
0.504 -2.32221
0.505 -2.32727
0.506 -2.15599
0.507 -2.70601
0.508 -2.11751
0.509 -2.2575
0.51 -2.38778
0.511 -2.17656
0.512 -2.14241
0.513 -2.04118
0.514 -2.12236
0.515 -2.24966
0.516 -2.13578
0.517 -2.29063
0.518 -2.57764
0.519 -1.97889
0.52 -2.34795
0.521 -2.36547
0.522 -2.43536
0.523 -2.74338
0.524 -1.92193
0.525 -2.84773
0.526 -2.26523
0.527 -2.27762
0.528 -2.71417
0.529 -2.32119
0.53 -2.27614
0.531 -2.38253
0.532 -2.09189
0.533 -2.12421
0.534 -1.86314
0.535 -2.12405
0.536 -2.13968
0.537 -2.59317
0.538 -2.54596
0.539 -2.23931
0.54 -2.24588
0.541 -2.58944
0.542 -2.40544
0.543 -2.43302
0.544 -2.10427
0.545 -2.09768
0.546 -2.17661
0.547 -2.21724
0.548 -2.13569
0.549 -2.17907
0.55 -2.45673
0.551 -2.13691
0.552 -2.13181
0.553 -2.23001
0.554 -2.20089
0.555 -2.72871
0.556 -2.3208
0.557 -2.14522
0.558 -2.09148
0.559 -2.16742
0.56 -2.05134
0.561 -2.38042
0.562 -2.44213
0.563 -2.12005
0.564 -2.97061
0.565 -2.29029
0.566 -1.91802
0.567 -2.25724
0.568 -2.31029
0.569 -2.31075
0.57 -2.35851
0.571 -2.35151
0.572 -2.0449
0.573 -2.30417
0.574 -2.52826
0.575 -2.28948
0.576 -2.21262
0.577 -2.20757
0.578 -2.50427
0.579 -2.78427
0.58 -2.71864
0.581 -2.51022
0.582 -2.2754
0.583 -2.50763
0.584 -2.12312
0.585 -2.16532
0.586 -2.20213
0.587 -2.90586
0.588 -2.17286
0.589 -2.08407
0.59 -2.37526
0.591 -2.46043
0.592 -2.48072
0.593 -2.59969
0.594 -2.43818
0.595 -2.48036
0.596 -2.44727
0.597 -2.12856
0.598 -2.37863
0.599 -2.15884
0.6 -2.42843
0.601 -2.38826
0.602 -2.45474
0.603 -2.17529
0.604 -2.08032
0.605 -2.0791
0.606 -2.15116
0.607 -2.62364
0.608 -2.24213
0.609 -2.47771
0.61 -2.23731
0.611 -2.18317
0.612 -2.46488
0.613 -2.09591
0.614 -2.30637
0.615 -2.80639
0.616 -2.37516
0.617 -2.3961
0.618 -2.40496
0.619 -2.65396
0.62 -2.66573
0.621 -2.32825
0.622 -2.13721
0.623 -2.26098
0.624 -2.27185
0.625 -2.28318
0.626 -2.28252
0.627 -2.68736
0.628 -2.11383
0.629 -2.35371
0.63 -2.36914
0.631 -2.17113
0.632 -2.13279
0.633 -2.58071
0.634 -2.44428
0.635 -2.26034
0.636 -2.4762
0.637 -2.52676
0.638 -2.38059
0.639 -2.54059
0.64 -2.43311
0.641 -2.44347
0.642 -2.42359
0.643 -2.29157
0.644 -2.32867
0.645 -2.36373
0.646 -2.26173
0.647 -2.46765
0.648 -2.20929
0.649 -2.28513
0.65 -2.19955
0.651 -2.34804
0.652 -2.29981
0.653 -2.49075
0.654 -2.2192
0.655 -2.38744
0.656 -2.3259
0.657 -2.96887
0.658 -2.23009
0.659 -2.58985
0.66 -2.49185
0.661 -2.67602
0.662 -2.58822
0.663 -2.3491
0.664 -2.37996
0.665 -2.35936
0.666 -2.67296
0.667 -2.54481
0.668 -2.24421
0.669 -2.25551
0.67 -2.17935
0.671 -2.32336
0.672 -2.23426
0.673 -2.26298
0.674 -2.63962
0.675 -2.73968
0.676 -2.29254
0.677 -2.31925
0.678 -2.60532
0.679 -2.41874
0.68 -2.41645
0.681 -2.55975
0.682 -2.43508
0.683 -2.53793
0.684 -2.80393
0.685 -2.34384
0.686 -2.13065
0.687 -2.14778
0.688 -2.33516
0.689 -2.21823
0.69 -2.49498
0.691 -2.22375
0.692 -2.5547
0.693 -2.23052
0.694 -2.70304
0.695 -2.78231
0.696 -2.45522
0.697 -2.28411
0.698 -2.19838
0.699 -2.64792
0.7 -2.24885
0.701 -2.43745
0.702 -2.27781
0.703 -2.72938
0.704 -2.18524
0.705 -2.45148
0.706 -2.24806
0.707 -2.43818
0.708 -2.14852
0.709 -2.73084
0.71 -2.22302
0.711 -2.49864
0.712 -2.13667
0.713 -2.13555
0.714 -2.45616
0.715 -2.49355
0.716 -2.3119
0.717 -2.69438
0.718 -2.53061
0.719 -2.39113
0.72 -2.27544
0.721 -2.69218
0.722 -2.356
0.723 -2.47716
0.724 -2.80447
0.725 -2.42448
0.726 -2.2013
0.727 -2.47891
0.728 -2.64772
0.729 -2.36177
0.73 -2.59297
0.731 -3.21273
0.732 -2.90938
0.733 -2.96024
0.734 -2.952
0.735 -2.41738
0.736 -2.57768
0.737 -2.24943
0.738 -3.28825
0.739 -2.51724
0.74 -2.47883
0.741 -2.48208
0.742 -2.48093
0.743 -2.55673
0.744 -2.57365
0.745 -3.08657
0.746 -2.51368
0.747 -2.42666
0.748 -2.33298
0.749 -2.70461
0.75 -2.49057
0.751 -2.69605
0.752 -2.45225
0.753 -2.6375
0.754 -2.16219
0.755 -2.42804
0.756 -2.22014
0.757 -2.51154
0.758 -2.58782
0.759 -2.05901
0.76 -2.28597
0.761 -2.51848
0.762 -2.267
0.763 -2.52606
0.764 -2.48922
0.765 -2.78887
0.766 -2.36193
0.767 -2.58517
0.768 -2.54682
0.769 -2.59236
0.77 -2.4456
0.771 -2.70361
0.772 -2.25912
0.773 -2.47798
0.774 -2.47002
0.775 -2.9127
0.776 -2.57359
0.777 -2.32981
0.778 -2.47856
0.779 -2.66477
0.78 -2.62717
0.781 -2.42322
0.782 -2.69846
0.783 -2.55707
0.784 -2.58644
0.785 -2.82809
0.786 -2.9072
0.787 -2.40089
0.788 -3.00852
0.789 -2.72779
0.79 -2.42128
0.791 -2.58651
0.792 -2.63447
0.793 -2.33068
0.794 -2.36621
0.795 -2.72776
0.796 -2.41105
0.797 -2.3908
0.798 -2.70949
0.799 -2.65364
0.8 -2.57058
0.801 -2.59743
0.802 -2.61615
0.803 -2.69125
0.804 -2.27088
0.805 -2.34308
0.806 -2.39189
0.807 -2.3229
0.808 -2.2661
0.809 -2.29375
0.81 -2.68234
0.811 -3.39579
0.812 -2.26914
0.813 -2.35097
0.814 -2.60299
0.815 -3.07176
0.816 -2.28338
0.817 -2.55447
0.818 -2.54368
0.819 -2.56683
0.82 -3.24249
0.821 -2.53163
0.822 -2.54314
0.823 -2.27699
0.824 -2.13294
0.825 -2.58115
0.826 -2.48798
0.827 -2.2195
0.828 -2.33817
0.829 -2.32899
0.83 -2.7853
0.831 -2.93225
0.832 -2.34868
0.833 -2.75065
0.834 -2.4955
0.835 -2.6878
0.836 -2.76847
0.837 -3.0356
0.838 -2.40148
0.839 -2.44822
0.84 -2.48135
0.841 -2.95811
0.842 -2.84793
0.843 -2.8474
0.844 -2.7604
0.845 -2.50024
0.846 -2.60736
0.848 -2.50318
0.849 -2.98375
0.85 -2.538
0.851 -2.76399
0.852 -2.56705
0.853 -2.5043
0.854 -3.2206
0.855 -2.44711
0.856 -2.46241
0.857 -2.5755
0.858 -2.98538
0.859 -2.50655
0.86 -2.35501
0.861 -2.31771
0.862 -2.77863
0.863 -2.69043
0.864 -2.53617
0.865 -2.73417
0.866 -2.5223
0.867 -2.82295
0.868 -2.35531
0.869 -3.06511
0.87 -2.17585
0.871 -2.44357
0.872 -2.90509
0.873 -2.66049
0.874 -2.37107
0.875 -3.07323
0.876 -2.31326
0.877 -2.45679
0.878 -2.68775
0.879 -2.95007
0.88 -2.49604
0.881 -2.66541
0.882 -2.65658
0.884 -2.68132
0.885 -2.64051
0.886 -2.62543
0.887 -2.60809
0.888 -2.65076
0.889 -2.69198
0.89 -2.36574
0.891 -2.57415
0.892 -2.66992
0.893 -2.66641
0.894 -2.57796
0.895 -2.72149
0.896 -2.52108
0.897 -2.56316
0.898 -2.7723
0.899 -2.65777
0.9 -2.81006
0.901 -2.65832
0.902 -2.77981
0.903 -2.54682
0.904 -2.98253
0.905 -2.41213
0.906 -2.61903
0.907 -2.27771
0.908 -2.53659
0.909 -3.25911
0.91 -2.59781
0.911 -2.73124
0.912 -2.60594
0.913 -2.91809
0.914 -2.5141
0.915 -2.62026
0.916 -2.63887
0.917 -2.77557
0.918 -2.64176
0.919 -2.52027
0.92 -2.66051
0.921 -2.85357
0.922 -2.54984
0.923 -3.08163
0.924 -2.58112
0.925 -2.37877
0.926 -2.80408
0.927 -2.96177
0.928 -2.26926
0.929 -2.45586
0.93 -2.3452
0.931 -2.59412
0.932 -2.6037
0.933 -2.68126
0.934 -2.58848
0.935 -2.66724
0.936 -2.93458
0.937 -2.35688
0.938 -2.689
0.94 -2.55638
0.941 -2.96536
0.942 -3.34429
0.943 -2.49794
0.944 -2.66002
0.945 -2.74775
0.946 -2.69371
0.947 -2.3581
0.948 -2.40715
0.949 -3.33288
0.95 -2.60266
0.951 -3.39523
0.952 -3.01268
0.953 -2.4886
0.954 -3.26134
0.955 -2.41495
0.956 -2.33952
0.959 -2.9137
0.96 -2.27709
0.961 -2.77727
0.962 -2.8651
0.963 -2.93357
0.964 -3.02448
0.965 -2.57975
0.966 -2.52966
0.967 -2.53903
0.968 -3.0122
0.969 -2.37643
0.97 -2.98924
0.971 -2.54288
0.972 -2.59883
0.973 -3.3662
0.974 -3.3424
0.975 -2.76254
0.976 -2.8091
0.977 -2.45169
0.978 -3.26596
0.979 -2.50181
0.98 -3.33081
0.981 -2.59764
0.982 -3.25523
0.983 -2.65797
0.984 -2.66167
0.985 -2.91946
0.986 -2.702
0.987 -2.60222
0.988 -2.40435
0.989 -2.79904
0.99 -2.50202
0.991 -2.95915
0.992 -2.96697
0.993 -3.21676
0.994 -2.97959
0.996 -2.54103
0.997 -2.87453
0.998 -2.57088
0.999 -2.64107
1 -2.41314
1.001 -2.74364
1.002 -2.48
1.003 -2.37352
1.004 -3.25515
1.005 -2.71856
1.006 -2.81507
1.007 -2.62725
1.008 -2.92647
1.01 -2.9517
1.011 -2.93089
1.012 -2.48106
1.013 -2.6375
1.014 -2.64506
1.015 -3.00053
1.016 -2.86206
1.017 -2.85695
1.018 -2.80818
1.019 -3.21282
1.02 -2.68744
1.021 -2.55759
1.022 -2.84166
1.024 -3.22011
1.025 -2.83756
1.026 -2.61069
1.027 -2.94126
1.028 -2.61312
1.029 -2.29428
1.03 -3.35913
1.031 -3.00427
1.032 -3.20642
1.033 -2.80291
1.034 -2.90613
1.035 -3.37607
1.036 -2.77739
1.037 -2.43502
1.038 -2.44471
1.039 -2.99643
1.04 -2.97898
1.041 -2.93201
1.042 -2.49946
1.043 -2.52306
1.044 -3.00372
1.045 -2.55371
1.046 -3.28355
1.047 -2.48015
1.048 -3.28355
1.049 -3.24259
1.05 -2.76216
1.051 -3.20686
1.052 -2.7054
1.053 -2.6301
1.054 -2.67721
1.055 -2.78759
1.056 -2.84006
1.057 -2.61566
1.058 -2.77728
1.059 -3.06951
1.06 -3.07221
1.061 -2.9051
1.062 -2.63264
1.063 -2.97911
1.064 -2.81103
1.065 -2.76893
1.068 -2.79651
1.069 -2.83521
1.07 -2.80116
1.071 -2.72321
1.072 -3.21732
1.073 -2.77671
1.074 -2.75506
1.075 -2.91634
1.076 -2.34234
1.077 -2.86833
1.078 -2.56803
1.079 -2.82673
1.08 -2.75694
1.081 -2.84072
1.082 -3.25407
1.084 -3.21047
1.085 -2.8027
1.086 -2.62085
1.087 -2.77766
1.088 -2.54682
1.09 -2.58916
1.091 -2.652
1.092 -2.21258
1.093 -2.59889
1.094 -3.00353
1.097 -2.57866
1.098 -2.82984
1.099 -2.67614
1.101 -3.31756
1.102 -2.63166
1.103 -2.65863
1.104 -3.07867
1.105 -2.7904
1.106 -2.5762
1.107 -2.96579
1.108 -3.25814
1.11 -3.21704
1.111 -2.77776
1.112 -2.48152
1.113 -2.9145
1.114 -2.84057
1.115 -2.88249
1.116 -2.78763
1.117 -2.49995
1.118 -2.46002
1.119 -2.62154
1.12 -2.97658
1.121 -2.48108
1.122 -2.86583
1.123 -3.20911
1.124 -3.0643
1.126 -3.38668
1.127 -3.26475
1.128 -3.21709
1.129 -2.60568
1.13 -2.49245
1.131 -3.20202
1.132 -2.75024
1.133 -3.3802
1.134 -2.30664
1.135 -2.64099
1.136 -2.78986
1.138 -2.53942
1.139 -2.66162
1.14 -2.57308
1.141 -2.67783
1.143 -2.58871
1.145 -2.66522
1.146 -3.0617
1.147 -2.94064
1.148 -3.01367
1.149 -2.68616
1.15 -2.95437
1.151 -2.85329
1.152 -2.78967
1.153 -2.75541
1.155 -2.70298
1.156 -2.92373
1.157 -3.0336
1.158 -2.83314
1.159 -2.71931
1.16 -3.36985
1.161 -2.72069
1.162 -2.46823
1.163 -3.01441
1.164 -2.98547
1.165 -2.56031
1.166 -2.85445
1.167 -2.53341
1.168 -3.08511
1.169 -2.78794
1.17 -2.91935
1.171 -3.38396
1.172 -2.81006
1.173 -3.0123
1.174 -2.56582
1.176 -2.42168
1.177 -2.81583
1.178 -2.25215
1.179 -3.00026
1.18 -2.63903
1.181 -3.37707
1.182 -2.31797
1.183 -3.08355
1.184 -2.7178
1.186 -2.82534
1.188 -2.68882
1.19 -3.37506
1.191 -2.29107
1.192 -2.74268
1.193 -3.36247
1.194 -2.64564
1.195 -3.1984
1.196 -2.95045
1.197 -2.69288
1.198 -2.73012
1.199 -2.97342
1.2 -2.75034
1.202 -2.83625
1.203 -2.66288
1.204 -2.57002
1.205 -3.24298
1.206 -2.72077
1.207 -2.43883
1.208 -2.98973
1.209 -2.91851
1.211 -3.05731
1.212 -2.67162
1.213 -2.92701
1.214 -2.60677
1.215 -2.5354
1.216 -2.7991
1.217 -3.01818
1.219 -2.84315
1.22 -2.97206
1.221 -2.95432
1.222 -3.22395
1.225 -3.24353
1.227 -3.26966
1.229 -3.37254
1.231 -3.23122
1.232 -2.65559
1.233 -2.57394
1.235 -2.94378
1.236 -3.02377
1.237 -2.76814
1.238 -3.3728
1.239 -2.5335
1.24 -2.79466
1.241 -2.45134
1.242 -2.68931
1.243 -2.81207
1.244 -2.9159
1.245 -3.08579
1.246 -2.94216
1.247 -2.8356
1.248 -2.54585
1.249 -2.78974
1.252 -3.25176
1.253 -2.56891
1.254 -3.36396
1.255 -2.82336
1.257 -2.93129
1.259 -2.55058
1.26 -2.93691
1.261 -2.90473
1.262 -2.972
1.263 -2.58021
1.265 -2.90885
1.266 -2.64753
1.267 -2.99173
1.268 -3.20478
1.269 -2.83605
1.271 -3.22978
1.272 -2.97028
1.273 -3.26364
1.274 -3.38766
1.275 -2.65664
1.276 -2.96371
1.277 -2.42774
1.278 -3.28478
1.279 -3.25297
1.28 -2.9807
1.281 -3.36727
1.282 -2.37213
1.283 -2.61967
1.285 -2.83721
1.287 -2.82959
1.288 -2.57042
1.29 -2.82324
1.291 -3.08562
1.292 -2.71842
1.293 -2.92219
1.295 -3.0097
1.296 -3.27041
1.297 -2.63021
1.298 -2.79521
1.299 -2.82713
1.3 -2.6336
1.301 -2.71554
1.303 -2.99375
1.304 -2.94561
1.305 -2.76079
1.307 -3.2536
1.308 -2.90408
1.309 -3.07013
1.311 -2.83978
1.312 -2.69917
1.313 -3.27374
1.314 -3.21721
1.315 -2.99429
1.316 -3.06991
1.317 -2.77343
1.318 -2.7236
1.319 -2.62757
1.32 -2.7343
1.321 -2.96302
1.322 -2.61512
1.323 -3.21813
1.324 -3.20982
1.325 -2.66284
1.326 -2.72172
1.327 -3.09585
1.328 -2.42716
1.329 -3.2536
1.33 -3.22768
1.331 -2.67739
1.333 -2.73739
1.334 -3.3769
1.336 -2.36949
1.337 -3.39079
1.338 -2.86204
1.339 -2.37447
1.34 -2.87493
1.341 -2.63778
1.342 -2.4403
1.343 -3.23663
1.348 -3.37695
1.35 -2.49861
1.351 -2.90657
1.353 -3.24618
1.354 -2.45339
1.355 -2.93075
1.356 -2.86218
1.357 -2.95273
1.358 -2.55106
1.36 -3.39075
1.361 -3.25184
1.362 -2.74804
1.363 -3.23022
1.364 -2.63144
1.365 -2.80116
1.366 -3.00658
1.367 -3.36566
1.368 -2.96969
1.369 -3.04665
1.37 -2.73991
1.371 -3.01246
1.372 -3.31456
1.373 -2.44767
1.374 -2.96669
1.375 -2.86338
1.376 -2.9286
1.377 -2.91439
1.378 -2.65201
1.379 -2.65446
1.38 -3.37137
1.381 -2.63433
1.382 -3.03239
1.383 -3.37695
1.384 -2.53059
1.385 -2.75387
1.386 -2.65285
1.387 -2.8183
1.388 -2.80995
1.39 -2.76651
1.391 -2.89131
1.392 -3.20612
1.393 -3.25514
1.395 -2.98767
1.396 -3.31311
1.398 -2.9906
1.399 -3.21926
1.4 -3.24974
1.401 -3.3753
1.402 -3.24974
1.403 -3.3753
1.404 -3.39117
1.406 -2.81593
1.407 -2.83948
1.408 -2.95327
1.409 -3.31548
1.41 -3.21408
1.411 -2.95146
1.412 -2.93199
1.414 -3.39792
1.415 -3.21381
1.416 -2.72364
1.418 -2.66867
1.419 -2.95673
1.42 -2.98363
1.421 -3.23994
1.422 -2.48088
1.423 -2.81703
1.425 -3.30294
1.426 -2.67445
1.427 -2.86416
1.429 -3.36513
1.43 -2.81514
1.431 -3.37655
1.432 -2.43936
1.433 -2.64555
1.434 -2.97097
1.436 -3.06212
1.438 -2.54784
1.442 -2.61595
1.443 -3.08493
1.445 -2.65041
1.446 -2.94879
1.447 -3.03888
1.448 -2.54654
1.45 -3.22612
1.451 -2.99118
1.453 -2.85401
1.454 -3.37289
1.455 -2.9872
1.457 -3.28162
1.458 -2.73674
1.459 -3.20343
1.46 -3.32184
1.461 -2.9077
1.462 -2.69505
1.463 -2.5731
1.464 -2.62096
1.465 -2.95544
1.466 -3.30499
1.467 -2.98038
1.468 -3.20477
1.469 -2.42885
1.47 -2.96513
1.471 -3.39792
1.476 -3.32184
1.478 -2.58839
1.479 -3.25539
1.481 -2.95536
1.483 -3.37146
1.485 -2.99
1.486 -2.8187
1.487 -3.30499
1.488 -3.20879
1.489 -3.22516
1.49 -2.67326
1.491 -2.69686
1.494 -3.08034
1.495 -3.01584
1.496 -3.32879
1.497 -2.53481
1.499 -2.64525
1.5 -3.04931
1.501 -2.98827
1.502 -2.74474
1.503 -2.76076
1.504 -2.98787
1.505 -3.37991
1.506 -3.19967
1.508 -3.31026
1.509 -3.36238
1.51 -2.799
1.511 -2.53664
1.512 -2.96107
1.514 -3.07829
1.515 -3.27082
1.516 -3.3597
1.517 -2.72207
1.519 -3.08799
1.522 -2.83894
1.524 -2.9062
1.525 -2.95144
1.526 -3.2761
1.529 -3.21347
1.53 -2.96975
1.531 -3.22729
1.532 -2.44563
1.533 -2.62819
1.534 -2.81216
1.535 -2.56014
1.537 -2.82844
1.538 -2.55309
1.539 -3.06614
1.541 -2.78945
1.542 -2.6266
1.544 -2.715
1.545 -2.64212
1.546 -2.98502
1.548 -3.198
1.549 -2.81255
1.55 -3.24783
1.552 -3.08117
1.553 -2.82242
1.554 -2.6122
1.555 -3.39587
1.557 -2.63826
1.56 -2.96331
1.562 -3.36618
1.563 -2.80912
1.566 -2.94604
1.569 -2.93919
1.57 -2.93473
1.571 -3.27682
1.573 -3.39117
1.575 -3.37107
1.577 -2.80896
1.578 -3.00569
1.579 -2.78793
1.58 -2.55489
1.582 -2.77491
1.583 -2.56962
1.584 -3.01395
1.587 -2.93092
1.588 -2.96191
1.59 -3.01747
1.591 -3.26022
1.592 -2.49522
1.593 -2.55014
1.595 -2.90961
1.596 -3.25212
1.597 -2.61576
1.599 -2.97112
1.6 -2.5656
1.601 -3.06377
1.602 -3.02577
1.603 -3.08566
1.604 -2.79399
1.605 -3.08363
1.606 -3.38832
1.607 -3.08288
1.608 -3.37437
1.609 -3.28953
1.61 -2.86296
1.611 -2.56503
1.612 -2.77596
1.613 -2.78224
1.614 -2.52316
1.617 -3.01807
1.618 -3.37885
1.621 -2.59688
1.622 -2.95851
1.623 -2.78338
1.624 -3.25619
1.625 -2.98653
1.627 -3.23043
1.628 -2.7842
1.629 -3.20958
1.631 -2.75144
1.632 -2.76891
1.633 -3.39196
1.634 -3.24326
1.635 -3.20717
1.636 -3.05486
1.637 -3.02004
1.638 -2.75787
1.639 -2.9961
1.64 -3.36352
1.641 -3.02908
1.642 -3.25383
1.643 -2.63249
1.644 -2.90079
1.645 -2.46956
1.646 -3.36691
1.647 -2.96568
1.648 -3.0116
1.65 -3.21382
1.651 -3.21996
1.652 -2.98001
1.654 -2.86697
1.655 -3.21422
1.656 -2.70234
1.657 -2.838
1.658 -3.37354
1.659 -3.22146
1.662 -2.92772
1.663 -2.70701
1.664 -2.78765
1.665 -2.93435
1.666 -2.97677
1.667 -2.78027
1.668 -3.21382
1.669 -3.06849
1.67 -3.19854
1.671 -2.73545
1.672 -3.37069
1.675 -2.63117
1.676 -2.95626
1.677 -2.95923
1.684 -3.35987
1.685 -2.63997
1.686 -3.23301
1.687 -2.79735
1.688 -3.36612
1.689 -3.02797
1.692 -2.99327
1.693 -3.38109
1.695 -2.72831
1.696 -3.27942
1.697 -3.20521
1.699 -2.93475
1.702 -3.2516
1.705 -3.20291
1.707 -3.25654
1.708 -3.22514
1.709 -2.76442
1.711 -3.19697
1.712 -2.75351
1.714 -3.26077
1.715 -3.03439
1.716 -2.89368
1.717 -3.06918
1.718 -3.3028
1.719 -2.72354
1.72 -2.98107
1.721 -3.01921
1.723 -2.94497
1.724 -2.95053
1.725 -3.25967
1.727 -2.8229
1.728 -2.92266
1.729 -2.78544
1.73 -3.24766
1.731 -3.38095
1.732 -2.78212
1.733 -3.28277
1.734 -3.24975
1.735 -2.63504
1.736 -2.89337
1.737 -3.06799
1.74 -3.29497
1.741 -2.81099
1.744 -2.82264
1.745 -3.3028
1.746 -2.94667
1.747 -3.34779
1.748 -3.03235
1.749 -3.20037
1.752 -2.91053
1.753 -2.70953
1.754 -3.30656
1.757 -2.94301
1.758 -2.94223
1.759 -3.21041
1.76 -3.01157
1.765 -2.75249
1.766 -3.08584
1.768 -3.24298
1.769 -3.06929
1.77 -3.07122
1.772 -2.97586
1.773 -3.36649
1.774 -2.9837
1.777 -2.94458
1.779 -3.20542
1.78 -3.39242
1.781 -3.24484
1.782 -2.95287
1.783 -3.22635
1.785 -2.8864
1.787 -3.06195
1.788 -2.70086
1.789 -3.00963
1.79 -2.82583
1.791 -2.9704
1.792 -3.0106
1.793 -3.3971
1.794 -2.73304
1.797 -3.0221
1.798 -3.26168
1.799 -3.26271
1.801 -2.90978
1.802 -2.7084
1.804 -2.9388
1.806 -3.2443
1.808 -2.7425
1.809 -2.79222
1.812 -2.98105
1.813 -2.78711
1.814 -3.20215
1.816 -3.20917
1.817 -2.98774
1.818 -2.66972
1.819 -3.24722
1.82 -3.29591
1.822 -2.78395
1.823 -3.21656
1.825 -3.26168
1.826 -2.78382
1.827 -3.26556
1.828 -2.83861
1.829 -3.00142
1.831 -2.9059
1.833 -3.07072
1.834 -3.37005
1.835 -3.26071
1.837 -3.33705
1.838 -2.78078
1.839 -3.08349
1.841 -2.55376
1.842 -3.22753
1.843 -2.92286
1.844 -3.30656
1.845 -3.25898
1.846 -2.64733
1.847 -2.95754
1.848 -3.01526
1.849 -2.66555
1.851 -3.20893
1.853 -3.37981
1.856 -3.25654
1.857 -3.26402
1.858 -2.93746
1.859 -3.26374
1.86 -3.27925
1.861 -2.80799
1.862 -3.00332
1.863 -3.29591
1.864 -3.2709
1.865 -3.38112
1.866 -3.21066
1.867 -3.23427
1.869 -3.37424
1.871 -2.99765
1.873 -2.66407
1.874 -2.77102
1.875 -3.21872
1.876 -3.24519
1.878 -3.37424
1.879 -2.92176
1.88 -2.95689
1.882 -3.33193
1.883 -2.94555
1.884 -2.72028
1.885 -3.35342
1.886 -3.06728
1.89 -2.8357
1.891 -2.96826
1.893 -2.80272
1.897 -3.05758
1.898 -2.65847
1.899 -3.01028
1.9 -3.22329
1.901 -3.38799
1.902 -2.46254
1.907 -3.30285
1.913 -3.03533
1.914 -3.08605
1.915 -2.59895
1.916 -3.38799
1.917 -3.07774
1.918 -2.82262
1.919 -3.24089
1.921 -2.88032
1.922 -2.67882
1.923 -2.76154
1.924 -3.24525
1.925 -3.05714
1.93 -2.86283
1.931 -2.74744
1.932 -3.07357
1.934 -3.0197
1.935 -2.91679
1.936 -2.95326
1.937 -2.95257
1.938 -2.92341
1.94 -3.38265
1.941 -3.07643
1.942 -2.81609
1.943 -3.0804
1.944 -3.25601
1.945 -3.39455
1.946 -2.99597
1.947 -2.89255
1.948 -3.21088
1.949 -2.83151
1.95 -2.99075
1.952 -2.98611
1.953 -2.46649
1.954 -2.90538
1.956 -3.37715
1.957 -3.21119
1.958 -3.25504
1.96 -3.28703
1.962 -2.5942
1.965 -3.39139
1.967 -2.74596
1.968 -2.78193
1.969 -3.37545
1.97 -2.8247
1.973 -3.01376
1.974 -2.91268
1.976 -2.78971
1.982 -2.98957
1.983 -3.01509
1.984 -2.84744
1.985 -3.24943
1.986 -2.81982
1.987 -3.25504
1.99 -3.20172
1.991 -3.20598
1.994 -2.31092
1.996 -3.0036
1.997 -3.09451
1.999 -3.23106
2 -2.98733
2.001 -2.6671
2.003 -2.77799
2.004 -3.37357
2.006 -3.34728
2.007 -3.26156
2.009 -2.95361
2.01 -3.20811
2.011 -3.07102
2.012 -3.23864
2.013 -2.85008
2.015 -2.82513
2.016 -3.37974
2.019 -2.93963
2.02 -2.98065
2.021 -3.26733
2.024 -3.26045
2.025 -3.08964
2.028 -3.23598
2.033 -3.22085
2.034 -2.7784
2.04 -3.23869
2.042 -3.20818
2.045 -3.25678
2.046 -3.24812
2.048 -2.99658
2.05 -2.98155
2.051 -3.38402
2.052 -2.93338
2.053 -2.95474
2.055 -2.98895
2.058 -3.2184
2.059 -2.86514
2.063 -3.35032
2.066 -2.7935
2.068 -3.25866
2.07 -2.98151
2.071 -3.39312
2.073 -3.39769
2.074 -3.37608
2.075 -3.21721
2.077 -2.8493
2.08 -3.25678
2.082 -3.38139
2.084 -3.2669
2.085 -2.59694
2.086 -3.2737
2.087 -2.80938
2.088 -3.08045
2.089 -3.21873
2.09 -3.20594
2.091 -3.38139
2.092 -3.259
2.093 -3.23732
2.094 -3.22599
2.096 -2.90754
2.099 -3.24196
2.1 -2.9693
2.102 -3.07265
2.103 -3.07396
2.105 -2.96388
2.107 -2.73789
2.113 -3.22011
2.114 -3.00174
2.118 -2.84292
2.119 -3.08651
2.12 -3.23208
2.121 -3.22904
2.131 -2.76041
2.132 -3.37535
2.139 -3.37535
2.14 -3.07069
2.141 -2.95287
2.142 -3.27869
2.143 -2.73297
2.145 -3.09247
2.146 -3.20331
2.147 -3.20143
2.148 -2.7956
2.15 -3.09038
2.151 -3.32997
2.152 -2.99756
2.153 -2.86005
2.154 -2.93787
2.157 -3.03391
2.158 -3.07762
2.159 -2.90686
2.16 -3.38391
2.161 -2.91091
2.164 -2.53728
2.166 -3.26577
2.167 -2.92878
2.171 -3.25447
2.172 -3.25412
2.173 -2.53929
2.174 -3.37574
2.175 -2.90073
2.176 -2.94346
2.177 -2.62338
2.179 -2.81384
2.18 -3.08215
2.181 -3.37785
2.183 -2.95488
2.186 -3.2226
2.187 -2.94769
2.189 -3.22042
2.191 -3.08704
2.192 -2.92611
2.194 -2.94978
2.195 -2.78343
2.196 -3.22542
2.198 -3.25412
2.2 -3.3808
2.201 -2.43772
2.202 -3.24584
2.203 -3.22042
2.204 -2.87034
2.209 -2.92615
2.211 -3.39052
2.213 -3.33076
2.214 -2.90405
2.222 -3.30584
2.223 -2.87956
2.229 -3.01194
2.234 -3.26386
2.236 -3.32005
2.237 -2.61558
2.241 -2.53924
2.244 -2.64919
2.245 -2.94371
2.246 -2.85354
2.248 -3.20062
2.253 -3.20062
2.254 -3.37725
2.255 -3.08832
2.257 -3.32997
2.258 -3.37229
2.259 -2.89578
2.262 -3.39079
2.263 -2.94666
2.264 -3.38791
2.267 -3.07511
2.269 -2.91908
2.272 -2.74835
2.273 -2.78166
2.275 -3.37911
2.276 -3.26255
2.277 -2.94921
2.278 -2.77957
2.282 -3.09557
2.284 -3.37259
2.285 -3.37259
2.287 -3.07622
2.288 -3.38535
2.289 -3.37384
2.29 -2.94926
2.291 -2.69131
2.295 -3.25212
2.297 -3.07094
2.299 -3.25623
2.301 -3.20497
2.303 -2.91133
2.304 -2.90444
2.305 -2.80639
2.306 -3.29513
2.307 -3.32896
2.311 -3.37388
2.312 -2.65456
2.313 -2.65346
2.318 -3.25366
2.319 -2.94449
2.32 -3.029
2.322 -3.38234
2.323 -3.38201
2.326 -2.60824
2.327 -3.2241
2.328 -3.36796
2.332 -3.38842
2.333 -2.63832
2.337 -2.77149
2.339 -3.08474
2.34 -2.94241
2.341 -3.0024
2.343 -3.20637
2.344 -3.24827
2.345 -2.9058
2.348 -3.35598
2.35 -2.64706
2.351 -3.35598
2.353 -2.90194
2.354 -3.20637
2.356 -2.93115
2.357 -3.31356
2.358 -2.87072
2.359 -3.07358
2.361 -3.38153
2.364 -3.20574
2.366 -3.38621
2.367 -3.08632
2.368 -3.38621
2.371 -3.07756
2.372 -3.24765
2.374 -2.94654
2.377 -3.26211
2.381 -2.92558
2.382 -2.98572
2.383 -3.21782
2.384 -3.22191
2.385 -2.70841
2.386 -2.76662
2.387 -3.31355
2.389 -3.25212
2.39 -2.81693
2.391 -3.22015
2.392 -2.92101
2.395 -3.02398
2.396 -3.37664
2.398 -2.90289
2.399 -2.93226
2.4 -3.20464
2.401 -3.26899
2.402 -3.32525
2.403 -3.38658
2.411 -3.01393
2.418 -2.94445
2.419 -3.00679
2.42 -3.00679
2.422 -2.92589
2.424 -3.20773
2.425 -2.96706
2.427 -2.9343
2.428 -2.94741
2.429 -3.2306
2.43 -2.60506
2.431 -3.25407
2.433 -2.91528
2.434 -3.25809
2.437 -3.28899
2.438 -3.25682
2.439 -3.29477
2.443 -2.83433
2.444 -2.83412
2.447 -3.31453
2.449 -3.31453
2.451 -3.07651
2.452 -2.9094
2.454 -2.92635
2.455 -3.20143
2.457 -3.21435
2.458 -2.95689
2.459 -3.3779
2.461 -3.20778
2.462 -3.3779
2.464 -3.25641
2.465 -2.62431
2.466 -3.38192
2.467 -3.31355
2.468 -3.34189
2.469 -3.21864
2.47 -3.24033
2.471 -3.22677
2.473 -3.21864
2.476 -3.21021
2.477 -2.95668
2.478 -2.93907
2.48 -2.94824
2.481 -3.01946
2.482 -3.21021
2.484 -3.24825
2.485 -3.00877
2.486 -2.91516
2.489 -3.3971
2.492 -2.62262
2.493 -3.20978
2.495 -3.25515
2.498 -3.08157
2.499 -3.23326
2.5 -3.23096
2.506 -3.29596
2.507 -2.83562
2.509 -3.22677
2.511 -2.78882
2.512 -3.22677
2.515 -2.9394
2.516 -3.07478
2.518 -2.77792
2.52 -3.23552
2.521 -2.95732
2.522 -2.68062
2.526 -3.37895
2.528 -3.20366
2.532 -2.93872
2.534 -2.94877
2.538 -3.25687
2.541 -3.23415
2.543 -3.37757
2.547 -2.95863
2.549 -3.39249
2.55 -3.39249
2.553 -2.81447
2.558 -3.20366
2.56 -3.37971
2.562 -3.19875
2.563 -3.07405
2.565 -3.30388
2.569 -3.34189
2.57 -2.94148
2.575 -2.93321
2.58 -3.08653
2.581 -2.91297
2.582 -3.22753
2.583 -3.27703
2.584 -3.21774
2.585 -2.96237
2.586 -3.22995
2.587 -3.06189
2.589 -3.21934
2.595 -3.23238
2.597 -3.37971
2.599 -3.2709
2.6 -3.38462
2.602 -2.94608
2.609 -3.23079
2.611 -3.03842
2.612 -2.86681
2.614 -2.77067
2.616 -3.02308
2.624 -3.29724
2.625 -3.3805
2.627 -3.27101
2.629 -3.3947
2.63 -2.94748
2.631 -2.9407
2.634 -3.21941
2.635 -2.86659
2.639 -2.92905
2.641 -3.24395
2.643 -2.87035
2.644 -2.93065
2.645 -2.81637
2.646 -3.38864
2.65 -3.37757
2.652 -3.25809
2.653 -3.08035
2.654 -2.95949
2.655 -2.8239
2.66 -3.26022
2.661 -2.92183
2.663 -3.38169
2.666 -3.38169
2.668 -3.37393
2.67 -3.20667
2.672 -2.66052
2.675 -3.09626
2.676 -2.70187
2.677 -3.20667
2.68 -3.20127
2.681 -2.77299
2.682 -3.30089
2.684 -3.19875
2.686 -2.99636
2.69 -3.27703
2.691 -3.22752
2.697 -3.21349
2.7 -2.90098
2.703 -3.38597
2.704 -3.05263
2.705 -3.23031
2.706 -3.39109
2.708 -3.21467
2.709 -3.01498
2.712 -3.38025
2.713 -3.26296
2.714 -3.26296
2.715 -3.38025
2.716 -2.91831
2.717 -3.24677
2.722 -2.96934
2.728 -3.23598
2.73 -2.97199
2.731 -2.78649
2.734 -2.64063
2.735 -2.61537
2.737 -3.02401
2.739 -2.75263
2.744 -3.26689
2.746 -3.33149
2.752 -2.78613
2.753 -3.38377
2.754 -3.29498
2.755 -2.86312
2.756 -3.07083
2.758 -3.01445
2.76 -2.9136
2.762 -3.20973
2.765 -3.26745
2.766 -3.26776
2.767 -3.22752
2.77 -2.79023
2.771 -2.67913
2.772 -3.26689
2.775 -2.71613
2.776 -3.24122
2.778 -3.37608
2.784 -2.59227
2.785 -3.3795
2.786 -3.3795
2.788 -2.7819
2.791 -3.2098
2.797 -3.26776
2.798 -3.04749
2.799 -3.33318
2.804 -2.7621
2.807 -3.082
2.809 -2.93336
2.811 -2.91889
2.812 -2.85359
2.813 -3.39023
2.814 -3.32771
2.815 -2.80476
2.816 -3.37846
2.819 -3.23371
2.821 -3.07803
2.826 -2.76268
2.829 -2.92271
2.83 -3.2883
2.831 -3.20754
2.834 -2.65259
2.835 -3.39692
2.838 -3.23801
2.839 -3.04108
2.842 -3.083
2.845 -2.9905
2.846 -3.0417
2.85 -3.09232
2.853 -2.93876
2.855 -3.39548
2.857 -3.23917
2.858 -3.39548
2.859 -3.20859
2.861 -3.2098
2.866 -2.48171
2.867 -3.2184
2.868 -3.21349
2.873 -2.97285
2.874 -3.38338
2.875 -2.70836
2.878 -3.24412
2.879 -2.93732
2.881 -2.96301
2.883 -3.0864
2.886 -3.01169
2.891 -3.39607
2.893 -2.9722
2.895 -2.94064
2.898 -3.27189
2.9 -3.39023
2.903 -2.59869
2.904 -3.26228
2.906 -2.74487
2.907 -3.32771
2.909 -3.20948
2.913 -3.38654
2.914 -2.84267
2.915 -2.7727
2.92 -2.84346
2.921 -2.35885
2.925 -3.38654
2.926 -2.92721
2.927 -3.38601
2.928 -2.56598
2.93 -2.95267
2.932 -2.97109
2.934 -2.9199
2.935 -3.00512
2.936 -3.2414
2.939 -2.87668
2.94 -3.29288
2.944 -3.32374
2.945 -3.36233
2.948 -3.24813
2.95 -3.27009
2.951 -3.39676
2.952 -3.23016
2.953 -3.217
2.954 -2.94053
2.956 -3.2709
2.957 -3.21605
2.958 -3.29491
2.961 -3.22936
2.963 -2.93057
2.965 -3.00181
2.967 -3.22232
2.969 -3.31993
2.971 -3.02734
2.972 -3.25222
2.979 -3.38339
2.984 -2.9391
2.988 -3.32374
2.991 -2.94357
2.992 -3.38622
2.996 -2.75803
2.997 -3.38622
3.002 -3.39554
3.003 -3.21719
3.004 -3.24227
3.008 -3.21719
3.011 -3.38478
3.013 -3.08401
3.015 -3.09116
3.017 -2.91434
3.018 -2.85351
3.02 -3.21237
3.023 -3.35355
3.025 -3.25698
3.026 -3.21718
3.027 -3.38478
3.028 -3.28023
3.035 -2.74866
3.037 -3.30713
3.038 -3.08488
3.042 -3.24979
3.044 -3.39692
3.045 -2.76071
3.047 -3.00591
3.05 -3.01266
3.052 -2.99301
3.053 -3.00282
3.055 -2.96992
3.058 -3.08277
3.059 -3.22232
3.06 -3.29491
3.062 -2.66069
3.066 -2.9782
3.067 -3.30437
3.068 -3.25581
3.071 -3.24973
3.074 -3.24973
3.08 -3.30437
3.081 -2.99249
3.084 -2.95511
3.088 -3.26745
3.09 -3.01616
3.091 -3.24085
3.092 -3.01635
3.094 -3.34609
3.095 -3.38561
3.096 -3.23889
3.099 -3.38913
3.1 -3.09443
3.103 -2.78762
3.104 -3.02381
3.106 -2.9533
3.107 -2.95038
3.109 -2.94409
3.11 -2.90053
3.115 -3.23682
3.122 -2.64097
3.125 -2.8528
3.126 -3.23323
3.127 -2.47475
3.129 -2.7952
3.131 -3.38939
3.132 -3.38939
3.137 -2.96812
3.139 -2.73872
3.149 -2.94897
3.15 -3.39099
3.152 -3.38494
3.153 -2.93898
3.154 -3.39099
3.155 -3.09049
3.156 -3.39181
3.158 -3.39181
3.159 -3.23666
3.161 -3.23041
3.163 -3.20134
3.166 -2.9192
3.168 -3.25196
3.169 -3.22907
3.17 -3.0191
3.171 -3.38561
3.173 -2.92744
3.175 -2.55257
3.176 -2.90915
3.177 -2.66443
3.178 -2.7324
3.182 -3.24838
3.185 -3.24687
3.188 -3.24181
3.191 -2.92819
3.193 -2.78993
3.194 -2.81181
3.197 -2.81576
3.199 -3.22907
3.2 -2.87845
3.204 -2.91688
3.205 -3.39091
3.21 -2.86904
3.212 -2.65199
3.218 -3.09443
3.219 -3.23552
3.223 -3.38494
3.225 -3.37199
3.226 -3.05525
3.227 -3.08534
3.229 -3.38888
3.233 -3.09536
3.236 -2.95061
3.238 -3.23685
3.24 -3.34131
3.243 -2.63306
3.252 -2.99494
3.256 -3.28122
3.259 -3.32057
3.265 -3.39052
3.269 -3.09461
3.27 -2.90607
3.273 -3.22811
3.274 -3.28122
3.279 -2.71223
3.281 -3.25293
3.283 -2.76708
3.284 -2.95504
3.287 -2.95281
3.288 -3.39269
3.289 -3.03144
3.291 -3.27936
3.293 -2.97486
3.296 -2.97907
3.299 -2.99553
3.313 -3.27304
3.317 -2.92873
3.318 -2.9527
3.319 -3.21347
3.32 -3.22904
3.326 -2.75361
3.329 -3.39632
3.33 -3.39632
3.331 -3.39213
3.34 -2.94479
3.345 -3.256
3.347 -2.97544
3.349 -2.97931
3.35 -3.39373
3.351 -3.23321
3.356 -3.39571
3.36 -2.94553
3.361 -3.36428
3.362 -3.32704
3.364 -2.73532
3.371 -2.81819
3.384 -2.94446
3.385 -3.39213
3.386 -3.39069
3.387 -3.39069
3.388 -3.26804
3.394 -3.35235
3.4 -3.28649
3.401 -2.92995
3.402 -3.21638
3.405 -3.29147
3.406 -3.29403
3.415 -3.3339
3.416 -3.01862
3.417 -3.00539
3.418 -2.95081
3.432 -3.26435
3.434 -3.26207
3.436 -3.21638
3.438 -3.09128
3.439 -3.03342
3.44 -3.30808
3.443 -2.70299
3.446 -3.24949
3.448 -3.39559
3.449 -3.22558
3.452 -3.39559
3.459 -3.35235
3.462 -3.22558
3.463 -2.71598
3.465 -3.09504
3.466 -3.25708
3.479 -2.96443
3.482 -2.90482
3.485 -2.92176
3.49 -2.64004
3.492 -3.2033
3.493 -3.08985
3.497 -2.94916
3.509 -3.24181
3.513 -3.26126
3.516 -3.26804
3.519 -2.91797
3.523 -2.95674
3.527 -2.79244
3.529 -2.91402
3.53 -3.39554
3.532 -2.98105
3.535 -2.5328
3.539 -3.21028
3.543 -3.08219
3.551 -2.94422
3.553 -3.05732
3.554 -3.03503
3.555 -3.29969
3.559 -3.07146
3.56 -2.98526
3.561 -3.36173
3.567 -3.04227
3.568 -3.24661
3.571 -3.24661
3.573 -3.26128
3.587 -2.94851
3.589 -2.96483
3.59 -2.92973
3.591 -2.92159
3.595 -2.85208
3.608 -3.06986
3.613 -3.30546
3.617 -3.28147
3.625 -2.9482
3.632 -3.38494
3.634 -3.22028
3.635 -3.38494
3.636 -2.83664
3.637 -3.23736
3.639 -3.27266
3.649 -3.07105
3.65 -2.76774
3.655 -2.75169
3.657 -3.31224
3.659 -2.76128
3.662 -2.75953
3.67 -2.93988
3.673 -3.21549
3.677 -2.92478
3.68 -3.25192
3.687 -2.90654
3.689 -3.24894
3.693 -3.24951
3.695 -3.32571
3.7 -3.07905
3.703 -3.24456
3.706 -2.64389
3.71 -2.96207
3.715 -3.25034
3.728 -3.25837
3.732 -2.9461
3.733 -3.24211
3.736 -3.28258
3.737 -2.62426
3.738 -3.01493
3.74 -2.9421
3.741 -2.75939
3.753 -3.26206
3.755 -3.2275
3.765 -2.9462
3.768 -3.26206
3.774 -3.24951
3.779 -2.94078
3.781 -3.2636
3.802 -3.27062
3.806 -3.25369
3.809 -2.95224
3.815 -2.93877
3.816 -3.01721
3.817 -2.94474
3.821 -3.25369
3.823 -2.83756
3.824 -3.3494
3.827 -3.28499
3.83 -3.28499
3.832 -3.25061
3.834 -3.24649
3.836 -2.94277
3.837 -3.39117
3.854 -3.25837
3.868 -3.3947
3.869 -3.23935
3.883 -3.3494
3.885 -3.30434
3.894 -3.38588
3.895 -3.21841
3.903 -3.25133
3.912 -3.3155
3.919 -3.2885
3.923 -3.23673
3.932 -2.99507
3.933 -3.31471
3.936 -3.23549
3.937 -2.77184
3.938 -3.2885
3.943 -3.23579
3.944 -3.23948
3.945 -3.38063
3.95 -2.97954
3.963 -3.25916
3.974 -2.96039
3.982 -2.94612
3.988 -3.01021
3.99 -3.26197
4.003 -3.22309
4.007 -3.2751
4.013 -3.24263
4.025 -3.29403
4.03 -2.95379
4.031 -3.23864
4.035 -3.30434
4.041 -3.22908
4.047 -2.92665
4.054 -3.2435
4.064 -3.24803
4.072 -2.942
4.075 -3.29976
4.081 -3.22665
4.086 -2.96661
4.1 -3.24613
4.108 -3.24443
4.11 -3.21677
4.112 -2.94491
4.113 -2.93925
4.114 -3.23068
4.116 -2.94816
4.125 -3.3339
4.133 -3.19821
4.136 -2.93973
4.141 -2.94787
4.147 -3.31436
4.148 -3.24913
4.15 -3.25117
4.155 -2.97559
4.156 -3.27032
4.159 -3.39571
4.162 -3.21904
4.171 -3.24803
4.173 -3.28225
4.175 -3.28225
4.183 -3.21863
4.189 -2.94197
4.193 -2.9401
4.195 -2.94163
4.197 -3.34337
4.203 -3.29279
4.205 -3.25134
4.207 -2.93597
4.211 -3.24592
4.213 -2.91584
4.214 -3.30291
4.221 -2.62859
4.223 -3.31436
4.228 -2.94847
4.236 -2.92727
4.237 -3.08905
4.24 -3.21841
4.246 -3.2732
4.247 -3.2732
4.248 -2.96287
4.253 -2.98944
4.254 -3.29976
4.255 -3.2748
4.257 -3.36511
4.258 -3.24443
4.273 -3.36511
4.281 -2.94121
4.289 -3.2461
4.301 -2.91158
4.308 -2.90906
4.314 -2.91456
4.322 -2.76519
4.325 -3.2462
4.326 -3.2461
4.328 -3.2286
4.329 -3.23549
4.343 -2.96803
4.354 -3.2751
4.386 -3.245
4.405 -2.94561
4.415 -2.96752
4.443 -2.98488
4.449 -2.94106
4.45 -3.24592
4.459 -3.20691
4.489 -2.93616
4.494 -3.245
4.504 -3.22309
4.508 -2.94481
4.509 -2.94012
4.517 -2.94658
4.526 -3.20859
4.531 -3.28645
4.551 -3.25141
4.557 -2.94111
4.586 -3.25141
4.597 -3.28645
4.6 -3.27429
4.669 -3.02008
4.693 -3.21863
4.702 -2.96368
4.875 -2.94876
4.981 -3.05778
 
 
