0 0.149784
0.005 1.26992
0.01 1.84496
0.015 2.2518
0.02 2.45867
0.025 2.5058
0.03 2.54457
0.035 2.51915
0.04 2.54025
0.045 2.51108
0.05 2.49834
0.055 2.49698
0.06 2.47407
0.065 2.44995
0.07 2.42279
0.075 2.40973
0.08 2.39679
0.085 2.37238
0.09 2.35249
0.095 2.36866
0.1 2.34857
0.105 2.31687
0.11 2.31262
0.115 2.27086
0.12 2.23561
0.125 2.22403
0.13 2.24972
0.135 2.29441
0.14 2.27905
0.145 2.25812
0.15 2.2172
0.155 2.19479
0.16 2.16563
0.165 2.1577
0.17 2.14709
0.175 2.14395
0.18 2.12558
0.185 2.15145
0.19 2.14007
0.195 2.13645
0.2 2.10335
0.205 2.09762
0.21 2.07769
0.215 2.04805
0.22 2.05409
0.225 2.03805
0.23 2.0356
0.235 2.05525
0.24 2.03963
0.245 2.06371
0.25 2.0677
0.255 2.04497
0.26 2.02762
0.265 2.02165
0.27 1.97923
0.275 1.97692
0.28 1.98073
0.285 1.91841
0.29 1.94572
0.295 1.94867
0.3 1.95036
0.305 1.8807
0.31 1.90211
0.315 1.90353
0.32 1.89829
0.325 1.87966
0.33 1.88263
0.335 1.84322
0.34 1.84634
0.345 1.83184
0.35 1.80855
0.355 1.81071
0.36 1.82196
0.365 1.79603
0.37 1.73896
0.375 1.7455
0.38 1.7794
0.385 1.74658
0.39 1.73514
0.395 1.74097
0.4 1.73164
0.405 1.70308
0.41 1.69801
0.415 1.71251
0.42 1.7314
0.425 1.73887
0.43 1.74222
0.435 1.76392
0.44 1.71048
0.445 1.76513
0.45 1.70915
0.455 1.73358
0.46 1.67726
0.465 1.70131
0.47 1.66481
0.475 1.67046
0.48 1.63867
0.485 1.63387
0.49 1.60234
0.495 1.60884
0.5 1.58137
0.505 1.59392
0.51 1.55523
0.515 1.57044
0.52 1.56988
0.525 1.59473
0.53 1.5725
0.535 1.51124
0.54 1.52475
0.545 1.49692
0.55 1.50188
0.555 1.54461
0.56 1.54544
0.565 1.5281
0.57 1.57434
0.575 1.56195
0.58 1.56138
0.585 1.58517
0.59 1.58201
0.595 1.56535
0.6 1.63562
0.605 1.59361
0.61 1.61043
0.615 1.56682
0.62 1.53298
0.625 1.50678
0.63 1.50238
0.635 1.50214
0.64 1.48604
0.645 1.50159
0.65 1.4591
0.655 1.45772
0.66 1.46864
0.665 1.46429
0.67 1.44537
0.675 1.45861
0.68 1.42868
0.685 1.4294
0.69 1.43645
0.695 1.40238
0.7 1.43009
0.705 1.44052
0.71 1.43106
0.715 1.42207
0.72 1.40684
0.725 1.40003
0.73 1.42912
0.735 1.40173
0.74 1.41537
0.745 1.40612
0.75 1.39587
0.755 1.41821
0.76 1.37201
0.765 1.38473
0.77 1.38033
0.775 1.34771
0.78 1.30891
0.785 1.33136
0.79 1.28479
0.795 1.25364
0.8 1.25595
0.805 1.22136
0.81 1.22178
0.815 1.2059
0.82 1.12266
0.825 1.18038
0.83 1.11366
0.835 1.1324
0.84 1.07546
0.845 1.09116
0.85 1.05675
0.855 1.05568
0.86 1.05914
0.865 1.02574
0.87 0.961589
0.875 0.933049
0.88 0.933424
0.885 0.912908
0.89 0.877306
0.895 0.811573
0.9 0.833999
0.905 0.793116
0.91 0.710316
0.915 0.725988
0.92 0.641277
0.925 0.697154
0.93 0.670687
0.935 0.557022
0.94 0.491614
0.945 0.44164
0.95 0.383094
0.955 0.183135
0.96 0.288484
0.965 0.210051
0.97 0.0701235
0.975 0.0238425
0.98 0.0519378
0.985 0.110088
0.99 0.183924
0.995 -0.0498797
1 -0.153389
1.005 -0.0488927
1.01 -0.032666
1.015 -0.0694838
1.02 -0.0633172
1.025 -0.0943522
1.03 0.082321
1.035 -0.295501
1.04 -0.0964287
1.045 0.0247175
1.05 -0.215562
1.055 -0.358019
1.06 -0.241279
1.065 -0.31885
1.07 -0.456643
1.075 -0.171488
1.08 -0.45736
1.085 -0.357523
1.09 -0.579747
1.095 -0.365937
1.1 -0.498577
1.105 -0.313958
1.11 -0.669948
1.115 -0.772483
1.12 -0.388865
1.125 -0.461948
1.13 -0.31442
1.135 -0.220496
1.14 -0.756435
1.145 -0.289902
1.15 -0.909747
1.155 -0.324057
1.16 -0.429241
1.165 -0.388686
1.17 -0.531145
1.175 -0.32
1.18 -0.526338
1.185 -0.421593
1.19 -0.403501
1.195 -0.662081
1.2 -1.06969
1.205 -0.609373
1.21 -0.489446
1.215 -0.442864
1.22 -0.779885
1.225 -0.784532
1.23 -0.481352
1.235 -0.992058
1.24 -0.575039
1.245 -0.801603
1.25 -1.76129
1.255 -0.528274
1.26 -0.962826
1.265 -0.615338
1.27 -0.678929
1.275 -0.689587
1.28 -0.780055
1.285 -0.528874
1.29 -0.696302
1.295 -0.841731
1.3 -0.914779
1.305 -1.44422
1.31 -1.72473
1.315 -1.13931
1.32 -0.542374
1.325 -1.17
1.33 -1.76143
1.335 -0.796678
1.34 -1.27665
1.345 -0.897992
1.35 -0.803368
1.355 -0.863418
1.36 -0.584575
1.365 -1.2449
1.37 -1.07013
1.375 -0.989174
1.38 -0.57523
1.385 -0.915828
1.39 -1.19866
1.395 -1.59657
1.4 -0.288393
1.405 -1.43498
1.41 -0.803355
1.415 -1.10881
1.42 -0.962127
1.43 -0.84161
1.435 -0.868756
1.445 -0.676395
1.45 -2.18535
1.455 -1.23569
1.46 -1.49882
1.465 -0.856604
1.48 -0.592451
1.49 -0.703223
1.495 -1.00259
1.505 -1.10028
1.51 -1.76897
1.515 -0.8132
1.52 -1.08383
1.525 -0.780072
1.53 -0.950013
1.545 -0.713173
1.55 -0.752181
1.555 -0.478409
1.56 -1.21087
1.565 -2.08189
1.575 -1.24747
1.58 -2.33742
1.585 -0.63264
1.59 -0.817701
1.605 -1.14396
1.615 -1.24512
1.62 -0.849847
1.625 -0.874843
1.63 -1.19481
1.65 -0.929455
1.655 -1.19303
1.66 -1.01117
1.665 -1.09605
1.675 -1.4431
1.685 -0.702065
1.69 -0.957081
1.695 -0.711365
1.7 -1.20557
1.705 -1.41909
1.715 -1.02533
1.72 -0.796342
1.73 -1.07505
1.735 -0.890524
1.74 -0.959619
1.745 -1.55465
1.755 -1.93452
1.765 -1.46892
1.77 -0.965543
1.775 -1.7806
1.78 -0.954446
1.785 -0.753383
1.81 -0.951211
1.815 -1.01241
1.82 -0.706748
1.825 -0.802538
1.83 -1.05224
1.84 -1.09719
1.845 -1.513
1.85 -1.09178
1.855 -0.717445
1.865 -1.53819
1.875 -1.30518
1.88 -0.700908
1.89 -1.24552
1.895 -0.674223
1.9 -1.09543
1.905 -1.01566
1.91 -0.923224
1.92 -1.04727
1.935 -1.3337
1.94 -1.55443
1.945 -1.32652
1.95 -1.32267
1.955 -1.55517
1.96 -0.66874
1.975 -0.875931
1.99 -0.751588
1.995 -1.27061
2.02 -1.0289
2.035 -1.01519
2.055 -1.01194
2.085 -1.24512
2.095 -1.02802
2.1 -1.10425
2.105 -1.21028
2.14 -0.964519
2.145 -0.993392
2.165 -0.999353
2.18 -1.28917
2.2 -1.55443
2.22 -1.93904
2.23 -0.946005
2.255 -1.02257
2.3 -0.998444
2.315 -0.65531
2.32 -1.08545
2.375 -0.949909
2.38 -1.5545
2.385 -0.966177
2.395 -1.00487
2.435 -1.31948
2.45 -1.4944
2.485 -1.09369
2.53 -1.88406
2.54 -1.31194
2.56 -1.09653
2.615 -1.2742
2.645 -1.23731
2.715 -1.36937
2.815 -0.899107
2.875 -0.976829
2.885 -1.28485
2.89 -0.84339
2.945 -0.96815
2.95 -1.80772
2.99 -1.21936
3.01 -1.26221
3.055 -0.985866
3.085 -1.25605
3.135 -0.988122
3.15 -1.21147
3.155 -1.0097
3.235 -1.23506
3.27 -1.55598
3.29 -1.2121
3.41 -1.55487
3.415 -1.23653
3.47 -inf
3.605 -1.55501
3.885 -0.990719
3.94 -0.965655
3.955 -1.55534
4.24 -1.55554
4.67 -1.55812
4.675 -1.55976
4.775 -1.5565
4.885 -1.5589
4.91 -1.56021
4.955 -1.55679
4.975 -1.55623
5.01 -1.55709
 
 
0.005 0.640751
0.01 1.01829
0.015 1.42149
0.02 1.77071
0.025 1.92025
0.03 1.92926
0.035 1.91954
0.04 1.88588
0.045 1.84378
0.05 1.82164
0.055 1.81882
0.06 1.7971
0.065 1.77312
0.07 1.76526
0.075 1.75578
0.08 1.70047
0.085 1.71673
0.09 1.70896
0.095 1.67615
0.1 1.72567
0.105 1.70041
0.11 1.69011
0.115 1.64756
0.12 1.63855
0.125 1.57808
0.13 1.61062
0.135 1.62883
0.14 1.65447
0.145 1.68025
0.15 1.61581
0.155 1.56594
0.16 1.55422
0.165 1.56382
0.17 1.58332
0.175 1.54374
0.18 1.58167
0.185 1.51873
0.19 1.55043
0.195 1.55998
0.2 1.5621
0.205 1.5361
0.21 1.49901
0.215 1.47401
0.22 1.50315
0.225 1.44234
0.23 1.4848
0.235 1.50566
0.24 1.49583
0.245 1.48601
0.25 1.49806
0.255 1.51262
0.26 1.49733
0.265 1.45507
0.27 1.44049
0.275 1.4607
0.28 1.44383
0.285 1.39679
0.29 1.4362
0.295 1.46599
0.3 1.42114
0.305 1.43362
0.31 1.42034
0.315 1.43701
0.32 1.43333
0.325 1.37121
0.33 1.40043
0.335 1.45305
0.34 1.3902
0.345 1.32021
0.35 1.35098
0.355 1.34731
0.36 1.33099
0.365 1.42976
0.37 1.34033
0.375 1.37088
0.38 1.39749
0.385 1.35609
0.39 1.38526
0.395 1.36495
0.4 1.29572
0.405 1.28097
0.41 1.31663
0.415 1.29208
0.42 1.33731
0.425 1.339
0.43 1.34049
0.435 1.29271
0.44 1.31955
0.445 1.27431
0.45 1.29447
0.455 1.333
0.46 1.32651
0.465 1.33892
0.47 1.32678
0.475 1.26909
0.48 1.29762
0.485 1.23003
0.49 1.30806
0.495 1.2119
0.5 1.2346
0.505 1.23835
0.51 1.19207
0.515 1.2253
0.52 1.21199
0.525 1.23976
0.53 1.13692
0.535 1.12846
0.54 1.1358
0.545 1.11873
0.55 1.19794
0.555 1.18402
0.56 1.22546
0.565 1.16548
0.57 1.19232
0.575 1.16926
0.58 1.23868
0.585 1.22664
0.59 1.24724
0.595 1.2789
0.6 1.20799
0.605 1.20419
0.61 1.31077
0.615 1.27503
0.62 1.21083
0.625 1.21119
0.63 1.24427
0.635 1.19552
0.64 1.16198
0.645 1.1725
0.65 1.15302
0.655 1.16158
0.66 1.14711
0.665 1.13829
0.67 1.17573
0.675 1.14905
0.68 1.11533
0.685 1.12878
0.69 1.11991
0.695 1.12508
0.7 1.13574
0.705 1.18303
0.71 1.16688
0.715 1.11023
0.72 1.18374
0.725 1.15747
0.73 1.20472
0.735 1.12932
0.74 1.19045
0.745 1.11381
0.75 1.1658
0.755 1.16234
0.76 1.1495
0.765 1.07939
0.77 1.16898
0.775 1.17751
0.78 1.1234
0.785 1.11651
0.79 1.10885
0.795 1.10577
0.8 1.03996
0.805 1.07046
0.81 1.04996
0.815 1.0739
0.82 1.0639
0.825 1.02843
0.83 1.0688
0.835 1.07251
0.84 1.06622
0.845 1.04438
0.85 1.09046
0.855 1.09074
0.86 1.02756
0.865 1.01248
0.87 1.04635
0.875 1.06208
0.88 1.04647
0.885 1.05847
0.89 1.03454
0.895 1.0402
0.9 1.06794
0.905 1.07108
0.91 1.06517
0.915 1.03333
0.92 1.04214
0.925 1.02173
0.93 1.02851
0.935 0.995611
0.94 0.954153
0.945 0.941135
0.95 0.89984
0.955 0.866171
0.96 0.847218
0.965 0.807537
0.97 0.698062
0.975 0.676433
0.98 0.604886
0.985 0.514325
0.99 0.544609
0.995 0.371255
1 0.298144
1.005 0.320136
1.01 0.216536
1.015 0.273065
1.02 0.2253
1.025 0.0931956
1.03 0.240571
1.035 0.0565308
1.04 0.0775195
1.045 -0.00872309
1.05 -0.00148649
1.055 -0.243413
1.06 -0.037133
1.065 -0.104867
1.07 -0.322976
1.075 -0.205299
1.08 -0.448935
1.085 -0.235421
1.09 -0.00173489
1.095 -0.337995
1.1 -0.31301
1.105 -0.411297
1.11 -0.233757
1.115 -0.506964
1.12 -0.366582
1.125 -0.163957
1.13 -0.477881
1.135 -0.569376
1.14 -0.340564
1.145 -0.515735
1.15 -0.233956
1.155 -0.154389
1.16 -0.264235
1.165 -0.263875
1.17 -0.380594
1.175 -0.499617
1.18 -0.982092
1.185 -0.706023
1.19 -0.270314
1.195 -0.357562
1.2 -0.79861
1.205 -0.295823
1.21 -1.2875
1.215 -0.164432
1.22 -0.447666
1.225 -1.09804
1.23 -0.854784
1.235 -0.398368
1.24 -1.46868
1.245 -0.356771
1.25 -0.102212
1.255 -0.735725
1.26 -0.64861
1.265 -0.45121
1.27 -0.867973
1.275 -0.311385
1.28 -0.608601
1.285 -0.671807
1.29 -0.771007
1.295 -1.24629
1.3 -0.447338
1.305 -0.712401
1.31 -0.641256
1.315 -0.568059
1.32 -0.761054
1.325 -0.618747
1.33 -1.06336
1.335 -1.08524
1.34 -0.788016
1.345 -0.667472
1.35 -0.807643
1.355 -0.744677
1.36 -0.796396
1.365 -1.46474
1.37 -0.852903
1.375 -0.504324
1.38 -0.905437
1.385 -0.59944
1.39 -0.606334
1.395 -0.418111
1.4 -0.724426
1.405 -0.887625
1.41 -0.998866
1.415 -2.05772
1.42 -1.18409
1.425 -0.405196
1.43 -0.693864
1.435 -0.446232
1.44 -2.15141
1.445 -0.50569
1.45 -0.835056
1.455 -0.545744
1.46 -0.666721
1.465 -0.462662
1.47 -0.376662
1.475 -0.979413
1.48 -0.764803
1.485 -0.556167
1.495 -1.22768
1.5 -0.892307
1.51 -0.930334
1.515 -1.05169
1.52 -0.964511
1.525 -0.85808
1.53 -3.15781
1.535 -0.881856
1.54 -1.68425
1.545 -0.672451
1.55 -0.822038
1.56 -1.54354
1.565 -0.738365
1.575 -1.25897
1.58 -0.823153
1.585 -0.926789
1.59 -0.868142
1.595 -0.956616
1.6 -1.03814
1.605 -1.06218
1.61 -0.924778
1.615 -0.638305
1.62 -0.496281
1.625 -0.906434
1.63 -0.980585
1.635 -1.15007
1.64 -1.98521
1.645 -0.778325
1.65 -0.799535
1.655 -0.943718
1.66 -1.35786
1.67 -1.55827
1.675 -0.629785
1.685 -0.753772
1.69 -0.889047
1.695 -0.940087
1.7 -2.22056
1.705 -1.54183
1.71 -0.642155
1.715 -0.73579
1.72 -1.20128
1.725 -1.54145
1.73 -0.864906
1.735 -0.963279
1.75 -0.978891
1.755 -0.922747
1.765 -0.830572
1.77 -0.983358
1.775 -1.04553
1.785 -0.744721
1.8 -0.789608
1.805 -0.935809
1.81 -1.58016
1.825 -0.979288
1.83 -1.57782
1.84 -0.915706
1.85 -1.16041
1.855 -1.56721
1.86 -0.839843
1.865 -0.899646
1.87 -0.939604
1.875 -0.978104
1.88 -1.60233
1.885 -1.07709
1.89 -2.62309
1.895 -0.792646
1.9 -1.25336
1.91 -1.30138
1.915 -1.29278
1.92 -1.15826
1.925 -0.882993
1.935 -0.701183
1.94 -0.629882
1.945 -1.58075
1.95 -1.07996
1.955 -1.28077
1.96 -1.38308
1.965 -1.08776
1.97 -0.845066
1.98 -1.57418
1.985 -0.787266
1.995 -1.32515
2 -1.28689
2.005 -1.21295
2.01 -1.19929
2.015 -0.835792
2.025 -0.68987
2.03 -1.51783
2.035 -1.0297
2.04 -1.04878
2.045 -1.18275
2.05 -1.58255
2.055 -1.58193
2.07 -2.75915
2.105 -1.57249
2.115 -0.636668
2.12 -1.00951
2.13 -0.78368
2.14 -1.46643
2.145 -0.850206
2.155 -1.22668
2.165 -0.908124
2.175 -1.09884
2.18 -1.00639
2.19 -1.57167
2.195 -1.61045
2.2 -1.12847
2.205 -0.99654
2.21 -1.10779
2.215 -0.773308
2.225 -1.7613
2.235 -1.23531
2.24 -1.01404
2.245 -1.07332
2.255 -1.60125
2.265 -1.11192
2.27 -0.740726
2.28 -1.10916
2.285 -1.56858
2.29 -1.5952
2.3 -1.18169
2.31 -1.1335
2.32 -0.999658
2.33 -1.3499
2.335 -0.850088
2.34 -0.975975
2.345 -1.20269
2.355 -1.02281
2.365 -1.60019
2.38 -1.19635
2.385 -1.27895
2.395 -1.02516
2.42 -1.18235
2.425 -0.872507
2.43 -1.58906
2.44 -0.701575
2.455 -1.16886
2.47 -2.33846
2.48 -2.56414
2.485 -0.973075
2.495 -1.58455
2.52 -1.56716
2.525 -1.06418
2.53 -1.1897
2.545 -1.18929
2.55 -0.874147
2.56 -1.59071
2.59 -1.80365
2.595 -1.01775
2.61 -1.17458
2.62 -1.25714
2.635 -1.02902
2.645 -1.19722
2.655 -1.80131
2.67 -1.20661
2.675 -1.56517
2.74 -0.958433
2.755 -1.04868
2.78 -1.23112
2.815 -1.06813
2.83 -1.59714
2.835 -1.04482
2.84 -0.960233
2.855 -1.12277
2.905 -1.07252
2.95 -1.56278
2.965 -0.969693
3.005 -0.967048
3.035 -0.953689
3.085 -1.18279
3.105 -1.07431
3.11 -1.13404
3.12 -1.22746
3.13 -1.56648
3.15 -0.973514
3.195 -1.08985
3.35 -1.25207
3.36 -2.43146
3.375 -1.56223
3.46 -1.00189
3.55 -1.56169
3.555 -0.996203
3.57 -0.938031
3.64 -1.56454
3.65 -1.25479
3.745 -0.856124
3.765 -1.56118
3.9 -1.56069
4.06 -0.95178
4.115 -2.55076
4.465 -1.55932
4.61 -1.5585
4.735 -1.55776
5.02 -1.55742
