0 0.282393
0.005 1.24617
0.01 1.83391
0.015 2.26023
0.02 2.46088
0.025 2.49976
0.03 2.5422
0.035 2.52066
0.04 2.53706
0.045 2.51107
0.05 2.49095
0.055 2.50866
0.06 2.47622
0.065 2.45669
0.07 2.42264
0.075 2.39995
0.08 2.40377
0.085 2.37665
0.09 2.34974
0.095 2.36622
0.1 2.3586
0.105 2.31968
0.11 2.31097
0.115 2.26243
0.12 2.22793
0.125 2.22264
0.13 2.23804
0.135 2.29475
0.14 2.26477
0.145 2.27339
0.15 2.23806
0.155 2.19859
0.16 2.15926
0.165 2.16019
0.17 2.1505
0.175 2.14755
0.18 2.12137
0.185 2.14188
0.19 2.13696
0.195 2.13563
0.2 2.12172
0.205 2.11245
0.21 2.08131
0.215 2.05003
0.22 2.04988
0.225 2.04632
0.23 2.03476
0.235 2.04209
0.24 2.03202
0.245 2.05876
0.25 2.05718
0.255 2.03615
0.26 2.02855
0.265 2.02836
0.27 1.99031
0.275 1.97303
0.28 1.97158
0.285 1.94931
0.29 1.96148
0.295 1.94554
0.3 1.9157
0.305 1.89904
0.31 1.90819
0.315 1.90601
0.32 1.90501
0.325 1.90017
0.33 1.87876
0.335 1.86261
0.34 1.84815
0.345 1.80961
0.35 1.79533
0.355 1.80924
0.36 1.81133
0.365 1.79687
0.37 1.74355
0.375 1.76152
0.38 1.74693
0.385 1.75564
0.39 1.74976
0.395 1.72295
0.4 1.7262
0.405 1.71257
0.41 1.70567
0.415 1.70216
0.42 1.7259
0.425 1.73011
0.43 1.75631
0.435 1.74902
0.44 1.75798
0.445 1.7434
0.45 1.7186
0.455 1.7275
0.46 1.71172
0.465 1.69033
0.47 1.66408
0.475 1.6681
0.48 1.62786
0.485 1.63707
0.49 1.62041
0.495 1.59671
0.5 1.58631
0.505 1.56959
0.51 1.55702
0.515 1.54799
0.52 1.55371
0.525 1.58673
0.53 1.56313
0.535 1.51724
0.54 1.51463
0.545 1.50387
0.55 1.51135
0.555 1.55085
0.56 1.55255
0.565 1.55753
0.57 1.55869
0.575 1.58378
0.58 1.55718
0.585 1.55252
0.59 1.60173
0.595 1.58689
0.6 1.6146
0.605 1.60192
0.61 1.58414
0.615 1.57598
0.62 1.5544
0.625 1.5097
0.63 1.47445
0.635 1.46742
0.64 1.45913
0.645 1.5017
0.65 1.47684
0.655 1.46737
0.66 1.47793
0.665 1.48134
0.67 1.43771
0.675 1.46125
0.68 1.42158
0.685 1.43452
0.69 1.42171
0.695 1.43251
0.7 1.45032
0.705 1.43414
0.71 1.43871
0.715 1.41076
0.72 1.41753
0.725 1.40083
0.73 1.40557
0.735 1.4216
0.74 1.40712
0.745 1.40487
0.75 1.3708
0.755 1.40607
0.76 1.36744
0.765 1.38582
0.77 1.37096
0.775 1.34367
0.78 1.32767
0.785 1.33299
0.79 1.29333
0.795 1.25053
0.8 1.24569
0.805 1.23724
0.81 1.22826
0.815 1.20437
0.82 1.12434
0.825 1.11979
0.83 1.10703
0.835 1.1255
0.84 1.10798
0.845 1.11016
0.85 1.03938
0.855 1.05284
0.86 1.04827
0.865 1.01025
0.87 0.96973
0.875 0.923541
0.88 0.930685
0.885 0.918352
0.89 0.858024
0.895 0.80537
0.9 0.816395
0.905 0.799466
0.91 0.730404
0.915 0.660388
0.92 0.662633
0.925 0.6553
0.93 0.668081
0.935 0.553563
0.94 0.494826
0.945 0.375677
0.95 0.369319
0.955 0.379394
0.96 0.297538
0.965 0.0932524
0.97 0.0429047
0.975 -0.0272064
0.98 0.0793929
0.985 0.10049
0.99 0.189004
0.995 -0.016864
1 -0.0707283
1.005 -0.245951
1.01 -0.060824
1.015 -0.0893741
1.02 -0.275671
1.025 -0.110894
1.03 -0.0623381
1.035 -0.297312
1.04 -0.0882803
1.045 -0.249799
1.05 -0.290583
1.055 -0.230283
1.06 -0.352641
1.065 -0.233228
1.07 -0.230755
1.075 -0.200906
1.08 -0.25198
1.085 -0.397924
1.09 -0.377779
1.095 -0.421486
1.1 -0.56325
1.105 -0.6632
1.11 -0.556603
1.115 -0.41552
1.12 -0.252514
1.125 -0.323685
1.13 -0.663161
1.135 -0.287066
1.14 -0.700976
1.145 -0.26783
1.15 -0.66985
1.155 -0.535595
1.16 -0.320509
1.165 -0.214979
1.17 -0.365813
1.175 -0.512733
1.18 -0.540832
1.185 -0.628413
1.19 -0.929167
1.195 -0.407712
1.2 -0.852672
1.205 -1.04933
1.21 -0.529273
1.215 -0.405355
1.22 -0.962369
1.225 -0.33051
1.23 -0.434391
1.235 -0.729421
1.24 -0.660859
1.245 -0.456099
1.25 -0.682352
1.255 -0.69926
1.26 -0.754663
1.265 -0.679428
1.27 -0.879019
1.275 -0.497082
1.28 -0.734477
1.285 -1.24829
1.29 -1.25354
1.295 -0.584817
1.3 -1.40093
1.305 -0.817479
1.31 -1.32139
1.315 -0.882087
1.32 -0.969568
1.325 -1.53789
1.335 -1.14926
1.345 -0.871887
1.35 -1.08997
1.355 -0.812247
1.36 -1.65711
1.365 -0.669749
1.37 -0.744849
1.375 -1.53797
1.38 -0.580474
1.385 -0.945733
1.39 -0.969732
1.4 -0.366916
1.405 -1.30546
1.41 -0.693398
1.415 -1.62169
1.42 -0.50849
1.43 -1.01202
1.435 -0.991842
1.44 -0.552805
1.445 -1.51998
1.45 -1.53802
1.455 -0.735229
1.46 -2.02133
1.47 -inf
1.475 -1.53776
1.48 -0.809906
1.49 -0.839521
1.505 -0.586869
1.52 -1.17669
1.525 -0.852396
1.53 -0.817358
1.535 -1.90566
1.545 -0.670368
1.55 -0.752181
1.555 -0.699697
1.56 -0.692036
1.565 -2.08189
1.57 -0.844721
1.585 -1.09683
1.59 -0.689719
1.595 -0.632634
1.605 -1.23718
1.615 -0.914784
1.625 -1.53982
1.64 -2.13171
1.645 -1.41048
1.65 -0.849508
1.655 -1.53943
1.66 -1.11546
1.665 -0.843414
1.67 -1.6514
1.675 -0.995426
1.68 -0.890105
1.685 -0.941014
1.695 -0.974723
1.7 -1.2404
1.705 -1.20477
1.71 -0.966937
1.715 -1.16366
1.72 -1.53782
1.725 -1.11885
1.735 -0.882039
1.74 -1.11526
1.745 -1.06312
1.75 -0.720722
1.755 -1.09598
1.76 -1.6189
1.765 -0.692596
1.77 -0.965543
1.775 -1.07206
1.78 -0.954446
1.785 -0.859963
1.795 -1.53813
1.81 -0.951211
1.815 -0.7152
1.825 -0.729413
1.83 -1.05224
1.84 -1.53826
1.85 -1.23734
1.855 -0.921655
1.86 -1.22381
1.865 -1.03797
1.875 -1.30518
1.88 -0.85201
1.89 -1.53849
1.895 -1.0707
1.9 -0.822243
1.915 -1.10283
1.92 -2.7259
1.925 -1.07115
1.94 -1.02353
1.945 -0.798469
1.95 -1.32267
1.96 -1.78796
1.98 -1.29428
1.99 -0.674614
2.015 -1.02278
2.02 -1.0289
2.035 -1.01519
2.055 -1.01194
2.06 -1.24182
2.07 -1.78649
2.08 -0.999896
2.095 -2.58303
2.105 -1.3233
2.12 -1.28411
2.135 -0.987243
2.14 -0.693519
2.165 -0.999353
2.17 -1.02343
2.18 -1.28917
2.215 -1.31609
2.22 -1.93904
2.23 -1.02421
2.29 -0.992879
2.3 -0.998444
2.315 -0.938052
2.33 -1.06112
2.37 -1.58287
2.385 -0.966177
2.395 -1.00487
2.435 -1.31948
2.44 -0.978925
2.45 -1.4944
2.455 -0.983861
2.485 -1.09369
2.54 -1.02605
2.55 -1.03068
2.56 -1.09653
2.58 -1.30204
2.6 -1.30323
2.615 -1.2742
2.645 -1.23731
2.785 -1.2369
2.82 -1.5849
2.865 -0.995537
2.91 -1.12177
2.945 -0.96815
2.95 -1.80772
2.98 -1.07529
2.99 -1.21936
3.01 -1.26221
3.055 -0.985866
3.125 -1.27467
3.155 -1.0097
3.17 -0.811177
3.235 -1.23506
3.415 -1.23653
3.47 -inf
3.66 -0.942355
3.68 -0.949164
 
 
0.005 0.615824
0.01 0.994851
0.015 1.44948
0.02 1.80234
0.025 1.90033
0.03 1.937
0.035 1.9264
0.04 1.8961
0.045 1.83555
0.05 1.80192
0.055 1.79814
0.06 1.80607
0.065 1.79262
0.07 1.78924
0.075 1.75734
0.08 1.66652
0.085 1.70608
0.09 1.68401
0.095 1.67038
0.1 1.69833
0.105 1.71822
0.11 1.72593
0.115 1.64319
0.12 1.62292
0.125 1.58944
0.13 1.61203
0.135 1.61547
0.14 1.67035
0.145 1.67209
0.15 1.60421
0.155 1.55748
0.16 1.55435
0.165 1.58181
0.17 1.59174
0.175 1.59826
0.18 1.56895
0.185 1.5268
0.19 1.55034
0.195 1.56492
0.2 1.53805
0.205 1.53041
0.21 1.50485
0.215 1.48688
0.22 1.48867
0.225 1.47736
0.23 1.49881
0.235 1.51304
0.24 1.52105
0.245 1.51419
0.25 1.51859
0.255 1.48627
0.26 1.52184
0.265 1.43951
0.27 1.45216
0.275 1.45894
0.28 1.39761
0.285 1.4009
0.29 1.40645
0.295 1.41477
0.3 1.42778
0.305 1.44243
0.31 1.42749
0.315 1.37863
0.32 1.4049
0.325 1.33307
0.33 1.4016
0.335 1.41278
0.34 1.42753
0.345 1.33368
0.35 1.34378
0.355 1.37438
0.36 1.3262
0.365 1.41406
0.37 1.34214
0.375 1.36551
0.38 1.3408
0.385 1.32455
0.39 1.37937
0.395 1.3716
0.4 1.33385
0.405 1.29355
0.41 1.33234
0.415 1.3115
0.42 1.33108
0.425 1.3221
0.43 1.33195
0.435 1.31433
0.44 1.32621
0.445 1.29208
0.45 1.30079
0.455 1.30857
0.46 1.33073
0.465 1.34942
0.47 1.29405
0.475 1.33127
0.48 1.27966
0.485 1.24633
0.49 1.27933
0.495 1.22257
0.5 1.17471
0.505 1.22219
0.51 1.19247
0.515 1.24019
0.52 1.24736
0.525 1.22472
0.53 1.15815
0.535 1.15297
0.54 1.14671
0.545 1.11984
0.55 1.18625
0.555 1.16107
0.56 1.20781
0.565 1.15566
0.57 1.16094
0.575 1.21408
0.58 1.26658
0.585 1.23133
0.59 1.23358
0.595 1.23064
0.6 1.20833
0.605 1.24166
0.61 1.2884
0.615 1.27661
0.62 1.23701
0.625 1.20492
0.63 1.19177
0.635 1.21865
0.64 1.12088
0.645 1.16957
0.65 1.10893
0.655 1.16576
0.66 1.16156
0.665 1.16051
0.67 1.1816
0.675 1.16846
0.68 1.11527
0.685 1.14519
0.69 1.1312
0.695 1.1387
0.7 1.16638
0.705 1.19611
0.71 1.14143
0.715 1.15096
0.72 1.16263
0.725 1.11978
0.73 1.20876
0.735 1.15378
0.74 1.14293
0.745 1.15218
0.75 1.13127
0.755 1.15892
0.76 1.18052
0.765 1.10122
0.77 1.17562
0.775 1.14233
0.78 1.13842
0.785 1.11819
0.79 1.07423
0.795 1.10598
0.8 1.06159
0.805 1.11421
0.81 1.06446
0.815 1.07124
0.82 1.02793
0.825 1.07811
0.83 1.06999
0.835 1.06042
0.84 1.07666
0.845 1.01881
0.85 1.04262
0.855 1.07727
0.86 1.04368
0.865 1.02891
0.87 1.06048
0.875 1.04808
0.88 1.06855
0.885 1.0678
0.89 1.05903
0.895 1.05402
0.9 1.06148
0.905 1.07366
0.91 1.04521
0.915 1.02664
0.92 1.02955
0.925 1.03341
0.93 1.03298
0.935 1.02264
0.94 0.965277
0.945 0.932062
0.95 0.893296
0.955 0.877059
0.96 0.825416
0.965 0.791873
0.97 0.678159
0.975 0.690481
0.98 0.537339
0.985 0.46188
0.99 0.504326
0.995 0.291931
1 0.298463
1.005 0.400837
1.01 0.231761
1.015 0.258746
1.02 0.264937
1.025 0.0567839
1.03 0.198875
1.035 0.119567
1.04 0.0598357
1.045 -0.0213335
1.05 0.168122
1.055 -0.219335
1.06 -0.0639186
1.065 -0.0732848
1.07 -0.171862
1.075 -0.232407
1.08 -0.216913
1.085 -0.367284
1.09 -0.136551
1.095 -0.425979
1.1 -0.370019
1.105 -0.396615
1.11 -0.212415
1.115 -0.821952
1.12 -0.185902
1.125 -0.340813
1.13 -0.376372
1.135 -0.769843
1.14 -0.261727
1.145 -0.78048
1.15 -0.226881
1.155 -0.404924
1.16 -0.279786
1.165 -0.155982
1.17 -0.503779
1.175 -0.771498
1.18 -0.507251
1.185 -1.12879
1.19 -0.592737
1.195 -0.312308
1.2 -0.563015
1.205 -0.235664
1.21 -0.760729
1.215 -0.324395
1.22 -0.749694
1.225 -0.873637
1.23 -0.735989
1.235 -0.471477
1.24 -0.813338
1.245 -0.497786
1.25 -0.370882
1.255 -0.355604
1.26 -0.587048
1.265 -0.297384
1.27 -0.506415
1.275 -0.634101
1.28 -0.609019
1.285 -0.909711
1.29 -0.55736
1.295 -1.42267
1.3 -0.26505
1.305 -1.34321
1.31 -0.861876
1.315 -0.366209
1.32 -1.01659
1.325 -1.63186
1.33 -1.73345
1.335 -2.31702
1.34 -0.837792
1.345 -0.680984
1.35 -0.581414
1.355 -0.466565
1.36 -0.526116
1.365 -0.988627
1.37 -1.57515
1.375 -0.758466
1.38 -1.24935
1.385 -0.773988
1.39 -0.956426
1.395 -0.509036
1.4 -0.436074
1.405 -0.846709
1.41 -0.730175
1.415 -1.45902
1.42 -0.757228
1.425 -0.345106
1.43 -0.663346
1.435 -0.643785
1.44 -1.74684
1.445 -0.659286
1.45 -1.03045
1.455 -0.651184
1.46 -0.536925
1.465 -0.995043
1.47 -0.602513
1.475 -1.06545
1.48 -0.319516
1.485 -0.894959
1.5 -2.98841
1.51 -1.00592
1.515 -0.678128
1.525 -0.631736
1.53 -1.09067
1.535 -0.760342
1.545 -1.60412
1.55 -0.530487
1.555 -1.57693
1.56 -0.742617
1.565 -0.569552
1.57 -0.948364
1.575 -0.802906
1.58 -0.877608
1.585 -1.00077
1.59 -0.784823
1.595 -1.03301
1.6 -0.685459
1.61 -1.0337
1.615 -0.646591
1.62 -0.58612
1.625 -1.05495
1.63 -1.14258
1.635 -1.10069
1.64 -1.45889
1.645 -0.50818
1.65 -0.982369
1.66 -1.25865
1.67 -0.861114
1.675 -1.2049
1.685 -0.753772
1.69 -0.869541
1.695 -0.940087
1.7 -2.22056
1.705 -0.947538
1.71 -1.02079
1.715 -0.866119
1.725 -0.783181
1.73 -0.864906
1.735 -1.57935
1.74 -1.0358
1.745 -1.04241
1.755 -0.922747
1.76 -1.54058
1.765 -1.11532
1.77 -1.04735
1.775 -0.89129
1.78 -0.647681
1.785 -0.585045
1.79 -0.715847
1.805 -0.877076
1.81 -1.0158
1.82 -1.59473
1.825 -1.59665
1.83 -2.24182
1.84 -0.834916
1.845 -1.27942
1.85 -1.18714
1.855 -1.58132
1.865 -0.709261
1.87 -0.946719
1.875 -1.05082
1.88 -1.60233
1.885 -1.07709
1.89 -2.62309
1.895 -1.5938
1.9 -1.58045
1.91 -1.27756
1.915 -0.865987
1.92 -2.22823
1.925 -1.23687
1.93 -1.5929
1.935 -0.928661
1.94 -0.707069
1.945 -1.29372
1.95 -1.07996
1.955 -0.908775
1.96 -0.872823
1.965 -1.0638
1.97 -1.08732
1.985 -1.58073
1.99 -1.24242
2 -1.28689
2.005 -1.21295
2.01 -1.58865
2.015 -1.28684
2.02 -0.943962
2.025 -1.06111
2.03 -1.24753
2.035 -1.0297
2.045 -1.18275
2.05 -1.58255
2.055 -1.58193
2.06 -1.13224
2.07 -2.75915
2.08 -1.23583
2.105 -2.42137
2.115 -0.989643
2.13 -1.24418
2.135 -1.6136
2.14 -1.46643
2.145 -0.998382
2.165 -1.0682
2.175 -1.22562
2.195 -1.27345
2.2 -1.61169
2.205 -1.13169
2.21 -1.10779
2.23 -1.59967
2.235 -1.23531
2.24 -0.875085
2.245 -0.921528
2.25 -1.05209
2.255 -1.3033
2.265 -0.990402
2.27 -0.85714
2.275 -2.13364
2.28 -1.10916
2.285 -1.5842
2.29 -1.5952
2.295 -1.1657
2.3 -0.881162
2.305 -1.60398
2.31 -0.800226
2.32 -0.999658
2.34 -1.10507
2.345 -1.20269
2.35 -1.19762
2.355 -1.03072
2.365 -1.60019
2.38 -1.58634
2.385 -1.29303
2.395 -0.750809
2.4 -1.58786
2.42 -1.18235
2.425 -0.79565
2.43 -1.58906
2.44 -0.873649
2.455 -1.16886
2.46 -0.969379
2.465 -1.29325
2.47 -0.945883
2.485 -0.973075
2.49 -1.1096
2.495 -1.58455
2.505 -1.59201
2.525 -1.58946
2.53 -1.16796
2.535 -1.19839
2.55 -0.874147
2.56 -1.59071
2.59 -1.80365
2.595 -1.59114
2.61 -0.992681
2.62 -1.25714
2.695 -1.04087
2.725 -2.25838
2.755 -1.04868
2.77 -1.0906
2.775 -0.998061
2.78 -1.18635
2.815 -1.06813
2.83 -1.59714
2.835 -0.687438
2.84 -0.960233
2.855 -1.12277
2.905 -1.07252
3.085 -1.18279
3.095 -1.11066
3.11 -0.831083
3.12 -1.03036
3.19 -1.07453
3.195 -1.08985
3.36 -2.43146
3.39 -1.26171
3.4 -2.249
3.46 -1.00189
3.52 -0.956931
3.53 -0.992371
3.555 -0.996203
3.57 -0.938031
3.65 -1.25479
3.745 -0.950852
3.77 -1.40825
4.095 -0.975666
