0 -2.19838
0.001 -1.61926
0.002 -1.36513
0.003 -1.20388
0.004 -1.05404
0.005 -0.943628
0.006 -0.779813
0.007 -0.703306
0.008 -0.535043
0.009 -0.500757
0.01 -0.346956
0.011 -0.242775
0.012 -0.166752
0.013 -0.0593103
0.014 0.052618
0.015 0.119038
0.016 0.201057
0.017 0.313038
0.018 0.389572
0.019 0.465962
0.02 0.542962
0.021 0.628013
0.022 0.672941
0.023 0.693871
0.024 0.709412
0.025 0.733952
0.026 0.741574
0.027 0.745441
0.028 0.751293
0.029 0.765352
0.03 0.768131
0.031 0.768494
0.032 0.776222
0.033 0.786901
0.034 0.779383
0.035 0.797222
0.036 0.776841
0.037 0.7794
0.038 0.776389
0.039 0.775403
0.04 0.783617
0.041 0.781691
0.042 0.789759
0.043 0.793237
0.044 0.793826
0.045 0.788144
0.046 0.783728
0.047 0.771791
0.048 0.764895
0.049 0.767822
0.05 0.750909
0.051 0.759919
0.052 0.740536
0.053 0.732701
0.054 0.735999
0.055 0.724931
0.056 0.715812
0.057 0.724978
0.058 0.714044
0.059 0.724206
0.06 0.723761
0.061 0.726351
0.062 0.736856
0.063 0.734159
0.064 0.723728
0.065 0.722124
0.066 0.710042
0.067 0.716078
0.068 0.713938
0.069 0.709979
0.07 0.701425
0.071 0.689589
0.072 0.676022
0.073 0.668144
0.074 0.663837
0.075 0.650941
0.076 0.645855
0.077 0.646828
0.078 0.647227
0.079 0.646762
0.08 0.626609
0.081 0.61316
0.082 0.618122
0.083 0.610443
0.084 0.609552
0.085 0.61087
0.086 0.598087
0.087 0.601573
0.088 0.609718
0.089 0.60521
0.09 0.61527
0.091 0.607115
0.092 0.607902
0.093 0.593519
0.094 0.590365
0.095 0.582446
0.096 0.587301
0.097 0.578001
0.098 0.585935
0.099 0.577108
0.1 0.585468
0.101 0.57318
0.102 0.572739
0.103 0.557143
0.104 0.538578
0.105 0.550722
0.106 0.540348
0.107 0.535522
0.108 0.525765
0.109 0.521465
0.11 0.529569
0.111 0.511047
0.112 0.506591
0.113 0.495173
0.114 0.492996
0.115 0.48859
0.116 0.482178
0.117 0.463743
0.118 0.468237
0.119 0.46217
0.12 0.447477
0.121 0.439569
0.122 0.434075
0.123 0.427996
0.124 0.419376
0.125 0.414915
0.126 0.41875
0.127 0.398062
0.128 0.394629
0.129 0.397097
0.13 0.382879
0.131 0.378744
0.132 0.388763
0.133 0.377415
0.134 0.379744
0.135 0.372036
0.136 0.363173
0.137 0.364717
0.138 0.357935
0.139 0.363122
0.14 0.358344
0.141 0.354072
0.142 0.357747
0.143 0.381264
0.144 0.372355
0.145 0.359259
0.146 0.368669
0.147 0.370932
0.148 0.351605
0.149 0.355216
0.15 0.338759
0.151 0.33673
0.152 0.320451
0.153 0.306924
0.154 0.297501
0.155 0.302052
0.156 0.287268
0.157 0.287162
0.158 0.27676
0.159 0.279139
0.16 0.273483
0.161 0.265322
0.162 0.255842
0.163 0.254447
0.164 0.254929
0.165 0.255213
0.166 0.235991
0.167 0.229871
0.168 0.230068
0.169 0.223319
0.17 0.216684
0.171 0.21124
0.172 0.209481
0.173 0.20396
0.174 0.195226
0.175 0.189687
0.176 0.189436
0.177 0.16685
0.178 0.165425
0.179 0.155856
0.18 0.170969
0.181 0.164942
0.182 0.155597
0.183 0.154445
0.184 0.161851
0.185 0.139799
0.186 0.144444
0.187 0.166631
0.188 0.162521
0.189 0.147635
0.19 0.145019
0.191 0.147411
0.192 0.130467
0.193 0.119899
0.194 0.136687
0.195 0.138318
0.196 0.139099
0.197 0.125371
0.198 0.114142
0.199 0.123952
0.2 0.110533
0.201 0.111861
0.202 0.103854
0.203 0.0938037
0.204 0.095894
0.205 0.0720503
0.206 0.0906217
0.207 0.0741499
0.208 0.0764073
0.209 0.0615996
0.21 0.0586598
0.211 0.0540543
0.212 0.0540194
0.213 0.0361964
0.214 0.0176657
0.215 0.0370569
0.216 0.0444538
0.217 0.035461
0.218 0.0283454
0.219 0.0233762
0.22 0.00852588
0.221 0.0184367
0.222 0.0121908
0.223 -0.00326695
0.224 0.0100123
0.225 0.00186659
0.226 -0.00272288
0.227 -0.0165202
0.228 -0.00764203
0.229 -0.00530799
0.23 -0.00523074
0.231 -0.00320837
0.232 -0.0141115
0.233 -0.00611751
0.234 -0.00404987
0.235 0.00881821
0.236 -6.42154e-05
0.237 -0.00606444
0.238 -0.022242
0.239 -0.02543
0.24 -0.00954434
0.241 -0.0203295
0.242 -0.00870356
0.243 -0.0276169
0.244 -0.0423181
0.245 -0.0403648
0.246 -0.0338385
0.247 -0.0505082
0.248 -0.0559946
0.249 -0.0464164
0.25 -0.0471549
0.251 -0.0402867
0.252 -0.0702384
0.253 -0.0663572
0.254 -0.0638554
0.255 -0.0637334
0.256 -0.0552137
0.257 -0.036894
0.258 -0.0603842
0.259 -0.0639456
0.26 -0.0699615
0.261 -0.0960484
0.262 -0.098223
0.263 -0.0967687
0.264 -0.109259
0.265 -0.133582
0.266 -0.123497
0.267 -0.148083
0.268 -0.130329
0.269 -0.132859
0.27 -0.139032
0.271 -0.1545
0.272 -0.154202
0.273 -0.174011
0.274 -0.178736
0.275 -0.195626
0.276 -0.181957
0.277 -0.190885
0.278 -0.214635
0.279 -0.205103
0.28 -0.205214
0.281 -0.20248
0.282 -0.202222
0.283 -0.215697
0.284 -0.233415
0.285 -0.230113
0.286 -0.225898
0.287 -0.236493
0.288 -0.224291
0.289 -0.241254
0.29 -0.23619
0.291 -0.233366
0.292 -0.251799
0.293 -0.252388
0.294 -0.25836
0.295 -0.280537
0.296 -0.257164
0.297 -0.269199
0.298 -0.257851
0.299 -0.254493
0.3 -0.283173
0.301 -0.279574
0.302 -0.263062
0.303 -0.278144
0.304 -0.259058
0.305 -0.285469
0.306 -0.283127
0.307 -0.303782
0.308 -0.291828
0.309 -0.313138
0.31 -0.316058
0.311 -0.327293
0.312 -0.333906
0.313 -0.32314
0.314 -0.315224
0.315 -0.322212
0.316 -0.332618
0.317 -0.35026
0.318 -0.358922
0.319 -0.340602
0.32 -0.349115
0.321 -0.340225
0.322 -0.351733
0.323 -0.347523
0.324 -0.343661
0.325 -0.341212
0.326 -0.329529
0.327 -0.343736
0.328 -0.345461
0.329 -0.327763
0.33 -0.342998
0.331 -0.348159
0.332 -0.344172
0.333 -0.340251
0.334 -0.354355
0.335 -0.353147
0.336 -0.375756
0.337 -0.384316
0.338 -0.371479
0.339 -0.387518
0.34 -0.402742
0.341 -0.379317
0.342 -0.399682
0.343 -0.398866
0.344 -0.419596
0.345 -0.428027
0.346 -0.432199
0.347 -0.426115
0.348 -0.424017
0.349 -0.428922
0.35 -0.447367
0.351 -0.447548
0.352 -0.428386
0.353 -0.437785
0.354 -0.437283
0.355 -0.463143
0.356 -0.439772
0.357 -0.468072
0.358 -0.458172
0.359 -0.465226
0.36 -0.475765
0.361 -0.475792
0.362 -0.467034
0.363 -0.474709
0.364 -0.485095
0.365 -0.508897
0.366 -0.505728
0.367 -0.48413
0.368 -0.496937
0.369 -0.520655
0.37 -0.53767
0.371 -0.519359
0.372 -0.540277
0.373 -0.564316
0.374 -0.550363
0.375 -0.599412
0.376 -0.580023
0.377 -0.59079
0.378 -0.591494
0.379 -0.6079
0.38 -0.627333
0.381 -0.621466
0.382 -0.61422
0.383 -0.621277
0.384 -0.641633
0.385 -0.613989
0.386 -0.622288
0.387 -0.638856
0.388 -0.639321
0.389 -0.638955
0.39 -0.665589
0.391 -0.665918
0.392 -0.661889
0.393 -0.663108
0.394 -0.665433
0.395 -0.66918
0.396 -0.670912
0.397 -0.67161
0.398 -0.70192
0.399 -0.680751
0.4 -0.692762
0.401 -0.728216
0.402 -0.703741
0.403 -0.736938
0.404 -0.72528
0.405 -0.714928
0.406 -0.738261
0.407 -0.744262
0.408 -0.722829
0.409 -0.734985
0.41 -0.752865
0.411 -0.757784
0.412 -0.749396
0.413 -0.767308
0.414 -0.744903
0.415 -0.761484
0.416 -0.76306
0.417 -0.76776
0.418 -0.771929
0.419 -0.790438
0.42 -0.792704
0.421 -0.798888
0.422 -0.796809
0.423 -0.785935
0.424 -0.813069
0.425 -0.796674
0.426 -0.817286
0.427 -0.822421
0.428 -0.826939
0.429 -0.812426
0.43 -0.830651
0.431 -0.82092
0.432 -0.820304
0.433 -0.847927
0.434 -0.856211
0.435 -0.843455
0.436 -0.843054
0.437 -0.841311
0.438 -0.854256
0.439 -0.840735
0.44 -0.838577
0.441 -0.862299
0.442 -0.850444
0.443 -0.84748
0.444 -0.873241
0.445 -0.872912
0.446 -0.860355
0.447 -0.830774
0.448 -0.869238
0.449 -0.876099
0.45 -0.881083
0.451 -0.862792
0.452 -0.86921
0.453 -0.892325
0.454 -0.901493
0.455 -0.892061
0.456 -0.902792
0.457 -0.891465
0.458 -0.906634
0.459 -0.920549
0.46 -0.92707
0.461 -0.925715
0.462 -0.957248
0.463 -0.947252
0.464 -0.950247
0.465 -0.968179
0.466 -0.946431
0.467 -0.964896
0.468 -0.97801
0.469 -0.981759
0.47 -0.970803
0.471 -0.970808
0.472 -1.00228
0.473 -1.00635
0.474 -0.99453
0.475 -1.00175
0.476 -1.00397
0.477 -1.02468
0.478 -1.00181
0.479 -1.02873
0.48 -1.03512
0.481 -1.03971
0.482 -1.04701
0.483 -1.02631
0.484 -1.02672
0.485 -1.07392
0.486 -1.09816
0.487 -1.07532
0.488 -1.08422
0.489 -1.08593
0.49 -1.05773
0.491 -1.0751
0.492 -1.09726
0.493 -1.10808
0.494 -1.11287
0.495 -1.11812
0.496 -1.15289
0.497 -1.11562
0.498 -1.154
0.499 -1.15635
0.5 -1.14648
0.501 -1.12322
0.502 -1.18668
0.503 -1.17957
0.504 -1.21309
0.505 -1.17874
0.506 -1.22028
0.507 -1.21682
0.508 -1.22577
0.509 -1.26666
0.51 -1.2788
0.511 -1.24969
0.512 -1.27837
0.513 -1.28485
0.514 -1.27887
0.515 -1.28951
0.516 -1.34519
0.517 -1.35419
0.518 -1.37887
0.519 -1.35551
0.52 -1.31579
0.521 -1.34146
0.522 -1.3675
0.523 -1.40614
0.524 -1.39076
0.525 -1.3626
0.526 -1.42057
0.527 -1.43021
0.528 -1.4308
0.529 -1.44137
0.53 -1.43741
0.531 -1.48488
0.532 -1.50592
0.533 -1.49743
0.534 -1.49262
0.535 -1.49625
0.536 -1.50405
0.537 -1.51718
0.538 -1.52482
0.539 -1.56033
0.54 -1.61277
0.541 -1.58286
0.542 -1.55172
0.543 -1.60103
0.544 -1.55326
0.545 -1.59262
0.546 -1.62011
0.547 -1.6692
0.548 -1.60926
0.549 -1.67359
0.55 -1.67422
0.551 -1.64083
0.552 -1.63233
0.553 -1.69218
0.554 -1.73105
0.555 -1.67743
0.556 -1.70303
0.557 -1.70609
0.558 -1.70982
0.559 -1.70549
0.56 -1.75265
0.561 -1.75775
0.562 -1.72504
0.563 -1.7828
0.564 -1.81405
0.565 -1.68869
0.566 -1.81336
0.567 -1.82276
0.568 -1.78163
0.569 -1.70706
0.57 -1.80383
0.571 -1.8585
0.572 -1.86204
0.573 -1.8361
0.574 -1.83426
0.575 -1.78141
0.576 -1.87972
0.577 -1.80568
0.578 -1.84004
0.579 -1.85636
0.58 -1.81882
0.581 -1.89794
0.582 -1.84951
0.583 -1.97911
0.584 -1.92915
0.585 -1.91581
0.586 -1.89468
0.587 -1.86694
0.588 -2.01132
0.589 -1.96982
0.59 -1.95886
0.591 -2.03562
0.592 -1.93078
0.593 -1.95939
0.594 -1.95348
0.595 -2.01821
0.596 -1.94427
0.597 -2.05597
0.598 -2.04041
0.599 -2.0977
0.6 -2.1227
0.601 -2.12254
0.602 -2.04267
0.603 -2.06982
0.604 -2.04355
0.605 -2.10939
0.606 -2.00822
0.607 -2.04675
0.608 -2.12293
0.609 -2.06013
0.61 -2.12253
0.611 -2.30045
0.612 -2.09705
0.613 -2.19088
0.614 -2.0245
0.615 -2.06239
0.616 -2.16609
0.617 -2.11206
0.618 -2.07326
0.619 -2.18155
0.62 -2.05458
0.621 -2.14042
0.622 -2.05585
0.623 -2.15632
0.624 -2.16959
0.625 -2.19186
0.626 -1.9429
0.627 -2.15484
0.628 -2.09283
0.629 -2.23791
0.63 -2.20436
0.631 -2.1921
0.632 -2.25307
0.633 -2.10855
0.634 -2.04535
0.635 -2.29035
0.636 -2.22812
0.637 -2.08677
0.638 -2.1445
0.639 -2.17102
0.64 -2.2843
0.641 -2.28475
0.642 -2.25957
0.643 -2.23191
0.644 -2.11796
0.645 -2.18596
0.646 -2.39434
0.647 -2.3371
0.648 -2.22823
0.649 -2.22616
0.65 -2.19971
0.651 -2.1845
0.652 -2.42106
0.653 -2.098
0.654 -2.30794
0.655 -2.11264
0.656 -2.21383
0.657 -2.23338
0.658 -2.20519
0.659 -2.35267
0.66 -2.2634
0.661 -2.28421
0.662 -2.30054
0.663 -2.28242
0.664 -2.28689
0.665 -2.16835
0.666 -2.40928
0.667 -2.35642
0.668 -2.3733
0.669 -2.33169
0.67 -2.29589
0.671 -2.39556
0.672 -2.27696
0.673 -2.28681
0.674 -2.21857
0.675 -2.20134
0.676 -2.28623
0.677 -2.39601
0.678 -2.3906
0.679 -2.27536
0.68 -2.3137
0.681 -2.21956
0.682 -2.22983
0.683 -2.53772
0.684 -2.16741
0.685 -2.40662
0.686 -2.38417
0.687 -2.35854
0.688 -2.48248
0.689 -2.47823
0.69 -2.34235
0.691 -2.42923
0.692 -2.37407
0.693 -2.53162
0.694 -2.5236
0.695 -2.69829
0.696 -2.2529
0.697 -2.47509
0.698 -2.28527
0.699 -2.31874
0.7 -2.51026
0.701 -2.57984
0.702 -2.33889
0.703 -2.48625
0.704 -2.38139
0.705 -2.35824
0.706 -2.70407
0.707 -2.37046
0.708 -2.36363
0.709 -2.3775
0.71 -2.65853
0.711 -2.55485
0.712 -2.26846
0.713 -2.47215
0.714 -2.61941
0.715 -2.35724
0.716 -2.48374
0.717 -2.60982
0.718 -2.39086
0.719 -2.42288
0.72 -2.4412
0.721 -2.46208
0.722 -2.75233
0.723 -2.34208
0.724 -2.4426
0.725 -2.58203
0.726 -2.7497
0.727 -2.54828
0.728 -2.46106
0.729 -2.66948
0.73 -2.46899
0.731 -2.4234
0.732 -2.55842
0.733 -2.65973
0.734 -2.58961
0.735 -2.38562
0.736 -2.53791
0.737 -2.65425
0.738 -2.62401
0.739 -2.64294
0.74 -2.60872
0.741 -2.59259
0.742 -2.39167
0.743 -2.6174
0.744 -2.634
0.745 -2.7614
0.746 -2.50416
0.747 -2.54333
0.748 -2.57345
0.749 -2.69174
0.75 -2.88306
0.751 -2.56805
0.752 -2.49492
0.753 -2.67985
0.754 -2.60583
0.755 -3.01835
0.756 -2.45157
0.757 -2.9423
0.758 -2.48488
0.759 -2.62699
0.76 -2.70452
0.761 -2.6026
0.762 -2.68302
0.763 -2.98757
0.764 -2.68219
0.765 -2.95285
0.766 -2.62806
0.767 -2.51285
0.768 -2.65233
0.769 -2.5085
0.77 -2.7027
0.771 -2.49357
0.772 -2.78844
0.773 -2.60408
0.774 -3.05349
0.775 -2.95201
0.776 -2.78369
0.777 -2.82929
0.778 -2.65014
0.779 -3.07961
0.78 -2.7422
0.781 -2.61107
0.782 -2.70157
0.783 -2.98863
0.784 -2.67179
0.785 -2.84537
0.786 -2.50494
0.787 -2.90985
0.788 -2.66214
0.789 -3.15684
0.79 -2.69139
0.791 -2.72815
0.792 -3.0982
0.793 -2.75976
0.794 -2.81402
0.795 -2.73233
0.796 -2.68709
0.797 -2.88628
0.798 -3.03192
0.799 -3.18793
0.8 -2.95566
0.801 -2.82476
0.802 -2.88974
0.803 -2.92631
0.804 -2.63081
0.805 -2.85088
0.806 -2.96651
0.807 -3.04988
0.808 -2.82579
0.809 -2.59079
0.81 -3.09494
0.811 -2.95024
0.812 -2.68234
0.813 -2.96108
0.814 -2.81753
0.815 -2.74575
0.816 -3.16035
0.817 -3.29511
0.818 -2.98813
0.819 -3.11543
0.82 -3.1992
0.821 -3.01856
0.822 -3.23859
0.823 -2.78767
0.824 -2.93336
0.825 -2.434
0.826 -3.10259
0.827 -3.01703
0.828 -2.82532
0.829 -3.31828
0.83 -2.92042
0.831 -2.50604
0.832 -2.98514
0.833 -3.10497
0.834 -2.83126
0.835 -2.56584
0.836 -2.66846
0.837 -3.02795
0.838 -2.9789
0.839 -3.3401
0.84 -2.68073
0.841 -3.40364
0.842 -3.1113
0.843 -2.63372
0.844 -3.05654
0.845 -2.99133
0.846 -3.03709
0.847 -2.97311
0.848 -2.73375
0.849 -3.05227
0.85 -2.79721
0.851 -2.70588
0.852 -2.69005
0.853 -3.20668
0.854 -2.7685
0.855 -3.4269
0.856 -2.66362
0.857 -3.20956
0.858 -2.64796
0.859 -3.37824
0.86 -2.78755
0.861 -3.21342
0.862 -2.80152
0.863 -2.79107
0.864 -3.05732
0.865 -2.74385
0.866 -2.87839
0.867 -3.47602
0.868 -3.12546
0.869 -3.32526
0.87 -2.76945
0.871 -3.30268
0.872 -2.78509
0.873 -2.57269
0.874 -3.30787
0.875 -2.78025
0.876 -3.48925
0.877 -3.22114
0.878 -3.10454
0.879 -3.17517
0.88 -2.71271
0.881 -2.98718
0.882 -3.12825
0.883 -3.19169
0.884 -2.96079
0.885 -3.01469
0.886 -2.8612
0.887 -3.08171
0.888 -3.34989
0.889 -3.24109
0.89 -3.74277
0.891 -3.14255
0.892 -3.16795
0.893 -3.04789
0.894 -3.05173
0.895 -3.29382
0.896 -3.49982
0.897 -2.71626
0.898 -3.20222
0.899 -3.38194
0.9 -3.16757
0.901 -3.90979
0.902 -3.44422
0.903 -2.85586
0.904 -3.66384
0.905 -2.8438
0.906 -3.0771
0.907 -2.77628
0.908 -3.25693
0.909 -3.07094
0.91 -3.37569
0.911 -2.81591
0.912 -3.09329
0.913 -2.97889
0.914 -3.31486
0.915 -2.90727
0.916 -2.98251
0.917 -3.37566
0.918 -2.92068
0.919 -3.43041
0.92 -3.23707
0.921 -3.15358
0.922 -3.61836
0.923 -2.87994
0.924 -2.9555
0.925 -3.16838
0.926 -2.99696
0.927 -3.00861
0.928 -3.04597
0.929 -3.368
0.93 -3.24447
0.931 -3.12099
0.932 -3.08452
0.933 -2.94649
0.934 -3.22229
0.935 -2.81666
0.936 -3.2797
0.937 -3.81393
0.938 -3.41825
0.939 -3.26155
0.94 -3.72506
0.941 -3.54944
0.942 -3.21813
0.943 -2.99312
0.944 -2.96526
0.945 -3.31026
0.946 -2.70228
0.947 -3.38976
0.948 -3.78445
0.949 -3.29834
0.95 -2.93617
0.951 -3.28343
0.952 -3.81034
0.953 -3.41807
0.954 -3.4015
0.955 -2.98044
0.956 -4.35251
0.957 -3.63991
0.958 -3.98863
0.959 -3.31331
0.96 -3.52222
0.961 -3.11217
0.962 -3.54526
0.963 -3.16668
0.964 -3.95423
0.965 -3.17188
0.966 -3.34927
0.967 -2.65301
0.968 -3.01979
0.969 -3.09877
0.97 -3.53406
0.971 -2.8415
0.972 -2.69523
0.973 -4.16395
0.974 -3.64834
0.975 -3.68524
0.976 -2.75676
0.977 -3.87323
0.978 -3.372
0.979 -3.20048
0.98 -3.27045
0.981 -3.21007
0.982 -3.3789
0.983 -3.90776
0.984 -2.95169
0.985 -3.30279
0.986 -2.69323
0.987 -4.08462
0.988 -4.54805
0.989 -3.45396
0.99 -3.1526
0.991 -3.42868
0.992 -3.41016
0.993 -3.76001
0.994 -3.50455
0.995 -3.21044
0.996 -3.76989
0.997 -3.21768
0.998 -3.43373
0.999 -3.79988
1 -3.14197
1.001 -3.40432
1.002 -3.43855
1.003 -2.91473
1.004 -3.65951
1.005 -3.33998
1.006 -3.81165
1.007 -3.55512
1.008 -2.80339
1.009 -3.44754
1.01 -3.6892
1.011 -3.17508
1.012 -4.16837
1.013 -2.80237
1.014 -2.82764
1.015 -3.68647
1.016 -3.3151
1.017 -3.52382
1.018 -3.8163
1.019 -3.68413
1.02 -3.14913
1.021 -3.89499
1.022 -3.37853
1.023 -3.55152
1.024 -3.34043
1.025 -4.05376
1.026 -3.72107
1.027 -3.25486
1.028 -2.83065
1.029 -3.8103
1.03 -3.64873
1.031 -4.06233
1.032 -3.97982
1.033 -4.00127
1.034 -3.67722
1.035 -2.72581
1.036 -3.87803
1.037 -3.6814
1.038 -2.89316
1.039 -2.86054
1.04 -3.47736
1.041 -3.27988
1.042 -3.72017
1.043 -3.75535
1.044 -3.60814
1.045 -4.45162
1.046 -2.91516
1.047 -3.3517
1.048 -3.43519
1.049 -4.32249
1.05 -3.24417
1.051 -2.96807
1.052 -3.62095
1.053 -3.36046
1.054 -4.59495
1.055 -3.90344
1.056 -3.47001
1.057 -3.42701
1.058 -3.1238
1.059 -3.26279
1.06 -3.60175
1.061 -3.53154
1.063 -3.85992
1.064 -3.11543
1.065 -3.0815
1.066 -2.83687
1.067 -3.23973
1.068 -2.91802
1.069 -3.33338
1.07 -4.39061
1.071 -4.11753
1.072 -3.36478
1.073 -4.31716
1.074 -3.26186
1.075 -4.71636
1.076 -3.81758
1.077 -3.15798
1.078 -3.46167
1.079 -3.81305
1.08 -3.35594
1.081 -2.94184
1.082 -4.55803
1.083 -5.4936
1.084 -3.2527
1.085 -3.53992
1.086 -4.05097
1.087 -2.87591
1.088 -2.95215
1.089 -3.04973
1.09 -3.02662
1.091 -4.26711
1.092 -4.28323
1.093 -3.6162
1.095 -3.69816
1.097 -4.37286
1.098 -3.87892
1.099 -4.82261
1.1 -4.73196
1.101 -4.47509
1.102 -3.38577
1.103 -3.63661
1.104 -4.0401
1.106 -3.69929
1.107 -3.37045
1.108 -3.53274
1.109 -3.6238
1.11 -3.67996
1.111 -4.27908
1.112 -3.88388
1.113 -3.929
1.114 -3.43896
1.115 -4.49591
1.116 -3.32961
1.117 -3.75037
1.118 -4.9001
1.119 -4.38623
1.12 -3.14097
1.121 -3.96257
1.122 -4.58583
1.123 -3.75606
1.124 -3.40243
1.125 -4.3618
1.126 -3.59219
1.127 -4.20168
1.128 -3.75319
1.129 -3.68366
1.13 -3.85684
1.131 -4.07492
1.132 -3.66627
1.133 -4.35422
1.134 -3.96996
1.135 -4.14397
1.136 -3.15767
1.137 -3.95697
1.138 -4.24465
1.139 -4.31904
1.14 -3.83826
1.141 -4.76307
1.142 -3.41407
1.143 -3.89044
1.144 -4.36099
1.145 -3.58553
1.146 -3.40703
1.147 -5.2035
1.148 -3.3073
1.149 -4.92494
1.15 -3.32739
1.151 -4.43699
1.152 -3.49192
1.153 -3.50395
1.154 -3.82295
1.155 -3.17488
1.156 -2.9549
1.157 -4.61213
1.158 -3.78474
1.159 -3.80114
1.16 -3.55786
1.161 -3.75677
1.162 -3.12664
1.163 -2.90559
1.164 -3.88362
1.165 -3.52092
1.166 -3.61579
1.167 -4.71949
1.168 -4.40871
1.169 -4.45176
1.17 -3.30628
1.171 -3.17031
1.172 -4.20341
1.173 -4.25072
1.174 -3.8808
1.175 -3.56078
1.176 -4.0067
1.177 -3.15323
1.178 -5.30918
1.179 -4.45917
1.18 -5.39423
1.182 -5.12525
1.183 -3.48794
1.184 -3.6162
1.185 -3.93441
1.186 -4.89141
1.187 -4.40091
1.188 -4.88536
1.189 -2.96857
1.191 -3.21183
1.193 -4.18442
1.195 -3.6486
1.196 -3.83379
1.198 -3.09713
1.2 -3.87297
1.202 -3.51165
1.203 -2.88125
1.204 -2.955
1.205 -3.89936
1.206 -3.79342
1.207 -2.89019
1.208 -3.8939
1.209 -3.35843
1.21 -3.51976
1.211 -3.03694
1.212 -3.91755
1.213 -4.26363
1.214 -4.0271
1.215 -5.44051
1.216 -3.32165
1.219 -3.61599
1.22 -5.26245
1.221 -3.78539
1.222 -3.18902
1.223 -3.57013
1.224 -4.48353
1.225 -4.36827
1.226 -3.18746
1.227 -3.81654
1.228 -4.08288
1.229 -4.61042
1.23 -3.38897
1.231 -4.2252
1.232 -4.51699
1.233 -4.72813
1.234 -4.88424
1.235 -4.48135
1.236 -3.72091
1.238 -3.93362
1.239 -3.85185
1.24 -4.68403
1.241 -4.19235
1.243 -3.65131
1.245 -3.47885
1.246 -3.47391
1.247 -3.87298
1.248 -4.9236
1.25 -4.07603
1.251 -4.88889
1.253 -3.16117
1.254 -4.25014
1.255 -3.87219
1.256 -3.12787
1.257 -4.50825
1.258 -4.96477
1.26 -4.98342
1.263 -2.96455
1.264 -3.87433
1.265 -3.2537
1.266 -4.30493
1.268 -4.80861
1.27 -4.59651
1.271 -3.91429
1.272 -4.51395
1.274 -3.76589
1.276 -3.59576
1.277 -5.12215
1.282 -4.81488
1.285 -3.60351
1.286 -5.08932
1.288 -3.85879
1.289 -4.34951
1.293 -4.8688
1.294 -3.43907
1.295 -3.3688
1.297 -3.76458
1.298 -3.98537
1.299 -4.2297
1.3 -3.79333
1.301 -5.07389
1.302 -4.76721
1.304 -4.74541
1.306 -4.54985
1.307 -3.65633
1.309 -4.9154
1.31 -3.67523
1.311 -3.86574
1.312 -4.236
1.314 -4.80432
1.316 -4.38526
1.317 -3.44584
1.318 -3.24414
1.319 -3.78099
1.32 -4.38544
1.321 -3.75655
1.322 -3.55721
1.324 -3.9875
1.325 -4.32371
1.326 -5.70741
1.329 -4.07267
1.33 -4.67415
1.333 -4.11289
1.334 -4.7563
1.337 -5.49173
1.338 -3.87438
1.339 -3.51608
1.341 -4.65376
1.342 -3.23654
1.343 -4.34499
1.345 -3.94831
1.346 -4.13851
1.349 -3.80467
1.35 -4.65335
1.354 -5.29069
1.355 -3.70181
1.357 -3.91761
1.359 -4.56649
1.36 -3.54413
1.361 -3.13587
1.364 -3.44176
1.366 -4.75516
1.369 -3.60591
1.371 -5.26245
1.372 -4.03068
1.373 -4.33892
1.374 -4.09167
1.375 -4.16063
1.379 -4.18446
1.381 -4.89382
1.383 -5.00551
1.386 -5.33164
1.387 -3.97285
1.388 -3.86131
1.391 -4.84782
1.394 -4.25468
1.395 -3.58591
1.397 -3.67896
1.398 -4.52096
1.403 -4.73439
1.404 -4.26576
1.405 -3.71101
1.406 -3.6405
1.408 -3.30944
1.412 -4.55576
1.413 -4.64485
1.415 -4.5323
1.416 -3.9366
1.417 -3.67379
1.421 -5.30472
1.422 -4.46846
1.423 -4.7375
1.426 -4.30766
1.428 -4.16797
1.43 -3.86247
1.434 -3.874
1.435 -3.9648
1.437 -4.49161
1.439 -4.04068
1.44 -5.48171
1.445 -4.88814
1.447 -3.82944
1.449 -4.96081
1.45 -3.89353
1.452 -4.82528
1.454 -4.59568
1.455 -4.66834
1.457 -3.38185
1.458 -4.11584
1.459 -3.71618
1.463 -4.90814
1.465 -4.68073
1.47 -4.50406
1.471 -4.62036
1.472 -3.96358
1.479 -5.114
1.48 -4.66947
1.481 -4.21866
1.482 -5.6224
1.486 -4.45088
1.487 -2.89527
1.488 -3.80568
1.493 -3.86735
1.494 -4.83328
1.496 -3.94593
1.5 -4.26782
1.501 -5.3126
1.503 -4.54213
1.504 -4.18836
1.505 -3.75733
1.508 -4.25156
1.509 -4.68221
1.511 -4.75228
1.514 -4.73081
1.516 -4.642
1.517 -4.063
1.518 -4.54445
1.52 -4.61187
1.522 -4.0014
1.524 -4.54576
1.525 -3.6405
1.527 -5.2993
1.531 -5.23983
1.532 -5.69216
1.536 -3.33831
1.537 -3.55572
1.539 -5.72769
1.541 -3.50832
1.547 -3.91284
1.548 -4.41043
1.55 -4.89681
1.551 -4.85647
1.552 -4.92223
1.553 -3.75261
1.554 -4.63222
1.555 -4.85513
1.561 -5.70511
1.566 -4.53457
1.568 -4.93926
1.578 -3.92516
1.581 -3.77773
1.583 -5.04284
1.584 -3.81268
1.587 -4.27724
1.588 -4.44911
1.59 -4.84034
1.592 -4.28022
1.597 -4.10989
1.598 -4.06412
1.603 -4.12922
1.606 -4.94964
1.612 -4.54185
1.618 -4.61238
1.622 -4.5738
1.627 -4.84024
1.63 -4.5472
1.635 -4.44047
1.638 -4.75188
1.643 -4.73428
1.649 -4.19158
1.67 -4.87163
1.699 -5.33941
1.703 -4.8362
1.724 -4.53852
1.725 -3.93576
1.727 -4.15642
1.737 -3.63686
1.738 -4.41459
1.74 -3.26056
1.741 -3.6892
1.742 -3.95992
1.745 -3.63977
1.753 -4.71043
1.755 -4.55139
1.756 -3.82527
1.764 -3.42854
1.772 -4.10201
1.789 -5.44018
1.795 -4.91664
1.808 -3.42254
1.811 -3.74259
1.812 -4.91831
1.821 -4.63051
1.83 -5.48716
1.843 -4.71012
1.869 -4.4006
1.874 -4.29067
1.885 -4.58693
1.887 -5.00926
1.89 -4.39945
1.892 -5.00893
1.898 -4.548
1.912 -5.38591
1.935 -4.69273
1.937 -4.72023
1.949 -5.07301
1.951 -4.44608
1.968 -5.02342
1.984 -4.19214
1.994 -3.98076
2.035 -4.35095
2.047 -3.65631
2.054 -4.39441
2.066 -5.64809
2.081 -4.47118
2.132 -5.51393
2.152 -4.19544
2.153 -4.66227
2.208 -4.7793
2.219 -4.76269
2.32 -4.21389
2.393 -5.48171
2.411 -4.92158
2.479 -5.39962
 
 
