0 -2.15432
0.001 -1.77917
0.002 -1.64685
0.003 -1.41076
0.004 -1.34991
0.005 -1.21323
0.006 -1.11734
0.007 -0.997952
0.008 -0.896336
0.009 -0.813114
0.01 -0.646397
0.011 -0.546992
0.012 -0.527203
0.013 -0.38236
0.014 -0.336075
0.015 -0.233425
0.016 -0.201712
0.017 -0.162274
0.018 -0.128795
0.019 -0.117755
0.02 -0.0869445
0.021 -0.0552527
0.022 -0.0722113
0.023 -0.0582397
0.024 -0.0392047
0.025 -0.0257492
0.026 -0.0580819
0.027 -0.0276131
0.028 -0.0170571
0.029 -0.0213575
0.03 -0.0334135
0.031 -0.0542721
0.032 -0.0458209
0.033 -0.0643032
0.034 -0.0579602
0.035 -0.0653899
0.036 -0.0661678
0.037 -0.0486864
0.038 -0.0493656
0.039 -0.0351004
0.04 -0.0547293
0.041 -0.0513474
0.042 -0.0678548
0.043 -0.0753921
0.044 -0.0767351
0.045 -0.0841647
0.046 -0.0628863
0.047 -0.0701983
0.048 -0.0787667
0.049 -0.0685039
0.05 -0.0874341
0.051 -0.0844553
0.052 -0.0723809
0.053 -0.105726
0.054 -0.0993925
0.055 -0.107507
0.056 -0.108318
0.057 -0.124023
0.058 -0.132801
0.059 -0.129136
0.06 -0.118758
0.061 -0.143812
0.062 -0.133039
0.063 -0.16721
0.064 -0.154429
0.065 -0.14417
0.066 -0.155306
0.067 -0.14274
0.068 -0.1832
0.069 -0.180536
0.07 -0.19136
0.071 -0.20496
0.072 -0.212572
0.073 -0.179242
0.074 -0.222854
0.075 -0.233996
0.076 -0.206149
0.077 -0.215775
0.078 -0.199678
0.079 -0.22663
0.08 -0.230739
0.081 -0.218774
0.082 -0.223817
0.083 -0.224205
0.084 -0.239283
0.085 -0.234784
0.086 -0.243534
0.087 -0.251886
0.088 -0.250636
0.089 -0.268815
0.09 -0.274043
0.091 -0.270478
0.092 -0.314481
0.093 -0.271897
0.094 -0.259505
0.095 -0.271562
0.096 -0.278122
0.097 -0.273996
0.098 -0.296478
0.099 -0.300918
0.1 -0.303324
0.101 -0.32639
0.102 -0.293322
0.103 -0.334734
0.104 -0.309038
0.105 -0.302081
0.106 -0.310195
0.107 -0.307262
0.108 -0.31073
0.109 -0.329142
0.11 -0.345758
0.111 -0.35116
0.112 -0.376642
0.113 -0.365984
0.114 -0.368929
0.115 -0.363756
0.116 -0.377839
0.117 -0.397455
0.118 -0.38872
0.119 -0.388222
0.12 -0.386463
0.121 -0.430507
0.122 -0.401289
0.123 -0.408718
0.124 -0.419817
0.125 -0.396327
0.126 -0.421345
0.127 -0.43442
0.128 -0.414785
0.129 -0.442891
0.13 -0.387003
0.131 -0.413591
0.132 -0.402043
0.133 -0.356019
0.134 -0.388041
0.135 -0.357201
0.136 -0.386696
0.137 -0.38292
0.138 -0.372358
0.139 -0.401785
0.14 -0.373283
0.141 -0.374497
0.142 -0.393031
0.143 -0.387154
0.144 -0.392615
0.145 -0.369576
0.146 -0.413352
0.147 -0.4221
0.148 -0.439561
0.149 -0.430666
0.15 -0.445742
0.151 -0.481376
0.152 -0.466572
0.153 -0.460928
0.154 -0.449491
0.155 -0.487945
0.156 -0.481837
0.157 -0.483783
0.158 -0.501076
0.159 -0.526202
0.16 -0.515525
0.161 -0.559566
0.162 -0.513981
0.163 -0.515715
0.164 -0.543616
0.165 -0.557023
0.166 -0.512815
0.167 -0.546973
0.168 -0.552958
0.169 -0.526995
0.17 -0.546284
0.171 -0.526363
0.172 -0.548947
0.173 -0.542613
0.174 -0.559838
0.175 -0.56343
0.176 -0.545367
0.177 -0.549001
0.178 -0.560075
0.179 -0.529171
0.18 -0.494957
0.181 -0.55116
0.182 -0.548711
0.183 -0.528067
0.184 -0.560164
0.185 -0.526455
0.186 -0.592955
0.187 -0.550614
0.188 -0.52813
0.189 -0.567246
0.19 -0.587223
0.191 -0.54152
0.192 -0.581941
0.193 -0.560546
0.194 -0.545244
0.195 -0.570849
0.196 -0.571712
0.197 -0.590263
0.198 -0.569487
0.199 -0.549711
0.2 -0.584031
0.201 -0.585696
0.202 -0.60343
0.203 -0.603669
0.204 -0.605762
0.205 -0.634979
0.206 -0.61128
0.207 -0.643895
0.208 -0.609018
0.209 -0.643301
0.21 -0.642495
0.211 -0.685069
0.212 -0.651356
0.213 -0.639845
0.214 -0.640372
0.215 -0.655888
0.216 -0.689073
0.217 -0.701692
0.218 -0.644659
0.219 -0.656138
0.22 -0.681907
0.221 -0.649035
0.222 -0.68138
0.223 -0.664207
0.224 -0.711167
0.225 -0.686753
0.226 -0.652897
0.227 -0.695921
0.228 -0.665584
0.229 -0.708409
0.23 -0.682675
0.231 -0.724295
0.232 -0.705565
0.233 -0.716606
0.234 -0.722715
0.235 -0.713219
0.236 -0.699148
0.237 -0.706459
0.238 -0.732889
0.239 -0.72976
0.24 -0.744725
0.241 -0.791805
0.242 -0.782518
0.243 -0.771061
0.244 -0.688148
0.245 -0.692423
0.246 -0.714861
0.247 -0.722905
0.248 -0.721377
0.249 -0.709978
0.25 -0.733017
0.251 -0.707147
0.252 -0.724771
0.253 -0.680041
0.254 -0.731016
0.255 -0.698675
0.256 -0.700156
0.257 -0.711411
0.258 -0.743725
0.259 -0.675469
0.26 -0.730307
0.261 -0.6919
0.262 -0.782579
0.263 -0.780813
0.264 -0.742898
0.265 -0.77206
0.266 -0.734159
0.267 -0.764795
0.268 -0.855075
0.269 -0.733861
0.27 -0.746558
0.271 -0.78033
0.272 -0.810878
0.273 -0.765136
0.274 -0.840092
0.275 -0.790641
0.276 -0.764481
0.277 -0.815762
0.278 -0.771177
0.279 -0.805967
0.28 -0.81723
0.281 -0.787695
0.282 -0.792505
0.283 -0.82117
0.284 -0.834817
0.285 -0.808215
0.286 -0.837124
0.287 -0.850476
0.288 -0.798607
0.289 -0.797032
0.29 -0.793748
0.291 -0.792466
0.292 -0.797251
0.293 -0.828193
0.294 -0.82512
0.295 -0.817659
0.296 -0.809856
0.297 -0.8458
0.298 -0.811723
0.299 -0.789345
0.3 -0.821117
0.301 -0.833139
0.302 -0.85397
0.303 -0.813664
0.304 -0.844099
0.305 -0.888636
0.306 -0.862444
0.307 -0.86961
0.308 -0.885342
0.309 -0.862751
0.31 -0.856133
0.311 -0.889846
0.312 -0.890398
0.313 -0.873009
0.314 -0.820472
0.315 -0.898931
0.316 -0.864805
0.317 -0.907405
0.318 -0.868435
0.319 -0.874812
0.32 -0.878607
0.321 -0.885104
0.322 -0.895592
0.323 -0.862028
0.324 -0.921191
0.325 -0.913121
0.326 -0.872055
0.327 -0.93283
0.328 -0.941611
0.329 -0.894379
0.33 -0.928876
0.331 -0.911224
0.332 -0.903037
0.333 -0.928925
0.334 -0.918523
0.335 -0.890592
0.336 -0.905923
0.337 -0.918524
0.338 -0.923769
0.339 -0.944218
0.34 -0.961048
0.341 -0.954011
0.342 -0.936132
0.343 -0.920627
0.344 -0.942504
0.345 -0.907129
0.346 -0.956709
0.347 -0.930371
0.348 -0.93554
0.349 -0.971758
0.35 -0.978923
0.351 -0.940382
0.352 -0.966997
0.353 -1.02495
0.354 -1.03216
0.355 -1.00921
0.356 -0.993783
0.357 -1.00349
0.358 -1.00743
0.359 -0.987252
0.36 -0.98039
0.361 -0.99915
0.362 -1.02435
0.363 -1.00493
0.364 -1.02308
0.365 -1.00628
0.366 -1.03054
0.367 -1.01136
0.368 -1.01676
0.369 -1.03398
0.37 -1.01644
0.371 -1.01849
0.372 -1.02186
0.373 -1.03532
0.374 -1.06193
0.375 -1.04088
0.376 -1.07018
0.377 -1.06173
0.378 -1.06218
0.379 -1.04901
0.38 -1.08035
0.381 -1.07507
0.382 -1.0371
0.383 -1.07563
0.384 -1.02732
0.385 -1.07665
0.386 -1.07967
0.387 -1.04792
0.388 -1.07012
0.389 -1.1328
0.39 -1.08237
0.391 -1.09195
0.392 -1.06168
0.393 -1.04653
0.394 -1.10337
0.395 -1.11483
0.396 -1.05351
0.397 -1.09987
0.398 -1.08286
0.399 -1.10509
0.4 -1.09039
0.401 -1.09344
0.402 -1.14452
0.403 -1.10074
0.404 -1.12395
0.405 -1.16614
0.406 -1.13998
0.407 -1.16862
0.408 -1.10089
0.409 -1.13215
0.41 -1.16523
0.411 -1.15956
0.412 -1.13742
0.413 -1.17997
0.414 -1.17325
0.415 -1.1789
0.416 -1.18085
0.417 -1.18366
0.418 -1.15106
0.419 -1.15419
0.42 -1.18084
0.421 -1.17072
0.422 -1.23774
0.423 -1.14586
0.424 -1.19962
0.425 -1.1887
0.426 -1.14488
0.427 -1.12978
0.428 -1.14259
0.429 -1.19152
0.43 -1.14904
0.431 -1.15363
0.432 -1.17871
0.433 -1.14796
0.434 -1.17253
0.435 -1.18218
0.436 -1.23128
0.437 -1.12604
0.438 -1.1687
0.439 -1.14583
0.44 -1.18415
0.441 -1.14588
0.442 -1.1328
0.443 -1.19716
0.444 -1.18978
0.445 -1.16886
0.446 -1.1855
0.447 -1.20744
0.448 -1.25146
0.449 -1.18498
0.45 -1.24595
0.451 -1.21651
0.452 -1.26394
0.453 -1.27699
0.454 -1.24316
0.455 -1.21451
0.456 -1.25881
0.457 -1.21895
0.458 -1.22126
0.459 -1.22274
0.46 -1.26238
0.461 -1.18288
0.462 -1.26987
0.463 -1.20081
0.464 -1.23183
0.465 -1.18466
0.466 -1.1871
0.467 -1.26541
0.468 -1.23041
0.469 -1.25727
0.47 -1.252
0.471 -1.25558
0.472 -1.23319
0.473 -1.27093
0.474 -1.29149
0.475 -1.25341
0.476 -1.26649
0.477 -1.27319
0.478 -1.2584
0.479 -1.23997
0.48 -1.32014
0.481 -1.29679
0.482 -1.30477
0.483 -1.30261
0.484 -1.29203
0.485 -1.3552
0.486 -1.31104
0.487 -1.31271
0.488 -1.31872
0.489 -1.34553
0.49 -1.27947
0.491 -1.34422
0.492 -1.31766
0.493 -1.32037
0.494 -1.38748
0.495 -1.32541
0.496 -1.3105
0.497 -1.3828
0.498 -1.39199
0.499 -1.40009
0.5 -1.40571
0.501 -1.4073
0.502 -1.38245
0.503 -1.40792
0.504 -1.44144
0.505 -1.41515
0.506 -1.38079
0.507 -1.4131
0.508 -1.39399
0.509 -1.38984
0.51 -1.4428
0.511 -1.39239
0.512 -1.38568
0.513 -1.3901
0.514 -1.39638
0.515 -1.48287
0.516 -1.42383
0.517 -1.40457
0.518 -1.39806
0.519 -1.35818
0.52 -1.43967
0.521 -1.43865
0.522 -1.44785
0.523 -1.43577
0.524 -1.34035
0.525 -1.42951
0.526 -1.45892
0.527 -1.42786
0.528 -1.435
0.529 -1.48763
0.53 -1.44828
0.531 -1.45098
0.532 -1.44493
0.533 -1.40302
0.534 -1.38655
0.535 -1.42777
0.536 -1.46709
0.537 -1.52448
0.538 -1.52543
0.539 -1.48365
0.54 -1.45789
0.541 -1.49246
0.542 -1.494
0.543 -1.51744
0.544 -1.45109
0.545 -1.46432
0.546 -1.48558
0.547 -1.54872
0.548 -1.4934
0.549 -1.48521
0.55 -1.55725
0.551 -1.50786
0.552 -1.51547
0.553 -1.5042
0.554 -1.46897
0.555 -1.58544
0.556 -1.56429
0.557 -1.50345
0.558 -1.49611
0.559 -1.55378
0.56 -1.46781
0.561 -1.51768
0.562 -1.55866
0.563 -1.47363
0.564 -1.63223
0.565 -1.54628
0.566 -1.45224
0.567 -1.52128
0.568 -1.52327
0.569 -1.50666
0.57 -1.54769
0.571 -1.53972
0.572 -1.44049
0.573 -1.50244
0.574 -1.53396
0.575 -1.57397
0.576 -1.52341
0.577 -1.53504
0.578 -1.57657
0.579 -1.61372
0.58 -1.5578
0.581 -1.56655
0.582 -1.55416
0.583 -1.58182
0.584 -1.47995
0.585 -1.5398
0.586 -1.54233
0.587 -1.55785
0.588 -1.51116
0.589 -1.49925
0.59 -1.58452
0.591 -1.6382
0.592 -1.62921
0.593 -1.61008
0.594 -1.56273
0.595 -1.58561
0.596 -1.56504
0.597 -1.48816
0.598 -1.531
0.599 -1.51909
0.6 -1.57156
0.601 -1.54757
0.602 -1.53188
0.603 -1.5273
0.604 -1.49933
0.605 -1.50081
0.606 -1.51256
0.607 -1.57592
0.608 -1.56322
0.609 -1.60797
0.61 -1.5767
0.611 -1.5418
0.612 -1.57954
0.613 -1.55375
0.614 -1.53662
0.615 -1.60199
0.616 -1.55543
0.617 -1.60038
0.618 -1.54659
0.619 -1.6126
0.62 -1.61291
0.621 -1.59057
0.622 -1.57793
0.623 -1.5777
0.624 -1.62932
0.625 -1.63875
0.626 -1.56186
0.627 -1.68675
0.628 -1.52445
0.629 -1.65861
0.63 -1.69641
0.631 -1.60988
0.632 -1.60874
0.633 -1.6907
0.634 -1.63361
0.635 -1.60251
0.636 -1.66769
0.637 -1.75585
0.638 -1.70869
0.639 -1.74961
0.64 -1.71995
0.641 -1.7238
0.642 -1.70342
0.643 -1.66753
0.644 -1.70779
0.645 -1.68256
0.646 -1.63534
0.647 -1.70477
0.648 -1.67295
0.649 -1.6706
0.65 -1.69191
0.651 -1.74354
0.652 -1.73662
0.653 -1.72176
0.654 -1.69112
0.655 -1.73427
0.656 -1.65257
0.657 -1.75337
0.658 -1.70502
0.659 -1.76492
0.66 -1.80693
0.661 -1.77742
0.662 -1.84695
0.663 -1.81037
0.664 -1.73198
0.665 -1.76178
0.666 -1.82439
0.667 -1.8447
0.668 -1.75861
0.669 -1.72639
0.67 -1.76954
0.671 -1.76697
0.672 -1.78211
0.673 -1.76281
0.674 -1.77483
0.675 -1.82942
0.676 -1.77827
0.677 -1.77574
0.678 -1.82909
0.679 -1.75804
0.68 -1.8224
0.681 -1.80489
0.682 -1.73774
0.683 -1.87632
0.684 -1.83846
0.685 -1.78934
0.686 -1.72416
0.687 -1.74003
0.688 -1.80178
0.689 -1.79145
0.69 -1.81468
0.691 -1.76074
0.692 -1.89823
0.693 -1.75361
0.694 -1.89732
0.695 -1.93883
0.696 -1.88422
0.697 -1.82438
0.698 -1.79621
0.699 -1.91818
0.7 -1.87994
0.701 -1.82937
0.702 -1.88189
0.703 -2.02099
0.704 -1.86227
0.705 -1.88838
0.706 -1.84761
0.707 -1.887
0.708 -1.85502
0.709 -2.00788
0.71 -1.85917
0.711 -1.88758
0.712 -1.7925
0.713 -1.85841
0.714 -1.94473
0.715 -2.00855
0.716 -1.95899
0.717 -2.00847
0.718 -1.9839
0.719 -1.96921
0.72 -1.90499
0.721 -1.96409
0.722 -1.94572
0.723 -1.89918
0.724 -2.05851
0.725 -1.86273
0.726 -1.8376
0.727 -2.06765
0.728 -2.03187
0.729 -1.88299
0.73 -2.04671
0.731 -2.20484
0.732 -2.14578
0.733 -2.19478
0.734 -2.07304
0.735 -1.98361
0.736 -2.07278
0.737 -1.95523
0.738 -2.22539
0.739 -2.11649
0.74 -1.93233
0.741 -2.04658
0.742 -2.01806
0.743 -2.10505
0.744 -2.02826
0.745 -2.21081
0.746 -2.03982
0.747 -2.02487
0.748 -2.06571
0.749 -2.14494
0.75 -2.1282
0.751 -2.08217
0.752 -2.03957
0.753 -2.05956
0.754 -1.92017
0.755 -2.07002
0.756 -1.87401
0.757 -2.09436
0.758 -2.10919
0.759 -1.87798
0.76 -2.01323
0.761 -2.11522
0.762 -2.07295
0.763 -2.02743
0.764 -2.12936
0.765 -2.25029
0.766 -2.04253
0.767 -2.16675
0.768 -2.20542
0.769 -2.12467
0.77 -2.0806
0.771 -2.15782
0.772 -2.06407
0.773 -2.17657
0.774 -2.02947
0.775 -2.16869
0.776 -2.01871
0.777 -2.01782
0.778 -2.16918
0.779 -2.21997
0.78 -2.20824
0.781 -2.09541
0.782 -2.26632
0.783 -2.13567
0.784 -2.21468
0.785 -2.35451
0.786 -2.36695
0.787 -2.15709
0.788 -2.49271
0.789 -2.20533
0.79 -2.25144
0.791 -2.15646
0.792 -2.30484
0.793 -2.09138
0.794 -2.18701
0.795 -2.23305
0.796 -2.12903
0.797 -2.14596
0.798 -2.34078
0.799 -2.18907
0.8 -2.18552
0.801 -2.1503
0.802 -2.17336
0.803 -2.19601
0.804 -2.1058
0.805 -2.08736
0.806 -2.11745
0.807 -2.08705
0.808 -2.04718
0.809 -1.94593
0.81 -2.29668
0.811 -2.35154
0.812 -2.13112
0.813 -2.14771
0.814 -2.26758
0.815 -2.55874
0.816 -2.00049
0.817 -2.28278
0.818 -2.27643
0.819 -2.22757
0.82 -2.4938
0.821 -2.28858
0.822 -2.27842
0.823 -2.0865
0.824 -2.0595
0.825 -2.2541
0.826 -2.20037
0.827 -2.06728
0.828 -2.1413
0.829 -2.09525
0.83 -2.45806
0.831 -2.38503
0.832 -2.11954
0.833 -2.20235
0.834 -2.17923
0.835 -2.30305
0.836 -2.31925
0.837 -2.51972
0.838 -2.18079
0.839 -2.24126
0.84 -2.21758
0.841 -2.32636
0.842 -2.5014
0.843 -2.35528
0.844 -2.39603
0.845 -2.27562
0.846 -2.365
0.847 -2.58496
0.848 -2.19201
0.849 -2.36086
0.85 -2.35612
0.851 -2.27016
0.852 -2.24762
0.853 -2.19037
0.854 -2.55286
0.855 -2.17999
0.856 -2.20943
0.857 -2.36578
0.858 -2.4951
0.859 -2.33087
0.86 -2.13064
0.861 -2.12502
0.862 -2.44566
0.863 -2.49367
0.864 -2.16167
0.865 -2.42446
0.866 -2.29762
0.867 -2.46644
0.868 -2.22082
0.869 -2.64419
0.87 -2.04251
0.871 -2.24327
0.872 -2.38576
0.873 -2.38338
0.874 -2.26456
0.875 -2.44598
0.876 -2.20942
0.877 -2.24696
0.878 -2.32575
0.879 -2.49268
0.88 -2.2716
0.881 -2.43846
0.882 -2.44817
0.883 -2.84739
0.884 -2.31074
0.885 -2.37425
0.886 -2.32246
0.887 -2.32049
0.888 -2.4294
0.889 -2.42985
0.89 -2.27948
0.891 -2.31239
0.892 -2.59733
0.893 -2.48549
0.894 -2.39404
0.895 -2.36652
0.896 -2.27308
0.897 -2.33345
0.898 -2.49302
0.899 -2.43663
0.9 -2.38099
0.901 -2.33646
0.902 -2.32873
0.903 -2.4317
0.904 -2.52533
0.905 -2.17239
0.906 -2.25459
0.907 -2.19292
0.908 -2.21692
0.909 -2.72225
0.91 -2.48631
0.911 -2.51265
0.912 -2.23869
0.913 -2.59078
0.914 -2.37949
0.915 -2.41819
0.916 -2.50821
0.917 -2.62158
0.918 -2.45965
0.919 -2.37495
0.92 -2.53207
0.921 -2.59186
0.922 -2.32335
0.923 -2.7308
0.924 -2.35221
0.925 -2.2119
0.926 -2.61144
0.927 -2.36938
0.928 -2.13839
0.929 -2.43215
0.93 -2.22898
0.931 -2.43341
0.932 -2.36704
0.933 -2.44131
0.934 -2.37533
0.935 -2.2631
0.936 -2.54592
0.937 -2.2037
0.938 -2.51986
0.939 -2.71079
0.94 -2.38023
0.941 -2.44544
0.942 -2.67512
0.943 -2.36551
0.944 -2.40109
0.945 -2.60433
0.946 -2.27516
0.947 -2.31785
0.948 -2.22347
0.949 -2.58226
0.95 -2.37982
0.951 -3.02359
0.952 -2.65892
0.953 -2.34667
0.954 -2.8242
0.955 -2.23942
0.956 -2.25399
0.957 -3.08064
0.958 -2.65742
0.959 -2.53181
0.96 -2.15619
0.961 -2.72664
0.962 -2.63759
0.963 -2.73284
0.964 -2.72017
0.965 -2.40748
0.966 -2.38406
0.967 -2.30893
0.968 -2.65541
0.969 -2.27647
0.97 -2.67289
0.971 -2.31808
0.972 -2.22697
0.973 -2.60163
0.974 -3.0957
0.975 -2.3863
0.976 -2.49616
0.977 -2.30995
0.978 -2.73635
0.979 -2.29159
0.98 -2.89118
0.981 -2.44792
0.982 -2.45402
0.983 -2.49937
0.984 -2.41629
0.985 -2.51034
0.986 -2.43264
0.987 -2.46908
0.988 -2.28757
0.989 -2.59104
0.99 -2.40168
0.991 -2.60209
0.992 -2.7403
0.993 -2.5209
0.994 -2.70975
0.995 -2.62576
0.996 -2.34444
0.997 -2.39055
0.998 -2.37382
0.999 -2.51301
1 -2.25982
1.001 -2.47967
1.002 -2.33464
1.003 -2.20332
1.004 -2.58596
1.005 -2.51934
1.006 -2.28347
1.007 -2.4138
1.008 -2.59315
1.009 -2.9503
1.01 -2.50609
1.011 -2.36049
1.012 -2.34115
1.013 -2.36723
1.014 -2.34403
1.015 -2.62396
1.016 -2.34018
1.017 -2.44857
1.018 -2.68112
1.019 -2.76627
1.02 -2.40033
1.021 -2.40121
1.022 -2.73669
1.023 -2.91625
1.024 -2.8289
1.025 -2.43086
1.026 -2.30798
1.027 -2.74161
1.028 -2.50107
1.029 -2.10989
1.03 -3.12522
1.031 -2.95736
1.032 -2.93805
1.033 -2.52073
1.034 -2.68248
1.035 -2.93925
1.036 -2.71015
1.037 -2.32865
1.038 -2.30394
1.039 -2.73606
1.04 -2.80419
1.041 -2.73652
1.042 -2.40309
1.043 -2.408
1.044 -2.68512
1.045 -2.41726
1.046 -2.73298
1.047 -2.37488
1.048 -3.09798
1.049 -2.64864
1.05 -2.59305
1.051 -2.63638
1.052 -2.55285
1.053 -2.35152
1.054 -2.60161
1.055 -2.44383
1.056 -2.65048
1.057 -2.42594
1.058 -2.36502
1.059 -2.56041
1.06 -2.64917
1.061 -2.51726
1.062 -2.58599
1.063 -2.48777
1.064 -2.42923
1.065 -2.63285
1.066 -3.24228
1.067 -3.14554
1.068 -2.44938
1.069 -2.52214
1.07 -2.65295
1.071 -2.43158
1.072 -2.81187
1.073 -2.54639
1.074 -2.50277
1.075 -2.69802
1.076 -2.20564
1.077 -2.63929
1.078 -2.31985
1.079 -2.6292
1.08 -2.57301
1.081 -2.62114
1.082 -3.10182
1.083 -2.92978
1.084 -2.8259
1.085 -2.69546
1.086 -2.45796
1.087 -2.65333
1.088 -2.42875
1.089 -2.93047
1.09 -2.38056
1.091 -2.55553
1.092 -2.14828
1.093 -2.4869
1.094 -2.49381
1.095 -2.90823
1.096 -2.62186
1.097 -2.43649
1.098 -2.64298
1.099 -2.38759
1.1 -2.89668
1.101 -3.12052
1.102 -2.42757
1.103 -2.45839
1.104 -2.77427
1.105 -2.72979
1.106 -2.56199
1.107 -2.80767
1.108 -2.99454
1.109 -3.26673
1.11 -2.73957
1.111 -2.54933
1.112 -2.37367
1.113 -2.53349
1.114 -2.65676
1.115 -2.50585
1.116 -2.47631
1.117 -2.34384
1.118 -2.3769
1.119 -2.4398
1.12 -2.90053
1.121 -2.39602
1.122 -2.58725
1.123 -2.93622
1.124 -2.75801
1.125 -2.72707
1.126 -2.67105
1.127 -2.56496
1.128 -2.84796
1.129 -2.39177
1.13 -2.35082
1.131 -3.00054
1.132 -2.53865
1.133 -2.72689
1.134 -2.2035
1.135 -2.31993
1.136 -2.70947
1.137 -2.81647
1.138 -2.39941
1.139 -2.43153
1.14 -2.48083
1.141 -2.51915
1.142 -2.85382
1.143 -2.49222
1.144 -3.20071
1.145 -2.63193
1.146 -2.69262
1.147 -2.63021
1.148 -2.80542
1.149 -2.63936
1.15 -2.41846
1.151 -2.61731
1.152 -2.59722
1.153 -2.43918
1.154 -3.2191
1.155 -2.65184
1.156 -2.59924
1.157 -2.69964
1.158 -2.65563
1.159 -2.38465
1.16 -2.60764
1.161 -2.66386
1.162 -2.3683
1.163 -2.79676
1.164 -2.9251
1.165 -2.49788
1.166 -2.69441
1.167 -2.37981
1.168 -2.56093
1.169 -2.4941
1.17 -2.8855
1.171 -2.93748
1.172 -2.60405
1.173 -2.5658
1.174 -2.52047
1.175 -2.89727
1.176 -2.30627
1.177 -2.52124
1.178 -2.20071
1.179 -2.86707
1.18 -2.51499
1.181 -2.67158
1.182 -2.30888
1.183 -2.77654
1.184 -2.40265
1.185 -2.67649
1.186 -2.71443
1.187 -3.24514
1.188 -2.62931
1.189 -2.87134
1.19 -3.09201
1.191 -2.24217
1.192 -2.27503
1.193 -2.95081
1.194 -2.56764
1.195 -3.02139
1.196 -2.83546
1.197 -2.39977
1.198 -2.50672
1.199 -2.70254
1.2 -2.59782
1.201 -4.40893
1.202 -2.5854
1.203 -2.63129
1.204 -2.41271
1.205 -2.61812
1.206 -2.59932
1.207 -2.38302
1.208 -2.82299
1.209 -2.50588
1.21 -3.19886
1.211 -2.82044
1.212 -2.50751
1.213 -2.62491
1.214 -2.48572
1.215 -2.48598
1.216 -2.78234
1.217 -2.74848
1.218 -3.13298
1.219 -2.47716
1.22 -2.53181
1.221 -2.57842
1.222 -2.73563
1.223 -3.30421
1.224 -3.0892
1.225 -2.64238
1.226 -2.8538
1.227 -2.83836
1.228 -3.97601
1.229 -2.88836
1.23 -3.33238
1.231 -2.76133
1.232 -2.54314
1.233 -2.41501
1.234 -3.08215
1.235 -2.56523
1.236 -2.73529
1.237 -2.67447
1.238 -2.89943
1.239 -2.28991
1.24 -2.73705
1.241 -2.34409
1.242 -2.46465
1.243 -2.58563
1.244 -2.78681
1.245 -2.8643
1.246 -2.86078
1.247 -2.72427
1.248 -2.4892
1.249 -2.6247
1.25 -2.90247
1.251 -2.93232
1.252 -3.18336
1.253 -2.47358
1.254 -2.96106
1.255 -2.62948
1.256 -3.15529
1.257 -2.7866
1.258 -3.17973
1.259 -2.44897
1.26 -2.69967
1.261 -2.61825
1.262 -2.77304
1.263 -2.45834
1.264 -3.26648
1.265 -2.69868
1.266 -2.48874
1.267 -2.74555
1.268 -2.86098
1.269 -2.73347
1.27 -3.26801
1.271 -3.14579
1.272 -2.61077
1.273 -2.75967
1.274 -2.9115
1.275 -2.62582
1.276 -2.75358
1.277 -2.33389
1.278 -2.75395
1.279 -2.79112
1.28 -2.84108
1.281 -2.71084
1.282 -2.31154
1.283 -2.3345
1.284 -3.59085
1.285 -2.68195
1.286 -2.61854
1.287 -2.64055
1.288 -2.50032
1.289 -3.28465
1.29 -2.60837
1.291 -2.67005
1.292 -2.47203
1.293 -2.49626
1.294 -3.855
1.295 -2.78519
1.296 -2.79684
1.297 -2.3938
1.298 -2.57698
1.299 -2.60075
1.3 -2.60598
1.301 -2.54527
1.302 -4.05052
1.303 -2.81437
1.304 -2.70083
1.305 -2.61511
1.306 -3.79995
1.307 -3.04051
1.308 -2.84091
1.309 -2.88078
1.31 -2.88399
1.311 -2.78792
1.312 -2.51217
1.313 -2.85587
1.314 -2.86096
1.315 -2.86453
1.316 -2.9119
1.317 -2.73193
1.318 -2.68822
1.319 -2.56326
1.32 -2.64275
1.321 -2.74589
1.322 -2.26278
1.323 -3.20424
1.324 -3.15325
1.325 -2.46652
1.326 -2.50226
1.327 -2.92323
1.328 -2.36683
1.329 -2.87842
1.33 -2.90229
1.331 -2.47843
1.332 -2.8633
1.333 -2.64437
1.334 -3.18474
1.335 -2.88253
1.336 -2.36039
1.337 -3.20116
1.338 -2.77069
1.339 -2.2874
1.34 -2.54487
1.341 -2.5554
1.342 -2.39687
1.343 -2.57095
1.344 -3.31577
1.345 -3.1053
1.346 -2.90561
1.347 -3.03872
1.348 -3.07627
1.349 -2.96929
1.35 -2.49753
1.351 -2.55625
1.352 -3.96832
1.353 -3.23279
1.354 -2.3587
1.355 -2.92379
1.356 -2.55879
1.357 -2.73381
1.358 -2.4728
1.359 -3.12499
1.36 -3.03224
1.361 -2.95871
1.362 -2.53364
1.363 -2.95087
1.364 -2.54869
1.365 -2.7323
1.366 -2.8243
1.367 -3.25429
1.368 -2.70892
1.369 -2.83912
1.37 -2.64598
1.371 -2.63259
1.372 -3.138
1.373 -2.37802
1.374 -2.89115
1.375 -2.73284
1.376 -2.55923
1.377 -2.64559
1.378 -2.62408
1.379 -2.60868
1.38 -2.84901
1.381 -2.53815
1.382 -3.00605
1.383 -3.28426
1.384 -2.49777
1.385 -2.65348
1.386 -2.63883
1.387 -2.45791
1.388 -2.70401
1.389 -3.64542
1.39 -2.57089
1.391 -2.67824
1.392 -2.95473
1.393 -3.03212
1.394 -3.29498
1.395 -2.8339
1.396 -3.23871
1.397 -3.41747
1.398 -2.93974
1.399 -2.8215
1.4 -3.11249
1.401 -2.9601
1.402 -2.7237
1.403 -2.88418
1.404 -3.06694
1.405 -3.00379
1.406 -2.48913
1.407 -2.7274
1.408 -2.90996
1.409 -3.19662
1.41 -3.19777
1.411 -2.83348
1.412 -2.86605
1.413 -3.57845
1.414 -3.34199
1.415 -2.95342
1.416 -2.6413
1.417 -2.97648
1.418 -2.5438
1.419 -2.7859
1.42 -2.97242
1.421 -2.73088
1.422 -2.41666
1.423 -2.64539
1.424 -3.24965
1.425 -2.89809
1.426 -2.52527
1.427 -2.84642
1.428 -2.82703
1.429 -2.82448
1.43 -2.76968
1.431 -3.3727
1.432 -2.35298
1.433 -2.57812
1.434 -2.586
1.435 -4.01386
1.436 -3.05486
1.437 -3.74728
1.438 -2.52355
1.439 -4.23597
1.44 -2.98771
1.441 -3.71638
1.442 -2.4133
1.443 -2.5898
1.444 -4.55176
1.445 -2.49116
1.446 -2.74763
1.447 -2.71231
1.448 -2.45025
1.449 -5.10823
1.45 -3.18289
1.451 -2.95467
1.452 -3.94939
1.453 -2.68159
1.454 -3.3313
1.455 -2.75319
1.456 -3.27396
1.457 -3.10915
1.458 -2.52917
1.459 -3.12133
1.46 -2.85239
1.461 -2.63735
1.462 -2.39601
1.463 -2.45968
1.464 -2.62096
1.465 -2.86194
1.466 -3.30109
1.467 -2.51701
1.468 -3.14689
1.469 -2.42463
1.47 -2.93876
1.471 -3.29697
1.472 -3.49246
1.473 -5.46668
1.474 -4.03057
1.475 -4.05092
1.476 -2.8355
1.477 -4.9572
1.478 -2.43525
1.479 -2.90329
1.48 -3.08482
1.481 -2.78824
1.482 -4.22995
1.483 -3.09369
1.484 -3.01439
1.485 -2.76254
1.486 -2.58953
1.487 -3.04454
1.488 -3.16914
1.489 -2.77536
1.49 -2.66381
1.491 -2.58484
1.492 -3.05403
1.493 -4.15641
1.494 -3.03097
1.495 -3.01584
1.496 -3.00262
1.497 -2.47167
1.498 -4.52258
1.499 -2.57555
1.5 -3.03851
1.501 -2.93345
1.502 -2.63957
1.503 -2.6111
1.504 -2.93343
1.505 -3.18656
1.506 -2.96606
1.507 -4.5678
1.508 -2.87995
1.509 -3.36179
1.51 -2.79799
1.511 -2.53608
1.512 -2.96029
1.513 -4.97928
1.514 -2.94758
1.515 -3.01592
1.516 -3.07161
1.517 -2.70722
1.519 -2.91327
1.52 -4.08042
1.521 -3.36403
1.522 -2.82179
1.523 -4.21981
1.524 -2.81231
1.525 -2.91314
1.526 -3.20125
1.527 -2.97732
1.528 -3.3755
1.529 -2.95056
1.53 -2.92146
1.531 -3.14778
1.532 -2.43976
1.533 -2.54014
1.534 -2.71263
1.535 -2.47109
1.536 -3.07415
1.537 -2.51505
1.538 -2.40098
1.539 -2.87235
1.54 -2.80274
1.541 -2.60779
1.542 -2.47936
1.543 -5.06297
1.544 -2.62144
1.545 -2.63366
1.546 -2.82052
1.547 -3.71979
1.548 -2.60048
1.549 -2.76356
1.55 -2.61333
1.551 -3.79093
1.552 -3.03859
1.553 -2.78266
1.554 -2.60118
1.555 -2.86465
1.556 -3.10078
1.557 -2.61241
1.558 -3.06718
1.559 -3.08534
1.56 -2.66091
1.561 -3.60824
1.562 -3.26208
1.563 -2.78131
1.564 -3.90561
1.565 -3.22916
1.566 -2.91521
1.567 -3.42837
1.568 -3.37263
1.569 -2.80406
1.57 -2.91004
1.571 -3.05808
1.572 -3.12622
1.573 -3.0533
1.574 -3.92706
1.575 -3.31189
1.577 -2.8069
1.578 -2.98522
1.579 -2.77129
1.58 -2.4745
1.581 -4.27348
1.582 -2.70211
1.583 -2.40383
1.584 -2.7026
1.585 -5.85023
1.586 -4.00929
1.587 -2.69258
1.588 -2.81222
1.589 -3.2645
1.59 -2.76999
1.591 -3.00165
1.592 -2.44922
1.593 -2.46433
1.594 -3.40173
1.595 -2.79263
1.596 -3.23767
1.597 -2.48643
1.598 -3.16688
1.599 -2.8759
1.6 -2.53886
1.601 -2.8322
1.602 -2.90996
1.603 -3.08273
1.604 -2.70815
1.605 -3.07418
1.606 -3.32328
1.607 -3.00907
1.608 -2.91533
1.609 -3.24764
1.61 -2.85942
1.611 -2.53875
1.612 -2.65965
1.613 -2.72425
1.614 -2.44334
1.615 -2.9934
1.616 -2.92226
1.617 -2.83085
1.618 -3.07738
1.619 -3.63066
1.62 -3.76678
1.621 -2.55518
1.622 -2.81364
1.623 -2.66901
1.624 -2.94372
1.625 -2.93319
1.626 -3.93741
1.627 -2.84403
1.628 -2.69107
1.629 -3.18107
1.63 -2.90514
1.631 -2.64468
1.632 -2.76718
1.633 -2.88719
1.634 -3.15883
1.635 -2.85388
1.636 -2.94951
1.637 -2.90781
1.638 -2.71724
1.639 -2.91416
1.64 -2.89535
1.641 -3.00318
1.642 -3.02859
1.643 -2.61155
1.644 -2.84116
1.645 -2.37768
1.646 -2.84744
1.647 -2.91814
1.648 -2.86377
1.649 -3.70077
1.65 -2.75353
1.651 -3.13323
1.652 -2.95587
1.653 -4.91456
1.654 -2.84409
1.655 -3.12752
1.656 -2.62835
1.657 -2.73906
1.658 -3.06607
1.659 -2.96691
1.66 -3.11219
1.661 -3.32462
1.662 -2.90719
1.663 -2.62917
1.664 -2.61711
1.665 -2.75753
1.666 -2.8443
1.667 -2.76607
1.668 -3.20965
1.669 -2.68168
1.67 -3.09259
1.671 -2.71624
1.672 -3.37069
1.673 -3.87404
1.674 -4.6368
1.675 -2.61065
1.676 -2.90383
1.677 -2.85503
1.678 -3.34141
1.679 -3.64093
1.68 -3.68961
1.681 -3.4318
1.682 -4.26638
1.683 -4.94477
1.684 -3.32458
1.685 -2.5583
1.686 -2.96738
1.687 -2.70656
1.688 -2.94082
1.689 -2.98961
1.69 -3.53064
1.691 -4.22846
1.692 -2.79913
1.693 -2.77522
1.694 -2.99282
1.695 -2.70764
1.696 -2.95118
1.697 -2.98886
1.698 -3.39158
1.699 -2.7122
1.7 -5.23892
1.701 -3.5141
1.702 -3.09364
1.703 -3.14026
1.704 -3.57012
1.705 -2.95526
1.706 -3.33415
1.707 -3.03084
1.708 -3.22514
1.709 -2.69195
1.71 -3.56994
1.711 -2.89036
1.712 -2.59192
1.713 -3.40308
1.714 -3.109
1.715 -3.01818
1.716 -2.89338
1.717 -2.90323
1.718 -3.13488
1.719 -2.50889
1.72 -2.86831
1.721 -2.97301
1.722 -3.17249
1.723 -2.85005
1.724 -2.95053
1.725 -2.84255
1.726 -3.29535
1.727 -2.77828
1.728 -2.88042
1.729 -2.68592
1.73 -2.89215
1.731 -3.32867
1.732 -2.76424
1.733 -3.18034
1.734 -3.1753
1.735 -2.63359
1.736 -2.86606
1.737 -3.03893
1.738 -3.16939
1.739 -2.82475
1.74 -3.06604
1.741 -2.80019
1.742 -3.38509
1.743 -3.39231
1.744 -2.63417
1.745 -3.00984
1.746 -2.67927
1.747 -3.28736
1.748 -2.94792
1.749 -2.88728
1.75 -3.48602
1.751 -3.29881
1.752 -2.78816
1.753 -2.57392
1.754 -3.21777
1.755 -3.3206
1.756 -3.395
1.757 -2.56128
1.758 -2.79144
1.759 -3.10868
1.76 -2.98876
1.761 -4.32952
1.762 -3.04396
1.763 -4.61174
1.764 -4.34706
1.765 -2.7401
1.766 -3.03196
1.767 -3.62712
1.768 -3.00767
1.769 -2.98188
1.77 -2.88951
1.771 -3.77887
1.772 -2.76763
1.773 -2.94706
1.774 -2.96424
1.775 -4.93636
1.776 -4.19403
1.777 -2.78642
1.778 -3.43898
1.779 -2.72949
1.78 -3.10753
1.781 -3.00311
1.782 -2.83216
1.783 -3.01462
1.784 -3.00028
1.785 -2.87035
1.786 -3.5747
1.787 -2.98055
1.788 -2.60663
1.789 -2.84864
1.79 -2.59006
1.791 -2.66378
1.792 -2.96569
1.793 -3.35041
1.794 -2.70962
1.795 -3.08329
1.796 -4.13106
1.797 -2.86591
1.798 -3.01399
1.799 -2.93732
1.8 -3.57188
1.801 -2.76838
1.802 -2.70262
1.803 -3.65445
1.804 -2.79748
1.806 -3.2443
1.807 -3.36677
1.808 -2.65211
1.809 -2.7068
1.81 -4.05726
1.811 -4.02482
1.812 -2.9789
1.813 -2.78423
1.814 -3.17078
1.815 -3.24526
1.816 -2.98825
1.817 -2.98686
1.818 -2.63683
1.819 -3.18345
1.82 -3.18404
1.821 -3.13961
1.822 -2.78247
1.823 -3.09884
1.824 -4.03148
1.825 -3.25092
1.826 -2.7725
1.827 -3.23064
1.828 -2.83861
1.829 -2.75851
1.83 -3.0646
1.831 -2.77559
1.832 -3.37644
1.833 -2.90477
1.834 -3.31658
1.835 -3.26071
1.836 -4.37805
1.837 -3.08805
1.838 -2.70478
1.839 -2.66718
1.84 -5.25598
1.841 -2.55279
1.842 -2.85679
1.843 -2.72919
1.844 -3.30538
1.845 -3.11036
1.846 -2.55113
1.847 -2.93735
1.848 -2.85654
1.849 -2.6641
1.85 -4.07333
1.851 -3.17495
1.852 -3.88677
1.853 -3.33549
1.854 -4.48272
1.856 -3.03261
1.857 -3.22416
1.858 -2.78538
1.859 -3.23733
1.86 -2.98703
1.861 -2.79775
1.862 -2.9999
1.863 -3.0809
1.864 -3.00588
1.865 -3.33845
1.866 -3.12212
1.867 -3.23427
1.869 -2.93855
1.87 -3.17145
1.871 -2.85658
1.872 -2.98361
1.873 -2.6421
1.874 -2.72079
1.875 -3.16933
1.876 -2.6664
1.877 -4.38181
1.878 -3.33118
1.879 -2.89291
1.88 -2.92345
1.881 -4.04764
1.882 -3.07023
1.883 -2.93018
1.884 -2.6405
1.885 -3.05057
1.886 -2.85641
1.887 -3.01601
1.888 -3.58726
1.889 -3.60348
1.89 -2.81719
1.891 -2.94874
1.892 -3.36171
1.893 -2.68464
1.894 -4.45588
1.895 -3.51489
1.896 -4.22153
1.897 -2.91147
1.898 -2.58317
1.899 -3.00398
1.9 -3.03147
1.901 -3.18773
1.902 -2.38015
1.903 -3.11215
1.904 -4.29434
1.905 -2.82728
1.906 -4.03793
1.907 -2.88156
1.908 -3.4604
1.909 -3.10017
1.91 -3.42182
1.911 -4.08657
1.912 -4.35867
1.913 -3.0335
1.914 -2.94444
1.915 -2.5362
1.916 -3.0499
1.917 -3.07774
1.918 -2.80833
1.919 -2.87355
1.92 -3.41186
1.921 -2.87943
1.922 -2.67623
1.923 -2.61738
1.924 -3.19743
1.925 -2.83663
1.926 -2.90624
1.927 -3.94865
1.928 -4.59762
1.929 -3.15487
1.93 -2.6657
1.931 -2.67295
1.932 -3.03244
1.934 -2.85222
1.935 -2.72353
1.936 -2.9375
1.937 -2.94999
1.938 -2.87865
1.939 -3.15309
1.94 -3.331
1.941 -3.02355
1.942 -2.81609
1.943 -3.02899
1.944 -2.85137
1.945 -2.97684
1.946 -2.98352
1.947 -2.81682
1.948 -2.7998
1.949 -2.56253
1.95 -2.99075
1.951 -4.34895
1.952 -2.84461
1.953 -2.32487
1.954 -2.83002
1.956 -3.37373
1.957 -3.0767
1.958 -3.06517
1.959 -2.9413
1.96 -2.78202
1.961 -4.1702
1.962 -2.59203
1.963 -4.02849
1.964 -3.39948
1.965 -2.9417
1.966 -5.49007
1.967 -2.61587
1.968 -2.69904
1.969 -3.19561
1.97 -2.72681
1.971 -3.54856
1.972 -3.39909
1.973 -3.01376
1.974 -2.89711
1.975 -4.48107
1.976 -2.78736
1.977 -4.48354
1.978 -3.41852
1.979 -4.39078
1.98 -3.71957
1.982 -2.77361
1.983 -2.92898
1.984 -2.83351
1.985 -3.02618
1.986 -2.81906
1.987 -3.25504
1.988 -4.29576
1.989 -3.1229
1.99 -2.97716
1.991 -3.20598
1.992 -3.81092
1.993 -4.79189
1.994 -2.30606
1.995 -4.37969
1.996 -2.6677
1.997 -3.09451
1.998 -3.41643
1.999 -3.0629
2 -2.66842
2.001 -2.53243
2.002 -3.32251
2.003 -2.60967
2.004 -3.00667
2.005 -3.33124
2.006 -3.04968
2.007 -3.03785
2.008 -3.03337
2.009 -2.91337
2.01 -3.17264
2.011 -3.05565
2.012 -2.80094
2.013 -2.83487
2.014 -3.9767
2.015 -2.81442
2.016 -3.02282
2.017 -3.91977
2.018 -4.15114
2.019 -2.70025
2.02 -2.80765
2.021 -3.23077
2.022 -4.02046
2.023 -3.91768
2.024 -3.24063
2.025 -3.02915
2.026 -4.94275
2.027 -4.14903
2.028 -3.16671
2.029 -3.34737
2.03 -4.23073
2.031 -4.30076
2.032 -4.48236
2.033 -2.65996
2.034 -2.76321
2.035 -5.2154
2.036 -4.8502
2.037 -3.07126
2.038 -3.55892
2.039 -5.52304
2.04 -3.1978
2.041 -4.16471
2.042 -2.84543
2.043 -3.66711
2.044 -3.22277
2.045 -3.00754
2.046 -2.97269
2.047 -3.66085
2.048 -2.85951
2.049 -3.06953
2.05 -2.96224
2.051 -3.32903
2.052 -2.92547
2.053 -2.9259
2.054 -5.06112
2.055 -2.72039
2.056 -2.83707
2.058 -3.21261
2.059 -2.75377
2.06 -3.08464
2.063 -3.35032
2.064 -3.64885
2.065 -4.47617
2.066 -2.7935
2.067 -3.10152
2.068 -2.88749
2.069 -3.35188
2.07 -2.92977
2.071 -3.34847
2.072 -2.88333
2.073 -3.09223
2.074 -3.30395
2.075 -3.1171
2.076 -3.88627
2.077 -2.84249
2.078 -4.30796
2.079 -2.9803
2.08 -3.14948
2.081 -3.40059
2.082 -3.07883
2.083 -3.36738
2.084 -3.03717
2.085 -2.59694
2.086 -2.71065
2.087 -2.79584
2.088 -3.08045
2.089 -3.21873
2.09 -3.01281
2.091 -3.38139
2.092 -2.94127
2.093 -3.23732
2.094 -2.87098
2.095 -2.91207
2.096 -2.90423
2.097 -4.45311
2.098 -4.32658
2.099 -3.24196
2.1 -2.89818
2.101 -3.42284
2.102 -3.06931
2.103 -3.04835
2.105 -2.88967
2.106 -4.83767
2.107 -2.68273
2.108 -3.24824
2.109 -3.12913
2.11 -4.75828
2.111 -3.74441
2.112 -3.56446
2.113 -3.18127
2.114 -2.99671
2.115 -4.08287
2.116 -4.32634
2.117 -4.32549
2.118 -2.84195
2.119 -2.90793
2.12 -3.13833
2.121 -3.22904
2.122 -4.32952
2.124 -4.05813
2.125 -4.33305
2.126 -3.0857
2.127 -4.03901
2.128 -4.03185
2.129 -5.82405
2.13 -3.34782
2.131 -2.6732
2.132 -3.37535
2.133 -3.18059
2.134 -3.85273
2.135 -4.63155
2.136 -4.03076
2.138 -4.32611
2.139 -3.37535
2.14 -2.88504
2.141 -2.95151
2.142 -2.88781
2.143 -2.6977
2.144 -5.15741
2.145 -3.09247
2.146 -3.08698
2.147 -3.19458
2.148 -2.79028
2.149 -5.24052
2.15 -3.06643
2.151 -3.24444
2.152 -2.99756
2.153 -2.79784
2.154 -2.92203
2.156 -2.89961
2.157 -3.00272
2.158 -3.05424
2.159 -2.79076
2.16 -3.36929
2.161 -2.91036
2.162 -3.43666
2.163 -3.27305
2.164 -2.45458
2.166 -3.26047
2.167 -2.92617
2.168 -3.47528
2.17 -3.42518
2.171 -3.25285
2.172 -3.2454
2.173 -2.53254
2.174 -3.09246
2.175 -2.78599
2.176 -2.94346
2.177 -2.58552
2.178 -4.23514
2.179 -2.68868
2.18 -2.92307
2.181 -3.33393
2.182 -4.34197
2.183 -2.79707
2.184 -3.53023
2.185 -3.20206
2.186 -2.98406
2.187 -2.91681
2.188 -3.04513
2.189 -3.18666
2.19 -3.39759
2.191 -3.06371
2.192 -2.89398
2.194 -2.77776
2.195 -2.7601
2.196 -2.75688
2.197 -5.78567
2.198 -3.04838
2.199 -3.5333
2.2 -3.36939
2.201 -2.4022
2.202 -3.04311
2.203 -3.03063
2.204 -2.86653
2.205 -3.27302
2.207 -3.35372
2.208 -3.24864
2.209 -2.82733
2.21 -4.32683
2.211 -3.33994
2.212 -3.50949
2.213 -3.17832
2.214 -2.89611
2.215 -4.37489
2.216 -3.10365
2.217 -3.39071
2.219 -3.623
2.22 -3.54678
2.221 -3.64049
2.222 -3.27659
2.223 -2.78126
2.224 -4.20804
2.225 -3.1301
2.227 -5.66791
2.228 -4.05149
2.229 -2.74453
2.23 -3.39354
2.231 -4.91326
2.232 -3.04308
2.233 -2.97896
2.234 -3.1883
2.236 -3.28094
2.237 -2.6114
2.238 -3.33315
2.239 -3.87801
2.24 -4.92999
2.241 -2.51917
2.242 -3.11167
2.243 -4.35974
2.244 -2.50957
2.245 -2.93928
2.246 -2.85354
2.248 -2.98373
2.249 -3.11915
2.25 -3.42608
2.251 -4.44604
2.253 -3.20062
2.254 -2.99189
2.255 -3.08635
2.257 -3.03146
2.258 -3.08919
2.259 -2.78822
2.26 -4.88472
2.262 -3.3307
2.263 -2.81317
2.264 -3.36003
2.265 -3.78019
2.266 -4.38353
2.267 -2.87043
2.268 -4.84174
2.269 -2.91908
2.27 -3.8325
2.271 -3.56889
2.272 -2.59572
2.273 -2.66869
2.274 -3.36263
2.275 -3.33853
2.276 -3.00955
2.277 -2.80688
2.278 -2.76855
2.279 -4.28911
2.28 -4.14821
2.281 -3.49912
2.282 -2.75287
2.283 -3.38507
2.284 -3.37259
2.285 -2.97837
2.286 -4.38241
2.287 -3.04834
2.288 -3.13123
2.289 -3.33161
2.29 -2.94926
2.291 -2.64981
2.292 -3.41957
2.293 -3.4352
2.294 -4.20663
2.295 -3.1007
2.296 -3.39642
2.297 -2.92506
2.298 -3.19393
2.299 -3.2433
2.3 -3.10413
2.301 -2.94767
2.302 -4.40956
2.303 -2.91133
2.304 -2.8878
2.305 -2.58692
2.306 -3.05219
2.307 -2.61606
2.309 -4.92523
2.31 -3.42331
2.311 -3.24416
2.312 -2.60374
2.313 -2.47228
2.314 -3.31221
2.315 -4.41508
2.316 -4.42223
2.317 -3.48129
2.318 -3.22356
2.319 -2.90178
2.32 -2.62812
2.322 -3.10247
2.323 -2.91879
2.324 -4.4237
2.325 -4.57924
2.326 -2.60824
2.327 -3.21786
2.328 -2.96404
2.329 -3.36838
2.33 -2.93088
2.331 -3.25739
2.332 -3.13043
2.333 -2.63244
2.334 -3.53113
2.335 -4.13417
2.336 -3.59592
2.337 -2.68017
2.338 -2.83425
2.339 -2.96733
2.34 -2.69141
2.341 -2.98428
2.342 -4.08696
2.343 -3.16907
2.344 -3.22057
2.345 -2.61134
2.346 -5.71759
2.347 -3.41929
2.348 -3.35598
2.349 -3.41592
2.35 -2.51143
2.351 -3.32225
2.352 -3.42015
2.353 -2.80039
2.354 -2.745
2.355 -3.966
2.356 -2.93115
2.357 -3.20049
2.358 -2.86032
2.359 -3.07358
2.36 -3.7802
2.361 -3.1046
2.362 -4.55465
2.364 -3.20227
2.365 -3.32059
2.366 -3.13
2.367 -2.79691
2.368 -3.03603
2.37 -3.51923
2.371 -3.03847
2.372 -3.06665
2.373 -3.40921
2.374 -2.93761
2.375 -3.4572
2.376 -3.94226
2.377 -3.21035
2.378 -4.71921
2.379 -4.4768
2.38 -4.44985
2.381 -2.91829
2.382 -2.98572
2.383 -3.19358
2.384 -2.99991
2.385 -2.64486
2.386 -2.64978
2.387 -3.30529
2.388 -3.76648
2.389 -3.19626
2.39 -2.78879
2.391 -3.21689
2.392 -2.84496
2.393 -3.8241
2.394 -4.4713
2.395 -3.008
2.396 -3.34653
2.397 -2.97703
2.398 -2.75626
2.399 -2.86542
2.4 -3.18232
2.401 -3.2423
2.402 -3.04626
2.403 -3.35076
2.404 -4.58125
2.405 -4.50802
2.406 -3.53461
2.407 -4.20426
2.408 -3.8979
2.409 -4.07213
2.41 -3.33322
2.411 -3.00341
2.412 -4.29064
2.413 -3.34906
2.414 -3.09915
2.415 -3.24981
2.416 -3.37824
2.417 -3.42544
2.418 -2.80539
2.419 -2.78774
2.42 -3.00565
2.421 -3.43889
2.422 -2.91316
2.423 -4.40291
2.424 -2.87817
2.425 -2.96706
2.426 -3.66256
2.427 -2.7202
2.428 -2.94741
2.429 -3.18108
2.43 -2.60506
2.431 -3.18063
2.432 -3.59876
2.433 -2.90625
2.434 -2.82302
2.435 -4.27812
2.436 -3.96792
2.437 -3.24134
2.438 -3.19275
2.439 -3.25207
2.44 -4.01354
2.441 -3.91499
2.442 -4.35596
2.443 -2.75063
2.444 -2.7707
2.445 -3.01121
2.446 -3.09657
2.447 -3.31453
2.449 -3.00372
2.45 -4.63275
2.451 -3.05735
2.452 -2.9094
2.454 -2.92635
2.455 -3.20143
2.456 -3.75652
2.457 -3.0714
2.458 -2.95689
2.459 -3.37518
2.461 -3.20778
2.462 -3.3779
2.464 -3.13711
2.465 -2.58483
2.466 -3.3673
2.467 -3.11024
2.468 -3.32532
2.469 -3.19401
2.47 -3.24033
2.471 -2.73423
2.473 -3.19851
2.474 -4.29602
2.475 -4.88447
2.476 -3.21021
2.477 -2.83986
2.478 -2.82991
2.479 -4.66111
2.48 -2.92883
2.481 -3.01707
2.482 -2.76595
2.483 -3.10251
2.484 -3.24825
2.485 -2.88222
2.486 -2.70077
2.487 -2.80043
2.488 -3.09957
2.489 -3.37876
2.49 -2.93796
2.491 -3.12171
2.492 -2.62262
2.493 -3.20978
2.494 -3.47626
2.495 -3.01187
2.496 -4.65245
2.497 -3.18136
2.498 -3.08157
2.499 -2.83643
2.5 -3.01264
2.501 -4.06729
2.502 -3.62034
2.503 -5.57518
2.504 -3.82171
2.505 -2.96726
2.506 -3.21376
2.507 -2.83562
2.509 -3.21957
2.51 -5.05912
2.511 -2.78882
2.512 -3.10366
2.513 -4.70337
2.515 -2.9394
2.516 -3.00381
2.518 -2.77792
2.519 -3.2638
2.52 -3.11576
2.521 -2.92296
2.522 -2.68062
2.525 -3.34694
2.526 -3.37895
2.528 -3.05654
2.529 -4.38144
2.53 -5.64392
2.532 -2.93872
2.533 -4.14403
2.534 -2.82396
2.536 -3.07657
2.538 -3.25687
2.539 -3.10939
2.54 -4.44873
2.541 -3.23415
2.543 -3.37757
2.544 -3.50018
2.545 -3.41827
2.546 -3.38443
2.547 -2.95863
2.549 -3.15848
2.55 -3.39249
2.551 -4.44868
2.553 -2.8045
2.555 -3.44345
2.557 -4.7114
2.558 -3.02413
2.56 -3.37971
2.561 -4.45512
2.562 -3.19875
2.563 -3.06819
2.564 -3.4875
2.565 -3.27388
2.566 -3.41373
2.568 -3.57525
2.569 -3.34189
2.57 -2.94148
2.572 -4.98979
2.573 -4.34056
2.574 -3.06252
2.575 -2.81223
2.576 -3.22591
2.578 -4.22715
2.579 -3.42234
2.58 -3.07613
2.581 -2.91297
2.582 -3.22753
2.583 -3.27703
2.584 -3.03116
2.585 -2.84907
2.586 -3.20743
2.587 -2.76728
2.589 -2.90821
2.591 -3.40698
2.592 -3.10017
2.593 -4.98588
2.594 -3.42457
2.595 -3.23238
2.597 -3.07689
2.598 -4.95155
2.599 -3.2709
2.6 -3.38462
2.601 -4.38761
2.602 -2.84374
2.604 -3.38203
2.606 -3.38975
2.607 -4.54477
2.609 -3.18688
2.61 -3.27208
2.611 -3.03842
2.612 -2.75916
2.614 -2.67569
2.616 -3.02308
2.617 -4.92224
2.618 -4.33399
2.619 -3.71399
2.62 -4.46455
2.622 -3.67219
2.623 -4.28556
2.624 -3.29259
2.625 -3.10822
2.627 -3.23424
2.628 -4.63318
2.629 -3.09238
2.63 -2.94748
2.631 -2.93975
2.632 -3.49498
2.633 -3.41187
2.634 -3.17847
2.635 -2.85538
2.636 -3.10296
2.639 -2.92905
2.64 -4.86919
2.641 -3.24395
2.642 -4.901
2.643 -2.85905
2.644 -2.83306
2.645 -2.63962
2.646 -3.38864
2.647 -3.75263
2.648 -4.58783
2.649 -3.12796
2.65 -3.19361
2.651 -3.41024
2.652 -2.72722
2.653 -3.07744
2.654 -2.94115
2.655 -2.8239
2.657 -4.35072
2.66 -3.26022
2.661 -2.92183
2.662 -5.23517
2.663 -3.38169
2.664 -3.23949
2.665 -3.10416
2.666 -2.80094
2.667 -3.80654
2.668 -3.37393
2.67 -2.99998
2.671 -4.12161
2.672 -2.52865
2.673 -3.16505
2.674 -3.71056
2.675 -2.92854
2.676 -2.69415
2.677 -2.9424
2.678 -3.4294
2.679 -3.11936
2.68 -3.02044
2.681 -2.76697
2.682 -3.30089
2.683 -4.58084
2.684 -3.02105
2.685 -4.9331
2.686 -2.79593
2.687 -3.18139
2.688 -4.44985
2.689 -3.1734
2.69 -3.2725
2.691 -3.22752
2.692 -3.61
2.693 -3.00934
2.694 -5.63919
2.695 -3.70946
2.697 -2.96504
2.698 -3.441
2.699 -4.13733
2.7 -2.90098
2.702 -3.7933
2.703 -3.38597
2.704 -3.05263
2.705 -3.0081
2.706 -2.98593
2.708 -2.98233
2.709 -2.75732
2.71 -3.66256
2.711 -5.08581
2.712 -3.35627
2.713 -3.03805
2.714 -3.26296
2.715 -3.38025
2.716 -2.84384
2.717 -3.24138
2.718 -4.00951
2.719 -4.75344
2.72 -3.82171
2.721 -3.49912
2.722 -2.83244
2.723 -3.6256
2.725 -3.40047
2.728 -2.875
2.729 -3.11651
2.73 -2.96956
2.731 -2.78649
2.734 -2.63938
2.735 -2.56192
2.736 -4.45002
2.737 -3.02401
2.739 -2.75263
2.74 -4.45019
2.741 -3.57289
2.742 -3.40043
2.744 -3.06274
2.745 -4.63489
2.746 -3.06583
2.747 -3.20069
2.748 -3.27038
2.75 -3.4945
2.751 -3.94299
2.752 -2.68028
2.753 -3.33589
2.754 -3.26556
2.755 -2.74575
2.756 -3.07083
2.758 -3.01445
2.759 -4.21333
2.76 -2.91285
2.761 -4.85055
2.762 -3.19683
2.763 -4.22772
2.764 -3.41309
2.765 -2.87917
2.766 -3.26776
2.767 -3.22752
2.768 -4.32464
2.77 -2.79023
2.771 -2.67644
2.772 -3.20442
2.775 -2.71613
2.776 -3.24122
2.778 -3.36079
2.779 -4.1524
2.78 -3.40272
2.782 -3.21215
2.784 -2.52967
2.785 -3.1476
2.786 -3.04577
2.787 -4.29237
2.788 -2.72197
2.789 -3.86873
2.791 -3.2098
2.794 -4.45058
2.795 -3.04101
2.796 -3.39726
2.797 -3.25104
2.798 -2.88074
2.799 -3.33318
2.8 -4.15956
2.801 -4.91154
2.802 -3.37759
2.803 -4.04687
2.804 -2.74828
2.805 -4.8441
2.806 -5.1019
2.807 -2.78691
2.808 -3.52997
2.809 -2.83329
2.811 -2.91889
2.812 -2.74506
2.813 -3.39023
2.814 -3.06736
2.815 -2.61395
2.816 -3.33743
2.818 -4.50082
2.819 -3.04338
2.821 -3.07803
2.822 -3.36608
2.823 -4.80374
2.824 -4.3137
2.825 -3.47495
2.826 -2.76268
2.828 -3.11373
2.829 -2.88406
2.83 -3.2883
2.831 -3.20754
2.832 -4.11616
2.833 -3.40529
2.834 -2.65259
2.835 -3.1131
2.838 -3.23801
2.839 -3.02483
2.84 -3.41095
2.841 -4.30724
2.842 -3.07684
2.843 -4.8409
2.844 -3.54511
2.845 -2.9905
2.846 -2.9545
2.847 -4.62486
2.848 -4.34993
2.85 -3.09232
2.852 -3.4257
2.853 -2.92267
2.855 -3.39548
2.856 -3.84506
2.857 -3.20711
2.858 -3.2542
2.859 -3.00967
2.861 -3.20418
2.862 -4.45838
2.863 -4.37576
2.864 -4.06985
2.865 -3.10491
2.866 -2.45516
2.867 -3.19483
2.868 -2.98839
2.869 -3.38188
2.871 -4.8314
2.872 -4.68336
2.873 -2.97
2.874 -2.92377
2.875 -2.68519
2.876 -3.44444
2.877 -4.98436
2.878 -3.23895
2.879 -2.70281
2.881 -2.85681
2.882 -3.9134
2.883 -2.92012
2.885 -4.2711
2.886 -3.01169
2.887 -4.46229
2.888 -3.9605
2.889 -3.8579
2.89 -3.54072
2.891 -3.39607
2.892 -4.57229
2.893 -2.85948
2.894 -3.56492
2.895 -2.94064
2.897 -4.80075
2.898 -3.27189
2.899 -3.83451
2.9 -3.33868
2.902 -3.58333
2.903 -2.59569
2.904 -3.23624
2.906 -2.74487
2.907 -3.09987
2.908 -3.84515
2.909 -2.86743
2.91 -4.44626
2.911 -4.79777
2.912 -3.40803
2.913 -3.29033
2.914 -2.80864
2.915 -2.70792
2.916 -3.37532
2.917 -3.96484
2.918 -4.06692
2.919 -3.09973
2.92 -2.84346
2.921 -2.35885
2.922 -4.47878
2.923 -4.70927
2.924 -5.07011
2.925 -3.38654
2.926 -2.79207
2.927 -3.38601
2.928 -2.56598
2.929 -4.46625
2.93 -2.94814
2.931 -3.52049
2.932 -2.86388
2.933 -4.17745
2.934 -2.72718
2.935 -2.99074
2.936 -3.0044
2.937 -3.08251
2.938 -4.46811
2.939 -2.87046
2.94 -2.82679
2.941 -3.46647
2.942 -3.63557
2.944 -3.3096
2.945 -3.30852
2.946 -4.49089
2.947 -3.56423
2.948 -2.90383
2.949 -3.82623
2.95 -2.70986
2.951 -3.39676
2.952 -3.23016
2.953 -3.17195
2.954 -2.91688
2.955 -3.29785
2.956 -3.24484
2.957 -3.21605
2.958 -3.1615
2.959 -4.47722
2.961 -3.22936
2.962 -2.88342
2.963 -2.92791
2.965 -2.74903
2.967 -3.20347
2.968 -3.155
2.969 -2.60375
2.97 -3.93063
2.971 -3.02734
2.972 -3.22759
2.973 -3.15534
2.974 -4.51417
2.975 -3.37333
2.976 -4.66335
2.977 -3.28328
2.978 -3.48951
2.979 -2.62651
2.98 -3.6405
2.981 -4.49572
2.984 -2.93218
2.986 -3.08851
2.988 -3.0471
2.991 -2.94357
2.992 -3.23508
2.993 -4.26797
2.994 -3.79465
2.995 -4.49672
2.996 -2.64623
2.997 -3.35595
2.998 -4.69066
3.001 -3.87143
3.002 -3.34136
3.003 -3.00457
3.004 -3.24227
3.005 -4.50294
3.006 -3.37214
3.007 -4.48722
3.008 -3.21719
3.009 -3.47769
3.01 -4.21244
3.011 -3.33678
3.012 -5.0983
3.013 -2.79002
3.015 -3.09116
3.016 -4.29339
3.017 -2.91015
3.018 -2.83082
3.02 -3.19894
3.021 -3.50065
3.022 -5.46295
3.023 -2.91072
3.024 -3.27267
3.025 -3.25698
3.026 -3.14737
3.027 -3.11922
3.028 -3.28023
3.029 -4.69306
3.03 -3.52229
3.031 -4.69548
3.032 -4.95591
3.033 -3.08387
3.034 -3.6567
3.035 -2.74121
3.036 -4.54429
3.037 -3.10431
3.038 -3.08488
3.039 -3.22697
3.04 -4.05476
3.041 -3.87924
3.042 -3.02176
3.043 -4.31068
3.044 -2.9129
3.045 -2.75536
3.046 -3.00064
3.047 -2.98063
3.048 -4.52395
3.049 -3.3191
3.05 -2.99999
3.051 -2.91856
3.052 -2.9719
3.053 -2.96758
3.054 -4.09034
3.055 -2.9483
3.056 -3.79816
3.057 -3.02557
3.058 -3.06661
3.059 -3.20646
3.06 -3.22335
3.061 -4.54422
3.062 -2.64702
3.063 -3.38843
3.065 -4.07022
3.066 -2.82342
3.067 -3.13188
3.068 -2.85156
3.069 -3.32911
3.07 -3.8949
3.071 -3.00613
3.072 -4.30913
3.073 -4.08398
3.074 -3.07982
3.075 -2.70766
3.076 -3.94148
3.077 -4.60355
3.078 -3.6479
3.08 -3.2865
3.081 -2.98313
3.084 -2.95378
3.086 -3.33305
3.088 -3.24912
3.089 -4.62463
3.09 -3.01085
3.091 -3.24085
3.092 -3.01635
3.093 -4.50842
3.094 -3.34609
3.095 -3.32687
3.096 -3.21874
3.099 -3.18732
3.1 -3.09443
3.103 -2.7571
3.104 -2.97847
3.105 -5.07358
3.106 -2.9533
3.107 -2.95038
3.108 -3.41114
3.109 -2.94409
3.11 -2.90053
3.111 -5.38156
3.114 -3.88449
3.115 -3.2315
3.117 -5.05982
3.121 -3.52148
3.122 -2.58782
3.124 -3.09964
3.125 -2.75493
3.126 -3.20505
3.127 -2.47475
3.128 -5.18166
3.129 -2.7952
3.131 -3.38939
3.132 -3.38939
3.133 -3.57174
3.134 -3.57174
3.135 -3.41114
3.136 -5.82963
3.137 -2.96427
3.139 -2.64265
3.14 -3.41205
3.142 -3.55316
3.143 -5.44751
3.145 -3.8136
3.147 -3.78982
3.149 -2.94897
3.15 -3.17118
3.152 -3.16752
3.153 -2.93898
3.154 -2.9165
3.155 -3.08593
3.156 -3.39181
3.158 -3.38163
3.159 -3.06566
3.16 -3.42478
3.161 -3.21324
3.162 -3.41309
3.163 -3.20134
3.165 -3.61857
3.166 -2.9192
3.167 -3.45395
3.168 -3.06275
3.169 -3.22907
3.17 -3.01717
3.171 -3.37331
3.173 -2.75944
3.174 -3.1043
3.175 -2.54891
3.176 -2.90915
3.177 -2.63449
3.178 -2.7324
3.179 -4.62493
3.18 -3.4097
3.181 -3.40989
3.182 -3.24838
3.183 -5.05643
3.185 -3.24687
3.186 -4.72039
3.187 -4.51655
3.188 -3.23904
3.191 -2.83938
3.192 -3.1047
3.193 -2.78993
3.194 -2.79398
3.197 -2.75725
3.198 -3.1192
3.199 -3.15454
3.2 -2.87845
3.201 -4.9889
3.202 -3.49439
3.204 -2.91688
3.205 -3.10687
3.206 -3.40035
3.207 -3.10963
3.208 -4.02739
3.209 -3.16494
3.21 -2.86904
3.211 -3.12933
3.212 -2.64545
3.213 -5.04634
3.214 -3.44164
3.215 -3.00001
3.217 -3.19565
3.218 -3.05916
3.219 -3.04971
3.22 -4.89223
3.222 -3.41092
3.223 -3.21575
3.224 -2.93047
3.225 -2.89187
3.226 -2.86265
3.227 -3.08534
3.229 -3.38888
3.23 -3.31981
3.232 -3.6395
3.233 -3.09536
3.236 -2.95061
3.238 -3.1843
3.24 -3.34131
3.241 -4.62479
3.242 -5.0364
3.243 -2.63306
3.244 -3.10046
3.247 -3.76389
3.248 -3.73996
3.251 -3.47961
3.252 -2.81072
3.256 -3.04072
3.257 -5.49879
3.258 -4.98661
3.259 -3.16791
3.26 -4.88133
3.265 -3.39052
3.269 -3.09461
3.27 -2.90279
3.273 -3.22811
3.274 -3.28122
3.275 -3.72303
3.276 -3.94755
3.278 -4.72073
3.279 -2.71223
3.28 -4.84269
3.281 -3.25293
3.283 -2.76708
3.284 -2.95504
3.285 -4.93925
3.287 -2.95281
3.288 -3.38022
3.289 -2.94415
3.291 -3.27936
3.293 -2.97486
3.295 -3.10211
3.296 -2.96503
3.298 -5.40291
3.299 -2.9909
3.306 -4.95627
3.307 -3.99795
3.309 -3.42468
3.31 -3.71414
3.311 -3.42628
3.312 -5.39216
3.313 -3.03331
3.314 -3.68052
3.315 -3.45862
3.317 -2.9028
3.318 -2.94875
3.319 -3.21347
3.32 -3.22904
3.321 -4.94769
3.322 -4.70957
3.323 -3.91348
3.325 -4.62469
3.326 -2.7507
3.328 -5.38861
3.329 -3.39632
3.33 -3.39632
3.331 -3.39213
3.332 -4.23091
3.333 -3.86939
3.335 -3.39089
3.337 -3.40533
3.34 -2.9365
3.345 -3.256
3.347 -2.88054
3.349 -2.97931
3.35 -3.39373
3.351 -3.23321
3.352 -4.94205
3.353 -3.10455
3.354 -4.39286
3.356 -3.39571
3.357 -4.47574
3.36 -2.94553
3.361 -3.36428
3.362 -3.32704
3.364 -2.62196
3.366 -3.13432
3.367 -2.96717
3.368 -3.64122
3.369 -3.21633
3.371 -2.81819
3.372 -3.40535
3.376 -4.55353
3.377 -4.28312
3.378 -4.46949
3.38 -4.62575
3.382 -3.6781
3.384 -2.94446
3.385 -3.39213
3.386 -3.37957
3.387 -3.12951
3.388 -3.26804
3.39 -4.62461
3.391 -4.62465
3.394 -3.35235
3.395 -4.92745
3.396 -4.97382
3.397 -4.37698
3.398 -3.71343
3.4 -2.8154
3.401 -2.92995
3.402 -3.208
3.404 -4.64798
3.405 -3.29147
3.406 -3.29403
3.411 -3.66037
3.412 -3.84147
3.413 -3.54607
3.415 -3.3339
3.416 -2.76083
3.417 -3.00539
3.418 -2.95081
3.42 -3.52178
3.421 -3.70609
3.422 -3.64823
3.424 -3.52178
3.425 -5.31478
3.427 -3.69668
3.428 -4.91739
3.429 -3.38105
3.431 -5.36425
3.432 -3.09885
3.434 -3.26207
3.435 -4.62469
3.436 -3.21638
3.437 -4.02487
3.438 -3.09128
3.439 -2.97062
3.44 -3.24795
3.441 -3.74986
3.442 -3.70609
3.443 -2.69035
3.445 -4.62511
3.446 -3.20202
3.448 -3.17731
3.449 -3.22211
3.45 -3.22587
3.452 -3.39559
3.453 -4.62486
3.456 -4.65811
3.458 -4.23437
3.459 -3.35235
3.461 -4.92764
3.462 -3.17411
3.463 -2.58713
3.465 -3.04709
3.466 -3.25708
3.467 -4.67362
3.468 -4.9068
3.469 -3.09305
3.47 -3.58937
3.473 -5.36083
3.475 -3.19378
3.477 -3.73825
3.478 -3.91412
3.479 -2.96443
3.481 -3.43332
3.482 -2.90077
3.485 -2.91325
3.486 -3.5116
3.487 -4.89901
3.488 -3.30437
3.489 -4.62607
3.49 -2.64004
3.492 -3.2033
3.493 -3.02295
3.497 -2.87569
3.498 -4.40362
3.499 -3.66975
3.501 -3.15855
3.504 -3.63937
3.505 -3.41314
3.508 -4.87153
3.509 -3.24181
3.511 -3.75185
3.513 -3.26126
3.515 -4.2004
3.516 -3.21062
3.517 -3.40798
3.518 -4.93647
3.519 -2.85747
3.52 -4.92566
3.523 -2.95674
3.526 -3.73714
3.527 -2.75425
3.529 -2.90394
3.53 -3.39554
3.532 -2.96723
3.535 -2.53105
3.537 -4.97378
3.538 -5.34402
3.539 -3.21028
3.54 -4.62858
3.542 -4.92587
3.543 -3.06993
3.544 -5.34735
3.547 -3.94024
3.548 -3.75267
3.549 -5.27187
3.551 -2.91966
3.552 -4.92708
3.553 -2.93277
3.554 -2.88228
3.555 -3.29969
3.556 -4.37912
3.557 -5.3407
3.559 -3.01003
3.56 -2.98526
3.561 -3.36173
3.563 -3.25804
3.566 -4.62778
3.567 -3.03375
3.568 -3.23772
3.57 -4.91206
3.571 -3.24661
3.572 -4.62644
3.573 -3.26128
3.574 -5.00102
3.575 -4.63444
3.577 -4.76864
3.578 -3.75832
3.581 -3.70591
3.585 -4.12088
3.586 -3.48404
3.587 -2.85324
3.588 -5.30847
3.589 -2.96294
3.59 -2.92973
3.591 -2.92159
3.592 -4.6283
3.593 -4.77951
3.594 -4.63013
3.595 -2.85208
3.597 -3.04306
3.601 -3.92208
3.602 -3.69267
3.603 -3.83833
3.606 -4.90419
3.607 -5.32761
3.608 -3.06986
3.61 -3.75832
3.611 -3.09867
3.613 -3.30546
3.614 -4.99491
3.616 -4.54926
3.617 -3.25152
3.619 -3.54326
3.621 -3.54326
3.624 -3.40839
3.625 -2.81742
3.627 -3.4981
3.629 -4.89389
3.632 -3.37154
3.634 -3.07084
3.635 -3.38494
3.636 -2.83664
3.637 -3.10054
3.639 -3.26503
3.642 -4.92661
3.646 -4.63155
3.647 -3.80289
3.649 -3.06575
3.65 -2.76774
3.653 -4.76237
3.654 -3.54057
3.655 -2.75169
3.656 -3.55342
3.657 -3.31224
3.658 -4.08348
3.659 -2.74669
3.662 -2.75953
3.664 -3.47343
3.665 -3.47343
3.668 -4.18819
3.67 -2.89302
3.671 -5.26307
3.672 -3.96946
3.673 -3.21549
3.674 -4.43569
3.677 -2.92293
3.68 -3.21824
3.682 -4.34214
3.687 -2.90654
3.689 -3.24894
3.69 -4.16273
3.691 -4.85725
3.692 -3.72913
3.693 -3.23178
3.695 -3.32571
3.696 -3.23745
3.697 -3.8114
3.698 -3.15074
3.7 -3.05668
3.702 -3.37837
3.703 -3.1653
3.706 -2.63684
3.709 -5.30221
3.71 -2.96207
3.712 -4.45265
3.715 -3.24002
3.717 -4.86196
3.718 -3.56326
3.72 -3.3321
3.724 -4.45913
3.726 -3.96
3.727 -3.26899
3.728 -3.25837
3.73 -4.68509
3.732 -2.9461
3.733 -3.06975
3.734 -4.63082
3.735 -5.29602
3.736 -3.28258
3.737 -2.62426
3.738 -2.99117
3.74 -2.9421
3.741 -2.75468
3.743 -4.9258
3.746 -4.64416
3.747 -4.63835
3.749 -4.65484
3.75 -3.46092
3.751 -3.49125
3.752 -4.02359
3.753 -3.26206
3.755 -3.03876
3.756 -4.83895
3.757 -4.92562
3.758 -4.81727
3.759 -5.24306
3.761 -3.32476
3.762 -4.64545
3.763 -3.69999
3.764 -4.67378
3.765 -2.9462
3.767 -4.2812
3.768 -3.08206
3.77 -3.98341
3.771 -4.44194
3.772 -5.28989
3.773 -4.84345
3.774 -3.24951
3.775 -3.98055
3.779 -2.93507
3.78 -4.21019
3.781 -3.2636
3.783 -3.48188
3.785 -3.43592
3.786 -4.40654
3.787 -3.63332
3.79 -3.72234
3.791 -4.42698
3.792 -4.73368
3.793 -3.13736
3.794 -4.83013
3.795 -5.27483
3.797 -4.63399
3.802 -3.25232
3.803 -4.80488
3.806 -3.23632
3.809 -2.72774
3.81 -3.11174
3.811 -4.63782
3.815 -2.93678
3.816 -3.01721
3.817 -2.94474
3.82 -3.51727
3.821 -3.08942
3.822 -4.82579
3.823 -2.83756
3.824 -3.11749
3.826 -4.63888
3.827 -2.94543
3.828 -3.17004
3.83 -3.15631
3.832 -2.88267
3.834 -3.24649
3.836 -2.9408
3.837 -3.38475
3.839 -3.9604
3.84 -5.26892
3.843 -3.59089
3.844 -3.13484
3.845 -4.63943
3.846 -3.60959
3.85 -3.50378
3.851 -4.78335
3.852 -4.80692
3.853 -4.64885
3.854 -2.8025
3.858 -4.92587
3.86 -4.66789
3.862 -4.80286
3.865 -3.42102
3.867 -4.76685
3.868 -3.3947
3.869 -3.23935
3.87 -4.58923
3.872 -3.40397
3.875 -4.38021
3.88 -3.52505
3.882 -3.40397
3.883 -3.32882
3.885 -3.30434
3.888 -4.70386
3.889 -4.76332
3.891 -4.24402
3.892 -4.65564
3.893 -3.73101
3.894 -3.38588
3.895 -3.20685
3.896 -4.60517
3.899 -3.43062
3.9 -4.55936
3.901 -4.7564
3.903 -3.23781
3.905 -4.46125
3.906 -4.78147
3.908 -4.63356
3.91 -4.52681
3.912 -3.24865
3.913 -4.7759
3.914 -3.54615
3.915 -4.34546
3.917 -4.29333
3.918 -4.65328
3.919 -3.27018
3.922 -4.64611
3.923 -3.18338
3.924 -4.64956
3.925 -5.13774
3.928 -4.24305
3.929 -4.59126
3.93 -4.66063
3.932 -2.99261
3.933 -3.31471
3.934 -3.87117
3.936 -3.19487
3.937 -2.77184
3.938 -3.26075
3.939 -5.2052
3.943 -3.22037
3.944 -3.23948
3.945 -3.38063
3.947 -4.75984
3.948 -4.66418
3.949 -3.75356
3.95 -2.97954
3.951 -4.25565
3.953 -5.22648
3.955 -4.74475
3.956 -4.66695
3.957 -4.37798
3.958 -4.40636
3.959 -4.67584
3.961 -4.68447
3.962 -4.20795
3.963 -3.227
3.964 -4.71463
3.965 -3.58878
3.966 -4.73994
3.968 -4.72464
3.969 -4.24617
3.971 -4.38603
3.972 -4.6748
3.973 -4.41794
3.974 -2.95264
3.975 -4.33868
3.976 -4.00084
3.977 -4.23616
3.979 -4.4032
3.98 -4.21174
3.981 -4.72028
3.982 -2.93383
3.983 -4.21796
3.984 -4.40627
3.985 -4.2946
3.986 -3.53373
3.987 -4.39279
3.988 -3.01021
3.99 -3.26197
3.994 -4.73594
3.996 -3.45799
3.998 -3.31689
4.001 -4.92676
4.002 -3.47966
4.003 -3.20786
4.005 -4.79101
4.007 -3.2751
4.009 -3.22969
4.013 -3.24263
4.023 -4.92691
4.025 -3.28509
4.028 -4.92562
4.03 -2.95379
4.031 -3.23864
4.033 -3.46514
4.035 -3.20629
4.041 -3.22908
4.042 -4.69626
4.045 -5.23195
4.047 -2.92665
4.05 -4.92564
4.051 -5.1513
4.054 -3.2435
4.058 -5.17497
4.064 -3.24803
4.067 -4.92726
4.069 -5.20781
4.072 -2.93754
4.075 -3.29976
4.077 -4.92612
4.081 -3.22665
4.083 -4.66003
4.086 -2.96661
4.091 -4.36556
4.093 -3.59118
4.096 -3.59118
4.1 -3.23039
4.104 -5.21044
4.106 -5.20002
4.108 -3.24443
4.109 -5.17254
4.11 -3.21677
4.112 -2.94491
4.113 -2.93925
4.114 -3.22656
4.116 -2.94816
4.12 -3.84021
4.125 -3.3339
4.128 -5.1536
4.129 -4.9513
4.131 -4.74313
4.132 -4.73523
4.133 -3.19821
4.134 -3.8622
4.136 -2.93973
4.141 -2.94787
4.146 -3.65784
4.147 -3.30832
4.148 -3.17939
4.15 -3.25117
4.155 -2.97559
4.156 -3.27032
4.159 -3.39571
4.162 -3.21904
4.165 -4.72485
4.171 -3.24803
4.173 -3.28225
4.175 -3.26736
4.178 -3.29166
4.183 -3.21024
4.185 -5.17987
4.188 -3.50734
4.189 -2.94197
4.191 -5.00229
4.193 -2.9401
4.195 -2.94163
4.197 -3.34337
4.199 -5.18234
4.203 -3.28281
4.205 -3.25134
4.207 -2.93597
4.211 -3.24592
4.213 -2.91584
4.214 -3.30291
4.221 -2.5747
4.223 -3.31436
4.228 -2.94847
4.234 -4.63273
4.236 -2.92727
4.237 -3.08905
4.24 -3.21841
4.241 -4.92931
4.246 -3.2732
4.247 -3.2732
4.248 -2.96287
4.253 -2.98659
4.254 -3.29976
4.255 -3.2748
4.257 -3.36511
4.258 -3.24443
4.263 -4.92661
4.265 -4.74967
4.267 -4.67178
4.269 -4.92647
4.271 -3.54127
4.272 -5.02565
4.273 -3.36511
4.274 -3.96431
4.277 -3.23359
4.281 -2.93851
4.289 -3.2461
4.29 -3.49057
4.292 -5.15826
4.297 -4.76372
4.299 -5.1606
4.301 -2.91158
4.304 -4.93018
4.307 -4.87394
4.308 -2.90906
4.314 -2.91456
4.321 -3.5594
4.322 -2.76519
4.325 -3.2462
4.326 -3.2461
4.328 -3.22358
4.329 -3.23549
4.334 -5.17741
4.336 -4.92745
4.341 -3.6151
4.343 -2.96803
4.351 -5.14446
4.353 -3.6151
4.354 -3.2751
4.355 -5.03623
4.359 -3.4779
4.36 -5.12465
4.366 -3.94467
4.367 -5.13996
4.38 -4.9283
4.384 -4.99482
4.386 -3.245
4.387 -4.81307
4.388 -4.83673
4.391 -5.10589
4.392 -4.93219
4.394 -4.93183
4.402 -5.13332
4.403 -3.80483
4.405 -2.94561
4.415 -2.96279
4.418 -5.1422
4.427 -4.97789
4.429 -4.40896
4.43 -4.92807
4.439 -5.13552
4.443 -2.98488
4.446 -4.93256
4.449 -2.93808
4.45 -3.24592
4.453 -4.96339
4.459 -3.20691
4.466 -5.09592
4.471 -4.97684
4.476 -4.97479
4.484 -4.93415
4.489 -2.93616
4.494 -2.89037
4.495 -4.93457
4.5 -5.19236
4.504 -3.22309
4.508 -2.93906
4.509 -2.93617
4.516 -5.1141
4.517 -2.94658
4.523 -4.93049
4.526 -3.20859
4.531 -3.28645
4.532 -4.94272
4.535 -5.08436
4.542 -4.94779
4.551 -3.25141
4.552 -4.93636
4.553 -5.13113
4.557 -2.93677
4.561 -4.93114
4.562 -4.61759
4.564 -5.10793
4.566 -5.09987
4.568 -3.86048
4.573 -5.07875
4.579 -3.86048
4.58 -5.11828
4.586 -3.25141
4.593 -4.42173
4.597 -3.28645
4.598 -4.93148
4.599 -5.10187
4.6 -3.27429
4.603 -5.09202
4.606 -5.07507
4.608 -5.18732
4.613 -3.50879
4.616 -3.15401
4.618 -5.09396
4.619 -4.93936
4.626 -4.70293
4.644 -4.94646
4.646 -5.08626
4.647 -4.70365
4.658 -4.94099
4.66 -4.74777
4.666 -5.05741
4.669 -3.02008
4.671 -5.12896
4.68 -5.05235
4.693 -3.21233
4.694 -4.93732
4.696 -5.07325
4.699 -5.05571
4.702 -2.96368
4.706 -5.05068
4.707 -4.94332
4.711 -3.70366
4.713 -4.94393
4.715 -4.70776
4.719 -4.9359
4.722 -5.06433
4.729 -4.9591
4.73 -5.06965
4.733 -5.06786
4.734 -4.73528
4.735 -4.93683
4.736 -4.99006
4.743 -5.06609
4.745 -5.04254
4.751 -5.05912
4.754 -5.06085
4.756 -4.93374
4.758 -4.93781
4.759 -5.03779
4.773 -4.94847
4.776 -5.03163
4.785 -4.95353
4.797 -3.67752
4.803 -4.95203
4.806 -5.04576
4.808 -5.04903
4.815 -3.51935
4.818 -4.93832
4.82 -4.94712
4.822 -5.00487
4.823 -4.68492
4.825 -4.95277
4.833 -5.04094
4.835 -4.99727
4.836 -4.94986
4.839 -5.01563
4.841 -4.95745
4.843 -5.03012
4.848 -5.03315
4.849 -5.03623
4.852 -4.97082
4.853 -4.95585
4.856 -4.67731
4.857 -4.68368
4.861 -5.02713
4.866 -4.9718
4.87 -4.94454
4.872 -5.01986
4.873 -5.02419
4.874 -4.58825
4.875 -2.94876
4.876 -5.00102
4.877 -4.95993
4.882 -5.01844
4.883 -4.65003
4.888 -4.96251
4.889 -4.6514
4.891 -4.96702
4.892 -5.02129
4.893 -5.00357
4.894 -4.96796
4.895 -4.935
4.896 -4.95665
4.897 -4.9985
4.898 -4.9889
4.906 -4.96164
4.91 -4.67483
4.911 -5.01151
4.912 -5.01016
4.914 -5.02565
4.916 -4.97894
4.917 -4.96519
4.918 -4.67663
4.92 -4.99604
4.922 -4.98326
4.927 -4.97479
4.929 -4.99976
4.931 -4.97581
4.934 -4.98661
4.935 -4.97789
4.936 -4.50395
4.937 -4.49379
4.938 -4.71948
4.939 -4.6885
4.94 -4.68315
4.943 -5.03936
4.946 -4.98108
4.948 -5.00882
4.964 -4.98436
4.968 -4.55456
4.97 -4.99124
4.981 -3.05778
5.002 -4.94916
5.027 -5.01703
5.051 -4.98
5.103 -4.94044
5.109 -5.07144
5.13 -3.434
5.377 -5.00749
5.981 -3.40108
 
 
